# WAVELENGTH THROUGHPUT
500.0 0.0
998.0 0.0
999.0 0.0
1000.0 0.0
1010.0 0.0
1020.0 0.0
1030.0 0.0
1040.0 0.0
1050.0 0.0
1060.0 0.0
1070.0 0.0
1080.0 0.0
1090.0 0.0
1100.0 0.0
1110.0 0.0
1120.0 0.0
1130.0 0.0
1140.0 0.0
1150.0 0.0
1160.0 0.0
1170.0 0.0
1180.0 0.0
1190.0 0.0
1200.0 0.0
1210.0 0.0
1220.0 0.0
1230.0 0.0
1240.0 0.0
1250.0 0.0
1260.0 0.0
1270.0 0.0
1280.0 0.0
1290.0 0.0
1300.0 0.0
1310.0 0.0
1320.0 0.0
1330.0 0.0
1340.0 0.0
1350.0 0.0
1360.0 0.0
1370.0 0.0
1380.0 0.0
1390.0 0.0
1400.0 0.0
1410.0 0.0
1420.0 0.0
1430.0 0.0
1440.0 0.0
1450.0 0.0
1460.0 0.0
1470.0 0.0
1480.0 0.0
1490.0 0.0
1500.0 0.0
1510.0 0.0
1520.0 0.0
1530.0 0.0
1540.0 0.0
1550.0 0.0
1560.0 0.0
1570.0 0.0
1580.0 0.0
1590.0 0.0
1600.0 0.0
1610.0 0.0
1620.0 0.0
1630.0 0.0
1640.0 0.0
1650.0 0.0
1660.0 0.0
1670.0 0.0
1680.0 0.0
1690.0 0.0
1700.0 0.0
1710.0 0.0
1720.0 0.0
1730.0 0.0
1740.0 0.0
1750.0 0.0
1760.0 0.0
1770.0 0.0
1780.0 0.0
1790.0 0.0
1800.0 0.0
1810.0 0.0
1820.0 0.0
1830.0 0.0
1840.0 0.0
1850.0 0.0
1860.0 0.0
1870.0 0.0
1880.0 0.0
1890.0 0.0
1900.0 0.0
1910.0 0.0
1920.0 0.0
1930.0 0.0
1940.0 0.0
1950.0 0.0
1960.0 0.0
1970.0 0.0
1980.0 0.0
1988.0 0.0
1989.0 0.0
1990.0 0.0
2000.0 0.0
2010.0 0.0
2020.0 0.0
2030.0 0.0
2040.0 0.0
2050.0 0.0
2060.0 0.0
2070.0 0.0
2080.0 0.0
2090.0 0.0
2100.0 0.0
2110.0 0.0
2120.0 0.0
2130.0 0.0
2140.0 0.0
2150.0 0.0
2160.0 0.0
2170.0 0.0
2180.0 0.0
2190.0 0.0
2200.0 0.0
2210.0 0.0
2220.0 0.0
2230.0 0.0
2240.0 0.0
2250.0 0.0
2260.0 0.0
2270.0 0.0
2280.0 0.0
2290.0 0.0
2300.0 0.0
2310.0 0.0
2320.0 0.0
2330.0 0.0
2340.0 0.0
2350.0 0.0
2360.0 0.0
2370.0 0.0
2380.0 0.0
2390.0 0.0
2400.0 0.0
2410.0 0.0
2420.0 0.0
2430.0 0.0
2440.0 0.0
2450.0 0.0
2460.0 0.0
2470.0 0.0
2480.0 0.0
2490.0 0.0
2500.0 0.0
2510.0 0.0
2520.0 0.0
2530.0 0.0
2540.0 0.0
2550.0 0.0
2560.0 0.0
2570.0 0.0
2580.0 0.0
2590.0 0.0
2600.0 0.0
2610.0 0.0
2620.0 0.0
2630.0 0.0
2640.0 0.0
2650.0 0.0
2660.0 0.0
2670.0 0.0
2680.0 0.0
2690.0 0.0
2700.0 0.0
2710.0 0.0
2720.0 0.0
2730.0 0.0
2740.0 0.0
2750.0 0.0
2760.0 0.0
2770.0 0.0
2780.0 0.0
2790.0 0.0
2800.0 0.0
2810.0 0.0
2820.0 0.0
2830.0 0.0
2840.0 0.0
2850.0 0.0
2860.0 0.0
2870.0 0.0
2880.0 0.0
2890.0 0.0
2900.0 0.0
2910.0 0.0
2920.0 0.0
2930.0 0.0
2940.0 0.0
2950.0 0.0
2960.0 0.0
2970.0 0.0
2980.0 0.0
2990.0 0.0
3000.0 0.0
3010.0 0.0
3020.0 0.0
3030.0 0.0
3040.0 0.0
3050.0 0.0
3060.0 0.0
3070.0 0.0
3080.0 0.0
3090.0 0.0
3100.0 0.0
3110.0 0.0
3120.0 0.0
3130.0 0.0
3140.0 0.0
3150.0 0.0
3160.0 0.0
3170.0 0.0
3180.0 0.0
3190.0 0.0
3200.0 0.0
3210.0 0.0
3220.0 0.0
3230.0 0.0
3240.0 0.0
3250.0 0.0
3260.0 0.0
3270.0 0.0
3280.0 0.0
3290.0 0.0
3300.0 0.0
3310.0 0.0
3320.0 0.0
3330.0 0.0
3340.0 0.0
3350.0 0.0
3360.0 0.0
3370.0 0.0
3380.0 0.0
3390.0 0.0
3400.0 0.0
3410.0 0.0
3420.0 0.0
3430.0 0.0
3440.0 0.0
3450.0 0.0
3460.0 0.0
3470.0 0.0
3480.0 0.0
3490.0 0.0
3500.0 0.0
3510.0 0.0
3520.0 0.0
3530.0 0.0
3540.0 0.0
3550.0 0.0
3560.0 0.0
3570.0 0.0
3580.0 0.0
3590.0 0.0
3600.0 0.0
3610.0 0.0
3620.0 0.0
3630.0 0.0
3640.0 0.0
3650.0 0.0
3660.0 0.0
3670.0 0.0
3680.0 0.0
3690.0 0.0
3700.0 0.0
3710.0 0.0
3720.0 0.0
3730.0 0.0
3740.0 0.0
3750.0 0.0
3760.0 0.0
3770.0 0.0
3780.0 0.0
3790.0 0.0
3800.0 0.0
3810.0 0.0
3820.0 0.0
3830.0 0.0
3840.0 0.0
3850.0 0.0
3860.0 0.0
3870.0 0.0
3880.0 0.0
3890.0 0.0
3900.0 0.0
3910.0 0.0
3920.0 0.0
3930.0 0.0
3940.0 0.0
3950.0 0.0
3960.0 0.0
3970.0 0.0
3980.0 0.0
3990.0 0.0
3998.0 0.0
3999.0 0.0
4000.0 0.0
4010.0 0.0
4020.0 0.0
4030.0 0.0
4040.0 0.0
4050.0 0.0
4060.0 0.0
4070.0 0.0
4080.0 0.0
4090.0 0.0
4100.0 0.0
4110.0 0.0
4120.0 0.0
4130.0 0.0
4140.0 0.0
4150.0 0.0
4160.0 0.0
4170.0 0.0
4180.0 0.0
4190.0 0.0
4200.0 0.0
4210.0 0.0
4220.0 0.0
4230.0 0.0
4240.0 0.0
4250.0 0.0
4260.0 0.0
4270.0 0.0
4280.0 0.0
4290.0 0.0
4300.0 0.0
4310.0 0.0
4320.0 0.0
4330.0 0.0
4340.0 0.0
4350.0 0.0
4360.0 0.0
4370.0 0.0
4380.0 0.0
4390.0 0.0
4400.0 0.0
4410.0 0.0
4420.0 0.0
4430.0 0.0
4440.0 0.0
4450.0 0.0
4460.0 0.0
4470.0 0.0
4480.0 0.0
4490.0 0.0
4500.0 0.0
4510.0 0.0
4520.0 0.0
4530.0 0.0
4540.0 0.0
4550.0 0.0
4560.0 0.0
4570.0 0.0
4580.0 0.0
4590.0 0.0
4600.0 0.0
4610.0 0.0
4620.0 0.0
4630.0 0.0
4640.0 0.0
4650.0 0.0
4660.0 0.0
4670.0 0.0
4680.0 0.0
4690.0 0.0
4700.0 0.0
4710.0 0.0
4720.0 0.0
4730.0 0.0
4740.0 0.0
4750.0 0.0
4760.0 0.0
4770.0 0.0
4780.0 0.0
4790.0 0.0
4800.0 0.0
4810.0 0.0
4820.0 0.0
4830.0 0.0
4840.0 0.0
4850.0 0.0
4860.0 0.0
4870.0 0.0
4880.0 0.0
4890.0 0.0
4900.0 0.0
4910.0 0.0
4920.0 0.0
4930.0 0.0
4940.0 0.0
4950.0 0.0
4960.0 0.0
4970.0 0.0
4980.0 0.0
4990.0 0.0
5000.0 0.0
5010.0 0.0
5020.0 0.0
5030.0 0.0
5040.0 0.0
5050.0 0.0
5060.0 0.0
5070.0 0.0
5080.0 0.0
5090.0 0.0
5100.0 0.0
5110.0 0.0
5120.0 0.0
5130.0 0.0
5140.0 0.0
5150.0 0.0
5160.0 0.0
5170.0 0.0
5180.0 0.0
5190.0 0.0
5200.0 0.0
5210.0 0.0
5220.0 0.0
5230.0 0.0
5240.0 0.0
5250.0 0.0
5260.0 0.0
5270.0 0.0
5280.0 0.0
5290.0 0.0
5300.0 0.0
5310.0 0.0
5320.0 0.0
5330.0 0.0
5340.0 0.0
5350.0 0.0
5360.0 0.0
5370.0 0.0
5380.0 0.0
5390.0 0.0
5400.0 0.0
5410.0 0.0
5420.0 0.0
5430.0 0.0
5440.0 0.0
5450.0 0.0
5460.0 0.0
5470.0 0.0
5480.0 0.0
5490.0 0.0
5500.0 0.0
5510.0 0.0
5520.0 0.0
5530.0 0.0
5540.0 0.0
5550.0 0.0
5560.0 0.0
5570.0 0.0
5580.0 0.0
5590.0 0.0
5600.0 0.0
5610.0 0.0
5620.0 0.0
5630.0 0.0
5640.0 0.0
5650.0 0.0
5660.0 0.0
5670.0 0.0
5680.0 0.0
5690.0 0.0
5700.0 0.0
5710.0 0.0
5720.0 0.0
5730.0 0.0
5740.0 0.0
5750.0 0.0
5760.0 0.0
5770.0 0.0
5780.0 0.0
5790.0 0.0
5800.0 0.0
5810.0 0.0
5820.0 0.0
5830.0 0.0
5840.0 0.0
5850.0 0.0
5860.0 0.0
5870.0 0.0
5880.0 0.0
5890.0 0.0
5900.0 0.0
5910.0 0.0
5920.0 0.0
5930.0 0.0
5940.0 0.0
5950.0 0.0
5960.0 0.0
5970.0 0.0
5980.0 0.0
5990.0 0.0
6000.0 0.0
6010.0 0.0
6020.0 0.0
6030.0 0.0
6040.0 0.0
6050.0 0.0
6060.0 0.0
6070.0 0.0
6080.0 0.0
6090.0 0.0
6100.0 0.0
6110.0 0.0
6120.0 0.0
6130.0 0.0
6140.0 0.0
6150.0 0.0
6160.0 0.0
6170.0 0.0
6180.0 0.0
6190.0 0.0
6200.0 0.0
6210.0 0.0
6220.0 0.0
6230.0 0.0
6240.0 0.0
6250.0 0.0
6260.0 0.0
6270.0 0.0
6280.0 0.0
6290.0 0.0
6300.0 0.0
6310.0 0.0
6320.0 0.0
6330.0 0.0
6340.0 0.0
6350.0 0.0
6360.0 0.0
6370.0 0.0
6380.0 0.0
6390.0 0.0
6400.0 0.0
6410.0 0.0
6420.0 0.0
6430.0 0.0
6440.0 0.0
6450.0 0.0
6460.0 0.0
6470.0 0.0
6480.0 0.0
6490.0 0.0
6500.0 0.0
6510.0 0.0
6520.0 0.0
6530.0 0.0
6540.0 0.0
6550.0 0.0
6560.0 0.0
6570.0 0.0
6580.0 0.0
6590.0 0.0
6600.0 0.0
6610.0 0.0
6620.0 0.0
6630.0 0.0
6640.0 0.0
6650.0 0.0
6660.0 0.0
6670.0 0.0
6680.0 0.0
6690.0 0.0
6700.0 0.0
6710.0 0.0
6720.0 0.0
6730.0 0.0
6740.0 0.0
6750.0 0.0
6760.0 0.0
6770.0 0.0
6780.0 0.0
6790.0 0.0
6800.0 0.0
6810.0 0.0
6820.0 0.0
6830.0 0.0
6840.0 0.0
6850.0 0.0
6860.0 0.0
6870.0 0.0
6880.0 0.0
6890.0 0.0
6900.0 0.0
6910.0 0.0
6920.0 0.0
6930.0 0.0
6940.0 0.0
6950.0 0.0
6960.0 0.0
6970.0 0.0
6980.0 0.0
6990.0 0.0
6999.9306640625 0.0
7000.0 0.0
7000.9306640625 0.0
7001.9306640625 0.0
7010.0 0.0
7020.0 0.0
7030.0 0.0
7040.0 0.0
7050.0 0.0
7060.0 0.0
7061.94677734375 0.0
7070.0 0.0
7080.0 0.0
7090.0 0.0
7100.0 0.0
7110.0 0.0
7120.0 0.0
7121.962890625 0.0
7130.0 0.0
7140.0 0.0
7141.96826171875 0.0
7150.0 0.0
7160.0 0.0
7161.9736328125 0.0
7170.0 0.0
7180.0 0.0
7181.97900390625 0.0
7190.0 0.0
7200.0 0.0
7210.0 0.0
7220.0 0.0
7221.98974609375 0.0
7230.0 0.0
7240.0 0.0
7241.9951171875 0.0
7250.0 0.0
7260.0 0.0
7262.00048828125 0.0
7270.0 0.0
7280.0 0.0
7282.005859375 0.0
7290.0 0.0
7300.0 0.0
7310.0 0.0
7320.0 0.0
7322.0166015625 0.0
7330.0 0.0
7340.0 0.0
7342.02197265625 0.0
7350.0 0.0
7360.0 0.0
7370.0 0.0
7380.0 0.0
7382.03271484375 0.0
7390.0 0.0
7400.0 0.0
7402.0380859375 0.0
7410.0 0.0
7420.0 0.0
7430.0 0.0
7440.0 0.0
7442.04931640625 0.0
7450.0 0.0
7460.0 0.0
7462.0546875 0.0
7470.0 0.0
7480.0 0.0
7490.0 0.0
7500.0 0.0
7502.0654296875 0.0
7510.0 0.0
7520.0 0.0
7522.07080078125 0.0
7530.0 0.0
7540.0 0.0
7542.076171875 0.0
7550.0 0.0
7560.0 0.0
7562.08154296875 0.0
7570.0 0.0
7580.0 0.0
7590.0 0.0
7600.0 0.0
7610.0 0.0
7620.0 0.0
7622.09765625 0.0
7630.0 0.0
7640.0 0.0
7642.10302734375 0.0
7650.0 0.0
7660.0 0.0
7662.1083984375 0.0
7670.0 0.0
7680.0 0.0
7682.11376953125 0.0
7690.0 0.0
7700.0 0.0
7702.119140625 0.0
7710.0 0.0
7720.0 0.0
7722.12451171875 0.0
7730.0 0.0
7740.0 0.0
7742.1298828125 0.0
7750.0 0.0
7760.0 0.0
7762.13525390625 0.0
7770.0 0.0
7780.0 0.0
7790.0 0.0
7800.0 0.0
7810.0 0.0
7820.0 0.0
7830.0 0.0
7840.0 0.0
7842.1572265625 0.0
7850.0 0.0
7860.0 0.0
7862.16259765625 0.0
7870.0 0.0
7880.0 0.0
7882.16796875 0.0
7890.0 0.0
7900.0 0.0
7902.17333984375 0.0
7910.0 0.0
7920.0 0.0
7922.1787109375 0.0
7930.0 0.0
7940.0 0.0
7942.18408203125 0.0
7950.0 0.0
7960.0 0.0
7962.189453125 0.0
7970.0 0.0
7980.0 0.0
7982.19482421875 0.0
7990.0 0.0
7998.0 0.0
7999.0 0.0
8000.0 1.5517749206415433e-07
8002.2001953125 1.706057221451488e-07
8010.0 1.6812369816925282e-07
8020.0 1.6495008807528287e-07
8022.20556640625 1.6425057879685015e-07
8030.0 2.7785500908107416e-07
8040.0 4.2413139437483363e-07
8042.2109375 4.5655632031604287e-07
8050.0 3.869625989990551e-07
8060.0 2.972775869881821e-07
8062.21630859375 2.7734900774159156e-07
8070.0 2.3472532292313686e-07
8080.0 1.797581546388963e-07
8082.2216796875 1.675145508797647e-07
8090.0 2.2096788059704368e-07
8100.0 2.8994610386549035e-07
8102.2275390625 3.053509173979861e-07
8110.0 2.592881089400253e-07
8120.0 1.9979946781756338e-07
8122.23291015625 1.864817643707509e-07
8130.0 1.9012866391651087e-07
8140.0 1.9484074625499164e-07
8150.0 1.995713929024351e-07
8160.0 2.0432136054480016e-07
8170.0 2.090903231092731e-07
8180.0 2.1387798871784286e-07
8182.2490234375 2.1505178460260938e-07
8190.0 2.774166710342679e-07
8200.0 3.5845320868553555e-07
8202.25390625 3.767909658541011e-07
8210.0 5.813218444262702e-07
8220.0 8.471649437337202e-07
8222.259765625 9.07520834567377e-07
8230.0 1.01403729624339e-06
8240.0 1.1517562950777679e-06
8242.2646484375 1.1830626469926006e-06
8250.0 9.609990474353491e-07
8260.0 6.723173816672284e-07
8262.2705078125 6.065191618013605e-07
8270.0 7.480213338303718e-07
8280.0 9.32093138457391e-07
8282.2763671875 9.741528653133744e-07
8290.0 8.80170394942525e-07
8300.0 7.578056926152648e-07
8302.28125 7.297836384818266e-07
8310.0 5.011766244181877e-07
8320.0 2.0337237800778182e-07
8322.287109375 1.3500182724184317e-07
8330.0 3.277205510705483e-07
8340.0 5.789501904700436e-07
8342.2919921875 6.367487672440249e-07
8350.0 6.257820837943582e-07
8360.0 6.114701411578867e-07
8362.2978515625 6.078715769602361e-07
8370.0 7.569778411280926e-07
8380.0 9.508899091555755e-07
8382.302734375 9.955947201504656e-07
8390.0 1.2973815878883924e-06
8400.0 1.6901049793468882e-06
8402.30859375 1.7807931709464689e-06
8410.0 1.707035076574929e-06
8420.0 1.6110072094069243e-06
8422.3134765625 1.5887713960842323e-06
8430.0 1.3784148886484291e-06
8440.0 1.1043832076243502e-06
8442.3193359375 1.040767448859336e-06
8450.0 7.928605782382151e-07
8460.0 4.696679722174699e-07
8462.32421875 3.944817592414944e-07
8470.0 3.807163497088139e-07
8480.0 3.627599120943567e-07
8490.0 3.4478070742696725e-07
8500.0 3.2678215935118835e-07
8510.0 3.089495300347233e-07
8520.0 2.910724034536794e-07
8522.3408203125 2.8688075832298063e-07
8530.0 1.0499836982926226e-06
8540.0 2.0488604014222724e-06
8542.3466796875 2.2830765899421512e-06
8550.0 2.140140544506686e-06
8560.0 1.953270773709359e-06
8562.3515625 1.9093086116684916e-06
8570.0 1.295709846036134e-06
8580.0 4.930188244840043e-07
8582.357421875 3.0371869161499863e-07
8590.0 5.684291737446567e-07
8600.0 9.149735433371347e-07
8602.3623046875 9.968301694167934e-07
8610.0 1.2354256931622686e-06
8620.0 1.5478883083014264e-06
8622.3681640625 1.6218960558834427e-06
8630.0 1.3897327147688032e-06
8640.0 1.0871281741662976e-06
8642.373046875 1.0151692370964372e-06
8650.0 9.083224701993402e-07
8660.0 7.6781353297354e-07
8670.0 6.268343574501015e-07
8680.0 4.853848143519853e-07
8690.0 3.434659005405956e-07
8700.0 2.010789877018846e-07
8702.3896484375 1.6698426181611045e-07
8710.0 7.931440009487748e-07
8720.0 1.6182707115273396e-06
8722.39453125 1.8182931789095087e-06
8730.0 1.3012026719665444e-06
8740.0 6.136511775689735e-07
8742.400390625 4.473118640442191e-07
8750.0 7.030051129732557e-07
8760.0 1.0431683974559278e-06
8770.0 1.3875661670028734e-06
8780.0 1.7362280375710365e-06
8790.0 2.0891780092623837e-06
8800.0 2.4464413405021982e-06
8810.0 2.80413477893579e-06
8820.0 3.16518195699804e-06
8830.0 3.5296057305302124e-06
8840.0 3.903984792722164e-06
8850.0 4.2830080499642566e-06
8860.0 4.666705467232819e-06
8870.0 5.055104838984632e-06
8880.0 5.448227661789022e-06
8890.0 5.846118588652698e-06
8900.0 6.248798300322945e-06
8910.0 6.630160592841151e-06
8920.0 7.01330358609907e-06
8922.44921875 7.108853360830157e-06
8930.0 6.248762992748557e-06
8940.0 5.098890915662332e-06
8950.0 3.943395936941771e-06
8960.0 2.784594661230438e-06
8962.4599609375 2.497872155908389e-06
8970.0 2.6069284500049992e-06
8980.0 2.75445593897333e-06
8982.46484375 2.790397848731661e-06
8990.0 2.914143691096566e-06
9000.0 3.0790506363580696e-06
9010.0 3.2398943143927196e-06
9020.0 3.3982712241493966e-06
9022.4765625 3.4382182689638097e-06
9030.0 2.7642798577911834e-06
9040.0 1.8670505658964616e-06
9042.4814453125 1.6441409745664675e-06
9050.0 2.1809270177500072e-06
9060.0 2.8985638446881e-06
9070.0 3.6158762569627866e-06
9080.0 4.338315017630689e-06
9082.4921875 4.517853660229316e-06
9090.0 4.087249209214658e-06
9100.0 3.5126999437056997e-06
9102.498046875 3.369693437025447e-06
9110.0 3.7303075246640656e-06
9120.0 4.209134991669887e-06
9130.0 4.692943009661588e-06
9140.0 5.17432937087645e-06
9142.5087890625 5.296386360444386e-06
9150.0 3.3693956134831115e-06
9160.0 7.876519093879881e-07
9162.513671875 1.3780962800923466e-07
9170.0 7.973217869196698e-07
9180.0 1.679905572863898e-06
9190.0 2.5666473530787133e-06
9200.0 3.454024308968482e-06
9202.5244140625 3.678509279486938e-06
9210.0 2.5216743120131255e-06
9220.0 9.698345583413628e-07
9222.5302734375 5.77063582929436e-07
9230.0 1.4369071807950168e-06
9240.0 2.5907926103420043e-06
9250.0 3.7509977596164653e-06
9260.0 4.912231263322199e-06
9262.541015625 5.208926834614957e-06
9270.0 3.4418553311806174e-06
9280.0 1.062700395535322e-06
9282.546875 4.558036670342362e-07
9290.0 4.227052472775743e-07
9300.0 3.778056241068133e-07
9310.0 3.3306051755101543e-07
9320.0 2.878723220087157e-07
9322.5576171875 2.763540494939226e-07
9330.0 2.806957904555553e-07
9340.0 2.863106672721068e-07
9342.5625 2.878140409868989e-07
9350.0 1.8700824390529381e-06
9360.0 4.002435398419261e-06
9362.568359375 4.5520469691949135e-06
9370.0 4.677826209717704e-06
9380.0 4.843617785737499e-06
9390.0 5.014086947532278e-06
9400.0 5.185296557227178e-06
9410.0 5.347696520361363e-06
9420.0 5.514882346050797e-06
9422.583984375 5.556939944579607e-06
9430.0 3.544715313031356e-06
9440.0 8.304059072307631e-07
9442.58984375 1.2577766501481601e-07
9450.0 1.08551734917704e-06
9460.0 2.384946918641009e-06
9470.0 3.6891498369880566e-06
9480.0 4.993908359264751e-06
9482.6005859375 5.334811663698004e-06
9490.0 3.635957745207103e-06
9500.0 1.3326869530801225e-06
9502.6064453125 7.3077506852889e-07
9510.0 1.3287612961868337e-06
9520.0 2.140506811312824e-06
9530.0 2.952433770013815e-06
9540.0 3.7688424255187224e-06
9542.6171875 3.9829493950467335e-06
9550.0 2.83963818694905e-06
9560.0 1.2854895338567792e-06
9562.6220703125 8.777678632256222e-07
9570.0 1.135464301939016e-06
9580.0 1.4857221645611832e-06
9590.0 1.835545590951678e-06
9600.0 2.187742579134256e-06
9602.6328125 2.280433208034697e-06
9610.0 1.9860726523492044e-06
9620.0 1.5842957226835428e-06
9630.0 1.183209527039476e-06
9640.0 7.814497049094943e-07
9642.6435546875 6.74871882628899e-07
9650.0 1.3660954239833262e-06
9660.0 2.308876101070201e-06
9662.6494140625 2.5591520766815776e-06
9670.0 2.5689092461277173e-06
9680.0 2.5799918604435475e-06
9690.0 2.5932639908583966e-06
9700.0 2.6065443043880975e-06
9702.66015625 2.6094842298892817e-06
9710.0 2.2389138419138757e-06
9720.0 1.7348963103352085e-06
9730.0 1.2293208065703008e-06
9740.0 7.215902252529253e-07
9742.6708984375 5.860005216815879e-07
9750.0 1.4536991822579626e-06
9760.0 2.6406198848098667e-06
9762.6767578125 2.9589119279835394e-06
9770.0 3.0586875325863862e-06
9780.0 3.192502781435042e-06
9790.0 3.329266057159351e-06
9800.0 3.4663645475092445e-06
9810.0 3.6019141300279953e-06
9820.0 3.7344540778884666e-06
9822.6923828125 3.7709908452547745e-06
9830.0 3.89141032943733e-06
9840.0 4.058457624946317e-06
9850.0 4.225882652629574e-06
9860.0 4.3899161615832895e-06
9870.0 4.557922255538451e-06
9880.0 4.726272809219576e-06
9882.708984375 4.771928908282892e-06
9890.0 3.92244265790251e-06
9900.0 2.7523727035959113e-06
9910.0 1.582716217674968e-06
9920.0 4.1017168960396097e-07
9922.7197265625 9.07801190079039e-08
9930.0 1.4300245593454725e-06
9940.0 3.2733001709700273e-06
9942.7255859375 3.7755507566744127e-06
9950.0 3.2801557382135253e-06
9960.0 2.600963694151148e-06
9970.0 1.9201933837315117e-06
9980.0 1.2378807532823188e-06
9982.736328125 1.0509109331632374e-06
9990.0 1.7671630786357235e-06
10000.0 2.7526441003343997e-06
10002.7412109375 3.024012821571512e-06
10010.0 2.9554977633239384e-06
10020.0 2.860791712831788e-06
10030.0 2.765730872208307e-06
10040.0 2.6703227361639635e-06
10042.751953125 2.643377867417435e-06
10050.0 2.0749349474659923e-06
10060.0 1.2908458264227152e-06
10062.7578125 1.0741869404705106e-06
10070.0 1.4202043788327428e-06
10080.0 1.8991823655076364e-06
10082.7626953125 2.0317492764126465e-06
10090.0 2.667168482976775e-06
10100.0 3.5473012418975988e-06
10102.7685546875 3.791402893895458e-06
10110.0 3.161668607093288e-06
10120.0 2.286691957197938e-06
10122.7744140625 2.0442429714988016e-06
10130.0 1.7434577741084323e-06
10140.0 1.3261528897519287e-06
10142.779296875 1.2099607103578139e-06
10150.0 2.5408407831933024e-06
10160.0 4.388284007502589e-06
10162.78515625 4.903698897576174e-06
10170.0 3.857603296377702e-06
10180.0 2.404284088983643e-06
10182.7900390625 1.9976274230190182e-06
10190.0 1.866353825195104e-06
10200.0 1.6855598198742776e-06
10202.7958984375 1.6349519517770002e-06
10210.0 3.25346285641385e-06
10220.0 5.505312501909879e-06
10222.80078125 6.137072487664789e-06
10230.0 4.796029271214243e-06
10240.0 2.9289410138448366e-06
10242.806640625 2.404018351594073e-06
10250.0 2.4027651564340387e-06
10260.0 2.4009912243294407e-06
10262.8115234375 2.400483195968734e-06
10270.0 3.7513004633689134e-06
10280.0 5.634550907020153e-06
10282.8173828125 6.164494101667185e-06
10290.0 4.965022934014362e-06
10300.0 3.296680917876067e-06
10302.8232421875 2.824898421776138e-06
10310.0 3.3279770135033456e-06
10320.0 4.030421680900843e-06
10322.828125 4.229384936319942e-06
10330.0 4.891306672216935e-06
10340.0 5.816140714156669e-06
10342.833984375 6.078634032116126e-06
10350.0 5.409794600973889e-06
10360.0 4.474452214723352e-06
10362.8388671875 4.208498997647802e-06
10370.0 5.035957291098748e-06
10380.0 6.193753216140793e-06
10382.84375 6.523490955109328e-06
10390.0 6.346693487552996e-06
10400.0 6.099079055768574e-06
10402.849609375 6.0284620360091055e-06
10410.0 6.364805201658389e-06
10420.0 6.836110385293223e-06
10422.85546875 6.970880600074147e-06
10430.0 8.573298282608295e-06
10440.0 1.0820652239414501e-05
10442.861328125 1.146465010014807e-05
10450.0 1.0360122055417017e-05
10460.0 8.802102990220171e-06
10462.8662109375 8.357414812579598e-06
10470.0 9.810969496603011e-06
10480.0 1.1852528009361524e-05
10482.8720703125 1.2439729878918383e-05
10490.0 1.5092771511795599e-05
10500.0 1.882205246084141e-05
10502.876953125 1.9891876375560446e-05
10510.0 1.9905033543341614e-05
10520.0 1.9923455412311258e-05
10522.8818359375 1.9928742702859347e-05
10530.0 2.2579128882308114e-05
10540.0 2.6304552111796813e-05
10542.8876953125 2.7380755623164407e-05
10550.0 3.261712006619243e-05
10560.0 3.9983445889655364e-05
10562.892578125 4.211506687705127e-05
10570.0 4.5536455192632176e-05
10580.0 5.0352664613827834e-05
10582.8994140625 5.1749622163776494e-05
10590.0 5.918071985903227e-05
10600.0 6.965164194889575e-05
10602.904296875 7.269234330375435e-05
10610.0 8.117814003487533e-05
10620.0 9.314186126087571e-05
10630.0 0.00010511101292632766
10640.0 0.00011708568065373527
10650.0 0.00012906569894325824
10660.0 0.00014105120375006744
10670.0 0.00015304224729556276
10672.9228515625 0.00015654808127720443
10677.923828125 0.0001457601828783007
10680.0 0.00015739283307537302
10682.92578125 0.0001738314258357487
10687.9267578125 0.0001751841331435438
10690.0 0.00018497045089579774
10692.9287109375 0.00019875238431223748
10697.9296875 0.00018346056031413638
10700.0 0.00019110146593665688
10702.9306640625 0.00020191891358360434
10707.9326171875 0.0001776943012485591
10710.0 0.00015294058387765815
10712.93359375 0.00011781131416642471
10717.9345703125 0.00021712924574179113
10720.0 0.0003127852191051983
10722.9365234375 0.00044880004617119524
10727.9384765625 0.0005651772044778136
10730.0 0.0005350460273746179
10732.939453125 0.0004920782042409938
10737.94140625 0.0004502325363868686
10740.0 0.00048221462102013437
10742.9423828125 0.0005279327299526316
10747.943359375 0.0005540953702509027
10750.0 0.0005870829426084164
10752.9453125 0.0006343305170180249
10757.9462890625 0.0006707071416927606
10760.0 0.0007227321667864887
10762.9482421875 0.0007974271906907199
10767.94921875 0.0008339129278902939
10770.0 0.0008768138039996343
10772.9501953125 0.0009385376357574662
10777.9521484375 0.0009476691019480876
10780.0 0.0009785503826380587
10782.953125 0.0010230896945316226
10787.9541015625 0.0014020788702030908
10790.0 0.0014676721534137912
10792.9560546875 0.001562458764059524
10797.95703125 0.0019018967193835878
10800.0 0.0019760541227945346
10802.9580078125 0.0020834705555814424
10807.9599609375 0.0021797611281216722
10810.0 0.0022979917821403135
10812.9609375 0.002469621988096724
10817.9619140625 0.0028041437338280585
10820.0 0.002950937923891512
10822.9638671875 0.003164448058841095
10827.96484375 0.003583039933559843
10830.0 0.003789654953452736
10832.966796875 0.004090902643884848
10837.9677734375 0.004643218906828593
10840.0 0.004903289285896831
10842.96875 0.005283277169937394
10847.970703125 0.005961974356363436
10850.0 0.006257271238289916
10852.9716796875 0.0066897770003305525
10857.97265625 0.007930274846476239
10860.0 0.008379964240032498
10862.974609375 0.009042201152591044
10867.9755859375 0.010564419562201485
10870.0 0.011209659814846078
10872.9765625 0.0121558491609288
10877.978515625 0.013835749000712924
10880.0 0.014691250336799633
10882.98046875 0.015952825920844474
10887.9814453125 0.018470239885535623
10890.0 0.019610980566185657
10892.9833984375 0.021297307721333463
10897.984375 0.02464180391157526
10900.0 0.02624370376665832
10902.986328125 0.02861750115748864
10907.9873046875 0.033203620563265805
10910.0 0.03531060332318821
10912.98828125 0.038439492672780746
10917.990234375 0.044491354626347186
10920.0 0.04731216386699744
10922.9912109375 0.05151132966244684
10927.9921875 0.059756288288268004
10930.0 0.06348627041025318
10932.994140625 0.06904972809768363
10937.9951171875 0.07965262336544834
10940.0 0.08429765048035687
10942.99609375 0.09124062412422226
10947.998046875 0.10448832310762068
10950.0 0.11038065617537425
10952.9990234375 0.11920949918545984
10958.0 0.13520161377885598
10960.0 0.14211345254857372
10963.001953125 0.15249030318063658
10968.0029296875 0.17025249868988768
10970.0 0.17809239723597864
10973.0048828125 0.18994042768291472
10978.005859375 0.21083444034163903
10980.0 0.2192845034158204
10983.0068359375 0.23197444966288133
10988.0087890625 0.25349524552332375
10990.0 0.2619362283392084
10993.009765625 0.27468127737538417
10998.0107421875 0.29617985723052154
11000.0 0.304442567391618
11003.0126953125 0.31696923539761224
11008.013671875 0.3368161300283345
11010.0 0.34428158544871823
11013.0146484375 0.35561375464168954
11018.0166015625 0.37279610533275304
11020.0 0.3791580273742838
11023.017578125 0.38883875312151017
11028.0185546875 0.40316594978011827
11030.0 0.4082215288142141
11033.021484375 0.4159319862641145
11038.0224609375 0.42695873940562157
11040.0 0.4307573820063992
11043.0244140625 0.4365679083801685
11048.025390625 0.44479809610593773
11050.0 0.4474903829753605
11053.0263671875 0.45161736379725936
11058.0283203125 0.4574052124509199
11060.0 0.4592854319210043
11063.029296875 0.4622948604792553
11068.0302734375 0.46644847234422343
11070.0 0.4678621620783801
11073.0322265625 0.4699174214103863
11078.033203125 0.47250619823266793
11080.0 0.47336287920728365
11083.0341796875 0.47468469359351123
11088.0361328125 0.47645826866141006
11090.0 0.4770683902511946
11093.037109375 0.4780120895113516
11098.0380859375 0.4792723317907148
11100.0 0.4797162156285173
11103.0400390625 0.4804041334675292
11108.041015625 0.4813300152393517
11110.0 0.4816533834337561
11113.0419921875 0.48215560030069465
11118.0439453125 0.48297233177315274
11120.0 0.48326791566115324
11123.044921875 0.48372811116841413
11128.046875 0.4843505700795496
11130.0 0.4845791118427113
11133.0478515625 0.4849358047044836
11138.048828125 0.4855363894649748
11140.0 0.4857233397224097
11143.05078125 0.4861428607656018
11148.0517578125 0.4867516148524939
11150.0 0.48698808270068783
11153.052734375 0.4872312873908136
11158.0546875 0.4875836987626803
11160.0 0.48768297491213913
11163.0556640625 0.4878389367335494
11168.056640625 0.4880237344272634
11170.0 0.48804512124849825
11173.05859375 0.48807878180030345
11178.0595703125 0.48824088084063416
11180.0 0.4882982537559934
11183.060546875 0.4883887550976987
11188.0634765625 0.4885377026735135
11190.0 0.4885934202784226
11193.064453125 0.4886816000470999
11198.06640625 0.4887890152801632
11200.0 0.48884761800500093
11203.0673828125 0.4890769330309912
11208.068359375 0.48947175930238807
11210.0 0.4896325623505168
11213.0703125 0.489759494125576
11218.0712890625 0.49003841018362093
11220.0 0.4901658137065832
11223.072265625 0.4903687875058399
11228.07421875 0.4905604893372931
11230.0 0.49062040984714084
11233.0751953125 0.49071610518019654
11238.076171875 0.49093587096927305
11240.0 0.49100867295115147
11243.078125 0.4911251709661156
11248.0791015625 0.49127937665491367
11250.0 0.4913210321075393
11253.080078125 0.49138783024138044
11258.08203125 0.4914189798190101
11260.0 0.49138834127065273
11263.0830078125 0.49133907522015746
11268.0849609375 0.49130144518310287
11270.0 0.4913176244055731
11273.0859375 0.49147351614240936
11278.0869140625 0.4916109481669246
11280.0 0.49162022419361573
11283.0888671875 0.49150524570393667
11288.08984375 0.4913439512017867
11290.0 0.49126070210158695
11293.0908203125 0.49112596406429115
11298.0927734375 0.4908420031420797
11300.0 0.49072435551834015
11303.09375 0.4905334735200143
11308.0947265625 0.4900854361064736
11310.0 0.48994369965884765
11313.0966796875 0.48971328157845184
11318.09765625 0.48928221842195646
11320.0 0.4891255796888641
11323.0986328125 0.488870383054105
11328.1005859375 0.48847731138634215
11330.0 0.4883256375175765
11333.1015625 0.4882074005887068
11338.103515625 0.48802608371393863
11340.0 0.4879777654859164
11343.10546875 0.487769052424902
11348.1064453125 0.4875202015931106
11350.0 0.4874900925268091
11353.1083984375 0.48744064982910523
11358.109375 0.4874178534834492
11360.0 0.4874115389447695
11363.1103515625 0.48740114138960466
11368.1123046875 0.4873726463059895
11370.0 0.48731530447866256
11373.11328125 0.487220708303845
11378.1142578125 0.48731449771388236
11380.0 0.4874120586704886
11383.1162109375 0.48770317027552373
11388.1171875 0.4882736592840444
11390.0 0.48849917796478065
11393.1181640625 0.4887426572974835
11398.1201171875 0.4892056213012046
11400.0 0.4893850833761983
11403.12109375 0.48969418168170803
11408.123046875 0.4901603946818587
11410.0 0.4903744933634889
11413.1240234375 0.49073091201559116
11418.125 0.49123237173360124
11420.0 0.49143330888885595
11423.126953125 0.49176847885997765
11428.1279296875 0.4921989120354527
11430.0 0.4923647128065507
11433.12890625 0.4926418781091266
11438.130859375 0.4930387616715003
11440.0 0.49313216960318423
11443.1318359375 0.49342064025676313
11448.1328125 0.49380699808869466
11450.0 0.49393322263985157
11453.134765625 0.49401303851622586
11458.1357421875 0.4940332734920055
11460.0 0.4940245027812685
11463.13671875 0.49400973196141357
11468.138671875 0.49396096170809134
11470.0 0.493960604371877
11473.1396484375 0.4939599912055044
11478.1416015625 0.493694635372209
11480.0 0.4935829795379752
11483.142578125 0.4933941150984154
11488.1435546875 0.49304803785185364
11490.0 0.4929306810742771
11493.146484375 0.49286399300992223
11498.1474609375 0.4927708938673448
11500.0 0.492749869098857
11503.1484375 0.49257358326106093
11508.150390625 0.49223258535526443
11510.0 0.4921291377068467
11513.1513671875 0.49195283996431344
11518.15234375 0.49181661173187474
11520.0 0.49175899891401337
11523.154296875 0.4916606149887405
11528.1552734375 0.4916291046694421
11530.0 0.49158392255165323
11533.15625 0.4915065940245456
11538.158203125 0.49175989289463357
11540.0 0.49190899348564365
11543.1591796875 0.49229734203296427
11548.1611328125 0.4930481668367445
11550.0 0.49337825214040654
11553.162109375 0.49381311647909965
11558.1630859375 0.4946134492801019
11560.0 0.49494508953539135
11563.1650390625 0.49551661720218676
11568.166015625 0.49653621147485794
11570.0 0.4969407971335766
11573.1669921875 0.49763958081731974
11578.1689453125 0.49894242248289483
11580.0 0.4994165248722027
11583.169921875 0.5002374452789088
11588.1708984375 0.5015288250397264
11590.0 0.5019696924368613
11593.1728515625 0.5028704455438233
11598.173828125 0.5043564550191707
11600.0 0.5048722168563425
11603.1748046875 0.5056337037583809
11608.1767578125 0.5067774650616319
11610.0 0.5071765574749842
11613.177734375 0.5078722679316555
11618.1796875 0.5088719082764468
11620.0 0.5091638038506757
11623.1806640625 0.5096739317494269
11628.181640625 0.5104845301804988
11630.0 0.5106776288604021
11633.18359375 0.5111542292644375
11638.1845703125 0.5118426218582227
11640.0 0.5120303153451632
11643.185546875 0.5122210158661665
11648.1884765625 0.5123804516189986
11650.0 0.5123557750909886
11653.189453125 0.5123123104828079
11658.1904296875 0.5121102516640682
11660.0 0.511979274582838
11663.1923828125 0.5117481535006746
11668.193359375 0.5112139308052018
11670.0 0.5110374414433098
11673.1943359375 0.5107253171597924
11678.1962890625 0.5101270327336898
11680.0 0.5099002715902522
11683.197265625 0.50963675072602
11688.19921875 0.5091733547344479
11690.0 0.5089829470497175
11693.2001953125 0.5085059966148754
11698.201171875 0.5078621617772634
11700.0 0.507625516778248
11703.203125 0.507204035418821
11708.2041015625 0.5066541832581786
11710.0 0.5064617365369345
11713.205078125 0.5061182052708852
11718.20703125 0.5055579748326665
11720.0 0.5054121222505719
11723.2080078125 0.505288771909156
11728.208984375 0.5051698127357169
11730.0 0.50520246186359
11733.2109375 0.5051232624686451
11738.2119140625 0.5049557730830232
11740.0 0.5049827380717035
11743.212890625 0.505031190263341
11748.21484375 0.5051552584252187
11750.0 0.5052225328606255
11753.2158203125 0.5053437377717779
11758.2177734375 0.5055857379411703
11760.0 0.5057422118992957
11763.21875 0.5060248558252838
11768.2197265625 0.5064430607128888
11770.0 0.5066048353386249
11773.2216796875 0.507036277715156
11778.22265625 0.5077516267484636
11780.0 0.5080046996594014
11783.2236328125 0.5083249049832398
11788.2255859375 0.5088685054743277
11790.0 0.5090538002974041
11793.2265625 0.5093907955481192
11798.2275390625 0.509796178431957
11800.0 0.5099258675014721
11803.23046875 0.5101396785997626
11808.2314453125 0.5104361900115384
11810.0 0.510538284117278
11813.232421875 0.5108649170310867
11818.234375 0.5112816985974733
11820.0 0.5113720606109357
11823.2353515625 0.5113974445014635
11828.2373046875 0.5114014583569396
11830.0 0.5113746818560234
11833.23828125 0.5113254790971395
11838.2392578125 0.5111173871148734
11840.0 0.5110532112859765
11843.2412109375 0.5109350548247668
11848.2421875 0.5106573410809137
11850.0 0.5105138469070523
11853.2431640625 0.5103893061875956
11858.2451171875 0.5102469682362578
11860.0 0.510170829375515
11863.24609375 0.5098896760032272
11868.2470703125 0.509496968280641
11870.0 0.5093299750700153
11873.2490234375 0.5090204106360633
11878.25 0.5085394370797083
11880.0 0.5083969329312846
11883.2509765625 0.508132163247393
11888.2529296875 0.5077916950608096
11890.0 0.5076882207520184
11893.25390625 0.5076353028323395
11898.255859375 0.5075437116063606
11900.0 0.5076237754086312
11903.2568359375 0.5076334015510311
11908.2578125 0.5076449880984714
11910.0 0.5076598908012262
11913.259765625 0.5076877739605334
11918.2607421875 0.5077051747596397
11920.0 0.5077386032630116
11923.26171875 0.5078012970985233
11928.263671875 0.5080273513051737
11930.0 0.5081293421649563
11933.2646484375 0.5083211263290276
11938.265625 0.508653006638595
11940.0 0.5087549020860007
11943.267578125 0.5090875802886358
11948.2685546875 0.5094939132592677
11950.0 0.5097569853442422
11953.26953125 0.5101129708153291
11958.2724609375 0.5106840800466752
11960.0 0.5108811993352115
11963.2734375 0.5112547566125868
11968.275390625 0.5117933235368741
11970.0 0.512009752937738
11973.2763671875 0.5124209693664091
11978.27734375 0.5131519594823315
11980.0 0.5133218798529617
11983.279296875 0.5137877731130381
11988.2802734375 0.5144124163298635
11990.0 0.5146063764855853
11993.28125 0.5148338912739795
11998.283203125 0.5150751512493359
12000.0 0.5151539828958588
12003.2841796875 0.5153255537878474
12008.28515625 0.5155747140696963
12010.0 0.5156734239401166
12013.287109375 0.5158626648034301
12018.2880859375 0.5161278863773676
12020.0 0.5162205021166006
12023.2890625 0.5165419098810855
12028.291015625 0.5168917578655693
12030.0 0.5169800885705554
12033.2919921875 0.5170066299358915
12038.2939453125 0.5169699657927362
12040.0 0.516950177786637
12043.294921875 0.5169119452240819
12048.2958984375 0.5166826957119065
12050.0 0.5166418893079702
12053.2978515625 0.5165628953312114
12058.298828125 0.5164791723256098
12060.0 0.5164859542307529
12063.2998046875 0.5166429368147806
12068.3017578125 0.5168037081938103
12070.0 0.5168707440333432
12073.302734375 0.5168571588709808
12078.3037109375 0.5169271122137702
12080.0 0.5169907754070509
12083.3056640625 0.5171148553763475
12088.306640625 0.5173260043031694
12090.0 0.5174105269401724
12093.30859375 0.5175756961277689
12098.3095703125 0.5177693678859419
12100.0 0.5178584745596353
12103.310546875 0.5181776149642453
12108.3134765625 0.5186723894528599
12110.0 0.5188343871651624
12113.314453125 0.519007923506181
12118.3154296875 0.5193590138821281
12120.0 0.51947280430178
12123.3173828125 0.5196969237431753
12128.318359375 0.5199975274951965
12130.0 0.5201180110772622
12133.3193359375 0.520355867111334
12138.3212890625 0.5206396241410708
12140.0 0.5207441856964988
12143.322265625 0.5210969476395334
12148.3232421875 0.521613307915993
12150.0 0.52174594317041
12153.3251953125 0.5218629786690765
12158.326171875 0.5220150480765335
12160.0 0.5219640110994662
12163.328125 0.5218625045675256
12168.3291015625 0.521948182306307
12170.0 0.5219299112501199
12173.330078125 0.5218934817243337
12178.33203125 0.5217858083466518
12180.0 0.521758424411548
12183.3330078125 0.5218500596065914
12188.333984375 0.5219242186980835
12190.0 0.5219138812914081
12193.3359375 0.5217466795656217
12198.3369140625 0.5215365817517992
12200.0 0.5214570744770561
12203.337890625 0.521281484811894
12208.33984375 0.5208600134862708
12210.0 0.5207057963380473
12213.3408203125 0.5205416325420831
12218.341796875 0.520282049720482
12220.0 0.5201933866204399
12223.34375 0.5198683257096571
12228.3447265625 0.519357203806396
12230.0 0.5191458804917187
12233.3466796875 0.5187185531451792
12238.34765625 0.5182517540410383
12240.0 0.5181358311027525
12243.3486328125 0.5179008626665038
12248.3505859375 0.5175730380549093
12250.0 0.517490606493413
12253.3515625 0.5174687686288094
12258.3525390625 0.5176205038586468
12260.0 0.5176804487895845
12263.35546875 0.5176566915826208
12268.3564453125 0.5179038800845007
12270.0 0.5179224885046341
12273.357421875 0.5179605019760274
12278.359375 0.5181884184651054
12280.0 0.5182946562936844
12283.3603515625 0.5185122810215307
12288.361328125 0.5188329719900882
12290.0 0.5189839585115614
12293.36328125 0.5194405411918672
12298.3642578125 0.5202019389926442
12300.0 0.5204652082514779
12303.3662109375 0.5208601134958928
12308.3671875 0.5215111799928293
12310.0 0.5217452993965104
12313.3681640625 0.5222283064349604
12318.3701171875 0.5229914723025895
12320.0 0.5232379768819762
12323.37109375 0.5237478930591158
12328.3720703125 0.5244893700204751
12330.0 0.5247384694689428
12333.3740234375 0.5254034855472862
12338.375 0.5263807899442398
12340.0 0.5266797506452734
12343.3759765625 0.5271519469373844
12348.3779296875 0.5278299728510593
12350.0 0.5280339656434341
12353.37890625 0.5284589566054212
12358.3798828125 0.5289783158361355
12360.0 0.529129759810221
12363.3818359375 0.5294459254584967
12368.3828125 0.5298356797306293
12370.0 0.5299351382894907
12373.384765625 0.530293748593576
12378.3857421875 0.5307042764797906
12380.0 0.5308359355575702
12383.38671875 0.5309616111208456
12388.388671875 0.5309874291048373
12390.0 0.5309898102149063
12393.3896484375 0.5309948147466707
12398.390625 0.5309501232155615
12400.0 0.5308846647548777
12403.392578125 0.5307682370977824
12408.3935546875 0.5306186529717819
12410.0 0.5305498675362154
12413.39453125 0.5305552790620955
12418.3974609375 0.5305175378612187
12420.0 0.5305030699971017
12423.3984375 0.5303214403763327
12428.3994140625 0.5300186843790349
12430.0 0.5298837314398415
12433.4013671875 0.5295968763515347
12438.40234375 0.5292155926791611
12440.0 0.5291423664718986
12443.404296875 0.5289862927754446
12448.4052734375 0.5288280500905548
12450.0 0.5287846708411724
12453.40625 0.5288426738116248
12458.408203125 0.5290436337626234
12460.0 0.529120726975543
12463.4091796875 0.5291350190182869
12468.41015625 0.5291962424950152
12470.0 0.5292735286282652
12473.412109375 0.5294394231001658
12478.4130859375 0.5297833531130208
12480.0 0.5298729879237818
12483.4140625 0.5300658560322239
12488.416015625 0.5303326177718781
12490.0 0.5304383664267283
12493.4169921875 0.5308181446505814
12498.41796875 0.5314293670204419
12500.0 0.5316323082192745
12503.419921875 0.5318782176007744
12508.4208984375 0.5322432817847713
12510.0 0.5323480557913267
12513.4228515625 0.5325751783454196
12518.423828125 0.5329540401880506
12520.0 0.5330812017119392
12523.4248046875 0.5333575257963047
12528.4267578125 0.5336611704505789
12530.0 0.5337492989124045
12533.427734375 0.534094210917843
12538.4287109375 0.5345905662385821
12540.0 0.5347022972833486
12543.4306640625 0.5347931492611682
12548.431640625 0.5348763360980745
12550.0 0.5348925046773636
12553.4326171875 0.5349278893707008
12558.4345703125 0.5348186358023765
12560.0 0.5347767433435259
12563.435546875 0.5348381304800536
12568.4365234375 0.5348141147672006
12570.0 0.5347804172990687
12573.439453125 0.5345528155823597
12578.4404296875 0.5340766482720932
12580.0 0.5339168986119046
12583.4423828125 0.533564249917451
12588.443359375 0.532992600608045
12590.0 0.532795555762299
12593.4443359375 0.5323595132443851
12598.4462890625 0.5316420187222748
12600.0 0.5314028953976545
12603.447265625 0.5310171916797983
12608.4482421875 0.5304559331103792
12610.0 0.5302792907843079
12613.4501953125 0.5297339567926324
12618.451171875 0.5289612979629799
12620.0 0.5287004230253777
12623.4521484375 0.5281189182007082
12628.4541015625 0.527277469696734
12630.0 0.5270498918539606
12633.455078125 0.5265412148542047
12638.45703125 0.5258821349222333
12640.0 0.5256435752316091
12643.4580078125 0.5252601949203666
12648.458984375 0.5248636453060173
12650.0 0.5248117072890955
12653.4609375 0.5245437776533716
12658.4619140625 0.52412415663288
12660.0 0.524045205368282
12663.462890625 0.5238674347679598
12668.46484375 0.5237956838148449
12670.0 0.5237970812241601
12673.4658203125 0.523800231545809
12678.466796875 0.5240584224943609
12680.0 0.5241350313670259
12683.46875 0.524459799261129
12688.4697265625 0.5249321407161566
12690.0 0.5251123824947639
12693.470703125 0.5253695921341136
12698.47265625 0.5257968349865759
12700.0 0.5259222912938174
12703.4736328125 0.5262076317663716
12708.4755859375 0.5266680088640862
12710.0 0.5268725130134556
12713.4765625 0.5273389315132511
12718.4775390625 0.5281677650517816
12720.0 0.5284049513689223
12723.48046875 0.5291003613397276
12728.4814453125 0.5301764393074984
12730.0 0.5305616740573079
12733.482421875 0.5312916772045058
12738.484375 0.5322763233847361
12740.0 0.5325565582154321
12743.4853515625 0.5332010310664651
12748.486328125 0.5340758272170116
12750.0 0.5343075742828733
12753.48828125 0.5348416723132468
12758.4892578125 0.5356181041268028
12760.0 0.5358513400399125
12763.490234375 0.5363902133032233
12768.4921875 0.5369487268877193
12770.0 0.5371453850184005
12773.4931640625 0.5377571234482161
12778.4951171875 0.538684679025043
12780.0 0.5389115042668494
12783.49609375 0.5392820320825699
12788.4970703125 0.5398330624758331
12790.0 0.5400047520124448
12793.4990234375 0.5404044919375816
12798.5 0.5407902937897063
12800.0 0.5409193924231425
12803.5009765625 0.5411894223231016
12808.5029296875 0.541760352173182
12810.0 0.5418167398944851
12813.50390625 0.5421064375588734
12818.5048828125 0.5424366971872407
12820.0 0.5425491268819277
12823.5068359375 0.5426549402872289
12828.5078125 0.5427053986449824
12830.0 0.542692812560113
12833.5087890625 0.542663214288238
12838.5107421875 0.5426579132699285
12840.0 0.5426403990961677
12843.51171875 0.5425990973846379
12848.513671875 0.542475778388953
12850.0 0.5424382850825002
12853.5146484375 0.5425078010768553
12858.515625 0.5425194258289867
12860.0 0.5425272736848639
12863.517578125 0.5423876231231453
12868.5185546875 0.5421846407213435
12870.0 0.5421022511482255
12873.51953125 0.5419065139248076
12878.5224609375 0.5415721026779232
12880.0 0.5414773770639457
12883.5234375 0.5412514875683138
12888.5244140625 0.5407552726903255
12890.0 0.5406281052242813
12893.5263671875 0.5404821990244857
12898.52734375 0.5402179762947404
12900.0 0.5400971410246241
12903.5283203125 0.5396496913511251
12908.5302734375 0.5388143428524639
12910.0 0.5386281074874512
12913.53125 0.5381806497955337
12918.533203125 0.5373574919374664
12920.0 0.5371382519174001
12923.5341796875 0.5366100063135752
12928.53515625 0.5358691985924308
12930.0 0.5355784462422254
12933.537109375 0.5350331154832816
12938.5380859375 0.5343054576229344
12940.0 0.5340990762280055
12943.5390625 0.5334429218833627
12948.541015625 0.5324189251553464
12950.0 0.5320959949351345
12953.5419921875 0.5313120200626902
12958.54296875 0.5301586150827637
12960.0 0.529834110189252
12963.544921875 0.5290446040429457
12968.5458984375 0.52796144556332
12970.0 0.5276528626867023
12973.5478515625 0.5268999596464522
12978.548828125 0.5259053622088112
12980.0 0.5255949496030381
12983.5498046875 0.5249898698984599
12988.5517578125 0.5240835715202551
12990.0 0.523848814145477
12993.552734375 0.5231188968753914
12998.5537109375 0.5222408887701607
13000.0 0.5219606107047104
13003.5556640625 0.5213346868944715
13008.556640625 0.5205623905045449
13010.0 0.520368214594057
13013.5576171875 0.519889525123712
13018.5595703125 0.5193603939084225
13020.0 0.5192058708932668
13023.560546875 0.5189766474769806
13028.5615234375 0.5189567902510768
13030.0 0.5189550533101412
13033.564453125 0.5187978176350554
13038.5654296875 0.5186496696250252
13040.0 0.5186866990491865
13043.5673828125 0.5187787899397994
13048.568359375 0.518920103368547
13050.0 0.5190110549534156
13053.5693359375 0.5192378436494841
13058.5712890625 0.5196778332283984
13060.0 0.5198269876989037
13063.572265625 0.5201999780689542
13068.5732421875 0.5209282622014514
13070.0 0.5211529817911074
13073.5751953125 0.5218703120792002
13078.576171875 0.5229740209327911
13080.0 0.5233235752496725
13083.5771484375 0.5240473978902408
13088.5791015625 0.5251196457893607
13090.0 0.5254414023439958
13093.580078125 0.5262522184540201
13098.5810546875 0.5275046850132669
13100.0 0.527878046991408
13103.5830078125 0.5288209740790817
13108.583984375 0.530177084639275
13110.0 0.5305695829234648
13113.5859375 0.5315637021574984
13118.5869140625 0.5328772964332689
13120.0 0.5332639386032113
13123.587890625 0.5344040812200179
13128.58984375 0.5359356034303846
13130.0 0.5363480861479991
13133.5908203125 0.5372397577805299
13138.591796875 0.5385097624667659
13140.0 0.5388418030070216
13143.59375 0.5396893020295367
13148.5947265625 0.5408062506054778
13150.0 0.5410774043363574
13153.595703125 0.5417713147461327
13158.59765625 0.5427729196499473
13160.0 0.543032566267883
13163.5986328125 0.5438604001393017
13168.599609375 0.5449927972349424
13170.0 0.5452884549900949
13173.6015625 0.5458870820503483
13178.6025390625 0.5466186961666051
13180.0 0.5467928538021732
13183.60546875 0.5472422478456933
13188.6064453125 0.5479279629013634
13190.0 0.5480874716816043
13193.607421875 0.548500442803544
13198.609375 0.5489200013361052
13200.0 0.5490230236997299
13203.6103515625 0.549249207898863
13208.611328125 0.5494395965660028
13210.0 0.5494595611447479
13213.61328125 0.5496751868272404
13218.6142578125 0.5500285285153478
13220.0 0.5500633753980265
13223.615234375 0.5499904793034863
13228.6171875 0.5500255344722087
13230.0 0.5500284312562409
13233.6181640625 0.5500360103771655
13238.6201171875 0.5500213069220315
13240.0 0.5500376194447825
13243.62109375 0.5500804283286905
13248.6220703125 0.5501747680504219
13250.0 0.550201401341447
13253.6240234375 0.5502714511770547
13258.625 0.5501940391639332
13260.0 0.5501750834561763
13263.6259765625 0.550125092379572
13268.6279296875 0.5499793833968054
13270.0 0.5499335741140695
13273.62890625 0.5499767670053434
13278.6298828125 0.5498860950215182
13280.0 0.5498625813245579
13283.6318359375 0.5496358432171962
13288.6328125 0.549426094624381
13290.0 0.5493427142444952
13293.6337890625 0.5491210884344159
13298.6357421875 0.5488732229706494
13300.0 0.5487880201281172
13303.63671875 0.5485608809013356
13308.638671875 0.5483414579300334
13310.0 0.5482182779365414
13313.6396484375 0.5478889253223405
13318.640625 0.5472828531886452
13320.0 0.5471211551817201
13323.642578125 0.5468517310573037
13328.6435546875 0.5464257614161694
13330.0 0.5462430260457963
13333.64453125 0.5455882339416064
13338.6474609375 0.5447777088892
13340.0 0.5445131159007006
13343.6484375 0.543799344447872
13348.6494140625 0.5426133124419086
13350.0 0.5423263688910921
13353.6513671875 0.5415505622987643
13358.65234375 0.5404203809367255
13360.0 0.5401047599682902
13363.6533203125 0.5392491060687858
13368.6552734375 0.538085057137495
13370.0 0.5377499766860198
13373.65625 0.5368388586807373
13378.658203125 0.5356576867364753
13380.0 0.5353231372463961
13383.6591796875 0.5345715683716882
13388.66015625 0.5335624124046371
13390.0 0.5333105825541699
13393.662109375 0.532461644878094
13398.6630859375 0.5314284083228924
13400.0 0.5311455576878815
13403.6640625 0.5302647004564037
13408.666015625 0.5289859071237603
13410.0 0.5286640683384151
13413.6669921875 0.5277795403581063
13418.66796875 0.5266499339620079
13420.0 0.5263632484023182
13423.669921875 0.5255735465661697
13428.6708984375 0.5244779315794388
13430.0 0.5242360429180102
13433.671875 0.5235679115146448
13438.673828125 0.5228371154418071
13440.0 0.5227177326709207
13443.6748046875 0.5225447244138314
13448.6767578125 0.5223651684843611
13450.0 0.5223275720998631
13453.677734375 0.522065366751011
13458.6787109375 0.52170840616584
13460.0 0.5216050703556749
13463.6806640625 0.5213172569802207
13468.681640625 0.52126428552999
13470.0 0.5213055842892076
13473.6826171875 0.5214209024633647
13478.6845703125 0.5217863730225395
13480.0 0.5218298721059541
13483.685546875 0.5219517025338278
13488.6865234375 0.5221331001744174
13490.0 0.5222173181203955
13493.689453125 0.5224538100426377
13498.6904296875 0.5230262580447963
13500.0 0.523180622267675
13503.6923828125 0.5237490752200243
13508.693359375 0.5244743878005768
13510.0 0.524713661793988
13513.6943359375 0.5252310478033428
13518.6962890625 0.5258715869442249
13520.0 0.526009340547948
13523.697265625 0.5263998674663195
13528.6982421875 0.527029579109562
13530.0 0.5272341398114905
13533.7001953125 0.5278154048883898
13538.701171875 0.5287930275588129
13540.0 0.5289604584271761
13543.7021484375 0.5294375382697518
13548.7041015625 0.5298737338166807
13550.0 0.5300922490882974
13553.705078125 0.530716798584345
13558.7060546875 0.5314158397549946
13560.0 0.5316406400574937
13563.7080078125 0.5322846323333352
13568.708984375 0.5327878750094106
13570.0 0.5329397561295759
13573.7109375 0.5335385587426577
13578.7119140625 0.5344377869878605
13580.0 0.534609025429788
13583.712890625 0.5349398250203423
13588.71484375 0.5356188807627383
13590.0 0.5357690885390054
13593.7158203125 0.5362032403579515
13598.716796875 0.536626571153553
13600.0 0.5367952121184163
13603.71875 0.5369067803498866
13608.7197265625 0.5369914544639883
13610.0 0.5369684732925658
13613.720703125 0.5369012927415381
13618.72265625 0.5366868403566974
13620.0 0.5366679516954788
13623.7236328125 0.536612479707182
13628.724609375 0.5365951484529264
13630.0 0.5365783722337956
13633.7265625 0.5365289357918388
13638.7275390625 0.5365025530128749
13640.0 0.5364792968156825
13643.73046875 0.5364107206157915
13648.7314453125 0.5361589249159207
13650.0 0.5361358562868483
13653.732421875 0.5362315754035265
13658.734375 0.5362493730342153
13660.0 0.5362959121843227
13663.7353515625 0.5362687594947981
13668.736328125 0.5360140577873419
13670.0 0.5359553921204284
13673.73828125 0.5357815737976886
13678.7392578125 0.5354161133155426
13680.0 0.5353225295269041
13683.740234375 0.5350447543564709
13688.7421875 0.5348159479817881
13690.0 0.5347449914225597
13693.7431640625 0.5345336052311231
13698.7451171875 0.5341340514864958
13700.0 0.5340130140720522
13703.74609375 0.533651653585368
13708.7470703125 0.5330468993665892
13710.0 0.532901546130113
13713.7490234375 0.532466673196324
13718.75 0.5319967048253421
13720.0 0.5318880218830241
13723.7509765625 0.531561806078807
13728.7529296875 0.530964375858215
13730.0 0.530803475575305
13733.75390625 0.5303192524905039
13738.7548828125 0.5296188744395884
13740.0 0.5294273991657132
13743.7568359375 0.5290126295451144
13748.7578125 0.528348604805933
13750.0 0.5281736565242242
13753.7587890625 0.5274821094038545
13758.7607421875 0.5264570359656693
13760.0 0.5261999333975437
13763.76171875 0.5254199981618436
13768.763671875 0.5246062860799615
13770.0 0.5242701551176858
13773.7646484375 0.5232474253976201
13778.765625 0.522186086648653
13780.0 0.5218442291587713
13783.767578125 0.5208016311410915
13788.7685546875 0.5194626385741337
13790.0 0.5190924600230371
13793.76953125 0.5179602608177841
13798.7724609375 0.5162055231491169
13800.0 0.5157449721759737
13803.7734375 0.5144428753097803
13808.7744140625 0.5124660248142049
13810.0 0.5119947033563886
13813.7763671875 0.5105435878209487
13818.77734375 0.5084247644827279
13820.0 0.5079085675536187
13823.7783203125 0.506314684612953
13828.7802734375 0.5041625129057205
13830.0 0.5036493546663664
13833.78125 0.5028140944106431
13838.783203125 0.5017069217574979
13840.0 0.5014275063126605
13843.7841796875 0.5005573543238664
13848.78515625 0.4993145338241367
13850.0 0.49906617107914103
13853.787109375 0.49844528170966945
13858.7880859375 0.4979248880428484
13860.0 0.4978657504366613
13863.7890625 0.49752592194779865
13868.791015625 0.49740943736091786
13870.0 0.4974157605262688
13873.7919921875 0.49743530845832556
13878.79296875 0.4975303613548129
13880.0 0.4977256285167622
13883.794921875 0.49833986172982914
13888.7958984375 0.4994116244308501
13890.0 0.49975717374649153
13893.7978515625 0.5008478549119684
13898.798828125 0.5026815627526858
13900.0 0.5031448386310752
13903.7998046875 0.5046115302934101
13908.8017578125 0.5066106570970759
13910.0 0.5070168702528898
13913.802734375 0.5083070042282635
13918.8037109375 0.5097078417414075
13920.0 0.5098412123580854
13923.8056640625 0.5102656075646865
13928.806640625 0.5096207260980379
13930.0 0.5090717001025545
13933.8076171875 0.5073178859151924
13938.8095703125 0.5028666224464566
13940.0 0.501326836113367
13943.810546875 0.4963927989002232
13948.8115234375 0.48757982585071297
13950.0 0.48498492478041794
13953.814453125 0.47664793857830445
13958.8154296875 0.46282843519180344
13960.0 0.45896146524504233
13963.8173828125 0.44648716916842024
13968.818359375 0.42763063178295224
13970.0 0.4225474436433842
13973.8193359375 0.4061008680479711
13978.8212890625 0.3832051035660037
13980.0 0.37687237388374156
13983.822265625 0.3563163597330693
13988.8232421875 0.32866394974661683
13990.0 0.3219524562086114
13993.8251953125 0.30011416099708854
13998.826171875 0.2722689666791719
14000.0 0.26598913604629315
14003.8271484375 0.2454021004987234
14008.8291015625 0.21804906399957372
14010.0 0.21197290275919564
14013.830078125 0.19208750128200355
14018.8310546875 0.16716836657006073
14020.0 0.16179939517778655
14023.8330078125 0.1441855952258729
14028.833984375 0.12412921660802982
14030.0 0.11995432645572547
14033.8359375 0.10621300546987367
14038.8369140625 0.09118066889772074
14040.0 0.08819648469464798
14043.837890625 0.07834452740864431
14048.83984375 0.06757928615464352
14050.0 0.06540024137470918
14053.8408203125 0.05818269430230869
14058.841796875 0.050114161678463394
14060.0 0.04849054756757669
14063.84375 0.04309955079564969
14068.8447265625 0.0368844603827483
14070.0 0.035662251161244954
14073.845703125 0.03160164304746904
14078.84765625 0.02695310707521905
14080.0 0.026062418756286298
14083.8486328125 0.023077715010866254
14088.8505859375 0.02019760246331394
14090.0 0.01953584869528236
14093.8515625 0.017317283360931177
14098.8525390625 0.01514340287033925
14100.0 0.01471809532470951
14103.85546875 0.01328835303929749
14108.8564453125 0.011869831531903918
14110.0 0.011488864733301287
14113.857421875 0.010203156572709027
14118.859375 0.009015165696887916
14120.0 0.008783744696708604
14123.8603515625 0.00800013135866087
14128.861328125 0.0070810963105959945
14130.0 0.006897335935362185
14133.86328125 0.006273565814094154
14138.8642578125 0.005550462073474549
14140.0 0.005404422213538733
14143.865234375 0.004907163676683053
14148.8671875 0.0042511667995308025
14150.0 0.004163836584302447
14153.8681640625 0.003865486465483728
14158.8701171875 0.0035980705977091713
14160.0 0.0035474469536326265
14163.87109375 0.003373919248521322
14168.8720703125 0.0028769116989814433
14170.0 0.0027965259925398426
14173.8740234375 0.002520294388269516
14178.875 0.002263437161987142
14180.0 0.0022120197311074254
14183.8759765625 0.002034783182699867
14188.8779296875 0.0018285030290363683
14190.0 0.0017878111248691843
14193.87890625 0.0016465511953456858
14198.8798828125 0.0014756061876771566
14200.0 0.0014328138797454501
14203.8818359375 0.0012844565663202197
14208.8828125 0.0010442098200208
14210.0 0.0010007268438767256
14213.8837890625 0.0008495572257927172
14218.8857421875 0.0009929597072769747
14220.0 0.0009875387610954057
14223.88671875 0.000968628897479921
14228.888671875 0.0009628284159694255
14230.0 0.0009541680894886474
14233.8896484375 0.000923855847062643
14238.890625 0.0006643744466992504
14240.0 0.0006475192349189288
14243.892578125 0.0005883754899161858
14248.8935546875 0.0005457395337271942
14250.0 0.0005336419321461371
14253.89453125 0.000491058550850564
14258.8974609375 0.00044205503331873835
14260.0 0.0004340760796458634
14263.8984375 0.0004058625026345088
14268.8994140625 0.00037675207483535823
14270.0 0.0003694157734017415
14273.9013671875 0.0003434090506951571
14280.0 0.0003312217342517688
14290.0 0.00031123572315449536
14300.0 0.000291246828837294
14310.0 0.0002712550571464922
14320.0 0.0002512604139306359
14330.0 0.0002312629050404896
14340.0 0.00021126253632903545
14350.0 0.0001912593136514736
14360.0 0.00017125324286522146
14370.0 0.0001512443298299139
14380.0 0.0001312325804074026
14383.9306640625 0.00012336585870285072
14390.0 0.00011280837821974037
14400.0 9.53336000858789e-05
14403.935546875 8.848535212003897e-05
14410.0 8.131932622672508e-05
14420.0 6.950514506758023e-05
14423.9423828125 6.484831650506157e-05
14430.0 5.971629299824749e-05
14440.0 5.124589806984091e-05
14443.947265625 4.790296451562656e-05
14450.0 4.4192519165488445e-05
14460.0 3.8063496722054315e-05
14463.9521484375 3.564161966765336e-05
14470.0 3.237559954190898e-05
14480.0 2.697633727679233e-05
14483.9580078125 2.4839661794031486e-05
14490.0 2.6999461566246995e-05
14500.0 3.057342077828688e-05
14503.962890625 3.1985059659403956e-05
14510.0 2.689019567635979e-05
14520.0 1.8472436657531658e-05
14523.96875 1.5130013938540986e-05
14530.0 1.4433533297370983e-05
14540.0 1.3278100600533377e-05
14543.9736328125 1.281875024248691e-05
14550.0 1.3300298864097713e-05
14560.0 1.4099811558852974e-05
14563.98046875 1.4418209002074412e-05
14570.0 1.2795203047058275e-05
14580.0 1.0089197623233188e-05
14583.9853515625 9.014412783302569e-06
14590.0 9.298207803412437e-06
14600.0 9.770308623783181e-06
14603.9912109375 9.958383684428427e-06
14610.0 9.165438719515076e-06
14620.0 7.84529707404323e-06
14623.99609375 7.3175814957253045e-06
14630.0 6.945189963388406e-06
14640.0 6.324706264285996e-06
14644.0009765625 6.074377121527712e-06
14650.0 5.8645404319976965e-06
14660.0 5.519605855638154e-06
14664.0068359375 5.381350385259519e-06
14670.0 4.644206586550544e-06
14680.0 3.4137679910278147e-06
14684.01171875 2.9199874638524365e-06
14690.0 2.9417967214433114e-06
14700.0 2.978230063310755e-06
14704.017578125 2.99188586048757e-06
14710.0 3.0449023663733427e-06
14720.0 3.136011848540119e-06
14724.0234375 3.172681181984441e-06
14730.0 2.9403255323964194e-06
14740.0 2.5514009512090405e-06
14744.029296875 2.394639857773635e-06
14750.0 1.8494161770241495e-06
14760.0 9.351394729740836e-07
14764.0341796875 5.667947968273573e-07
14770.0 1.2016146420432593e-06
14780.0 2.2661088785621067e-06
14784.0390625 2.696206610215129e-06
14790.0 2.2200639239459154e-06
14800.0 1.4198248987122489e-06
14804.044921875 1.0967210928361427e-06
14810.0 1.2661323304042033e-06
14820.0 1.5506751654762818e-06
14824.0498046875 1.6659311535938224e-06
14830.0 1.265568414798777e-06
14840.0 5.920806299407004e-07
14844.0556640625 3.193072558259893e-07
14850.0 3.8812601058500505e-07
14860.0 5.039227054142275e-07
14864.060546875 5.50951342739512e-07
14870.0 8.547374531433268e-07
14880.0 1.3651934804048817e-06
14884.0673828125 1.573140755827572e-06
14890.0 1.2725830582696278e-06
14900.0 7.658559356960423e-07
14904.072265625 5.594643385898367e-07
14910.0 4.572194621775695e-07
14920.0 2.844626313131077e-07
14924.078125 2.141505864680192e-07
14930.0 3.9448776168735825e-07
14940.0 6.990796328317467e-07
14944.0830078125 8.234680955913617e-07
14950.0 1.3139304186569861e-06
14960.0 2.141244351877049e-06
14964.087890625 2.4799476390045353e-06
14970.0 2.43004409106211e-06
14980.0 2.34561699633172e-06
14990.0 2.259301482098948e-06
15000.0 2.1748987329271e-06
15010.0 2.0894721375653624e-06
15020.0 2.00244948529994e-06
15024.10546875 1.9674479079181844e-06
15030.0 1.8605854708567652e-06
15040.0 1.6793941151406527e-06
15044.1103515625 1.6044091568470908e-06
15050.0 1.1628209364432534e-06
15060.0 4.147888147612964e-07
15064.1162109375 1.070334595236252e-07
15070.0 2.662471698670184e-07
15080.0 5.362516191947668e-07
15084.12109375 6.475592617321502e-07
15090.0 8.54972974646216e-07
15100.0 1.2075888610037172e-06
15104.1259765625 1.3525440088966716e-06
15110.0 1.1994858716880489e-06
15120.0 9.401805500671308e-07
15124.1318359375 8.33092260110788e-07
15130.0 8.379434927217695e-07
15140.0 8.455047538489142e-07
15144.13671875 8.489181186164265e-07
15150.0 9.496139071255875e-07
15160.0 1.1212589870975362e-06
15164.142578125 1.191919849166873e-06
15170.0 1.5130855476522856e-06
15180.0 2.0620774478905604e-06
15184.1484375 2.28892314123069e-06
15190.0 2.071418647838255e-06
15200.0 1.701818689519122e-06
15210.0 1.3323649379934328e-06
15220.0 9.62428072267953e-07
15224.1591796875 8.091181795186597e-07
15230.0 8.159862997722266e-07
15240.0 8.270489616883209e-07
15244.1650390625 8.319360607572086e-07
15250.0 7.542079757356243e-07
15260.0 6.210874829459879e-07
15264.169921875 5.654148029450634e-07
15270.0 9.391651038659006e-07
15280.0 1.5802716101373456e-06
15284.1748046875 1.8471156313530104e-06
15290.0 1.8174902150578557e-06
15300.0 1.7682044462396795e-06
15304.1806640625 1.747003280855657e-06
15310.0 1.765068748958601e-06
15320.0 1.7975465849010905e-06
15330.0 1.8284697206506158e-06
15340.0 1.86086380758622e-06
15350.0 1.891649373022195e-06
15360.0 1.923959860363446e-06
15364.197265625 1.9375130089739645e-06
15370.0 1.674718969047716e-06
15380.0 1.2211258829910003e-06
15384.203125 1.0311792064249674e-06
15390.0 1.1231602344779905e-06
15400.0 1.2806540099916907e-06
15404.2080078125 1.3473109348322972e-06
15410.0 1.520542147945763e-06
15420.0 1.8179276592392636e-06
15424.212890625 1.9436810912628502e-06
15430.0 1.7412463216786322e-06
15440.0 1.390486985301769e-06
15444.21875 1.2432050411363238e-06
15450.0 1.1717771924934037e-06
15460.0 1.0474214580219664e-06
15464.2236328125 9.949883417293008e-07
15470.0 1.0709690086403997e-06
15480.0 1.2032617758313664e-06
15484.23046875 1.2587502868904637e-06
15490.0 1.2513378893074498e-06
15500.0 1.2395544524693377e-06
15504.2353515625 1.2342673175240797e-06
15510.0 1.0917979298770538e-06
15520.0 8.457354286893937e-07
15524.2412109375 7.411271820334973e-07
15530.0 7.170260990702067e-07
15540.0 6.758059261073489e-07
15550.0 6.340607740050422e-07
15560.0 5.923940735700305e-07
15564.251953125 5.749074939387609e-07
15570.0 6.203007690214954e-07
15580.0 6.986689500854264e-07
15584.2568359375 7.322463179601014e-07
15590.0 7.585088517930447e-07
15600.0 8.03550537651491e-07
15604.26171875 8.229970439520284e-07
15610.0 7.282901400671958e-07
15620.0 5.628130473432835e-07
15624.267578125 4.922957854051363e-07
15630.0 5.282445711685767e-07
15640.0 5.913558060197885e-07
15650.0 6.538925314625678e-07
15660.0 7.163017288807286e-07
15664.279296875 7.432390770858816e-07
15670.0 7.46121799542567e-07
15680.0 7.505230393814054e-07
15684.2841796875 7.526789620751989e-07
15690.0 6.811779386678586e-07
15700.0 5.556453918646102e-07
15704.2900390625 5.01869098639657e-07
15710.0 6.907517013891579e-07
15720.0 1.0218869994115185e-06
15724.294921875 1.163648707294925e-06
15730.0 9.011524869121975e-07
15740.0 4.417745985575634e-07
15744.30078125 2.4458228751086756e-07
15750.0 3.1247868821702764e-07
15760.0 4.3121338155203386e-07
15770.0 5.497060710065421e-07
15780.0 6.679569571284173e-07
15784.310546875 7.191194565735625e-07
15790.0 7.1344380839832e-07
15800.0 7.02870366279641e-07
15804.3173828125 6.983236311782547e-07
15810.0 6.558534074195748e-07
15820.0 5.817274784782084e-07
15830.0 5.071862855970441e-07
15840.0 4.3279025588895343e-07
15844.328125 4.0063575933398524e-07
15850.0 5.846869081141837e-07
15860.0 9.094640287109873e-07
15864.3330078125 1.0497749525917252e-06
15870.0 9.078047326684509e-07
15880.0 6.576678737358859e-07
15890.0 4.0802167592092075e-07
15900.0 1.5900247892024952e-07
15904.34375 5.0835264439180544e-08
15910.0 1.385939699126478e-07
15920.0 2.9350805589072166e-07
15924.3486328125 3.6077911839465495e-07
15930.0 3.9028107345052756e-07
15940.0 4.424031301186903e-07
15944.35546875 4.652470234083305e-07
15950.0 3.7315854155418765e-07
15960.0 2.0986316833315347e-07
15964.3603515625 1.3876149774371273e-07
15970.0 3.7473453633818146e-07
15980.0 7.925050165603876e-07
15984.3662109375 9.7465282203386e-07
15990.0 9.733968253280852e-07
16000.0 9.720103242927083e-07
16004.37109375 9.710540063728539e-07
16010.0 7.74060380665238e-07
16020.0 4.246117830568114e-07
16024.376953125 2.7186876751017656e-07
16030.0 6.744814994698872e-07
16040.0 1.389419367722462e-06
16044.3818359375 1.702263252150172e-06
16050.0 1.5625896761111598e-06
16060.0 1.3154902318104013e-06
16070.0 1.0675049655426892e-06
16080.0 8.199915470338152e-07
16084.392578125 7.114184025609473e-07
16090.0 7.306191584903353e-07
16100.0 7.648087117305815e-07
16104.3984375 7.798256582878304e-07
16110.0 7.318054025208798e-07
16120.0 6.46205995130909e-07
16130.0 5.607696997519536e-07
16140.0 4.7549636560912917e-07
16150.0 3.9038603486328026e-07
16160.0 3.0570638872222553e-07
16164.4150390625 2.6822093358644813e-07
16170.0 3.517798697934747e-07
16180.0 5.011690572763249e-07
16184.419921875 5.671059464439275e-07
16190.0 6.323555288204341e-07
16200.0 7.491120036857686e-07
16204.42578125 8.006485258825735e-07
16210.0 8.442192056436705e-07
16220.0 9.222426463564895e-07
16224.4306640625 9.567541918345014e-07
16230.0 8.636548755634425e-07
16240.0 6.967888171257175e-07
16244.435546875 6.22897150235108e-07
16250.0 7.113830387455102e-07
16260.0 8.701164749292232e-07
16264.4423828125 9.405139754087684e-07
16270.0 9.675469098879758e-07
16280.0 1.0160990893288289e-06
16284.447265625 1.0376548131208349e-06
16290.0 9.535955111305495e-07
16300.0 8.024824758548422e-07
16304.453125 7.353017975665437e-07
16310.0 6.465860871589159e-07
16320.0 4.869346459210605e-07
16324.4580078125 4.1588068059057384e-07
16330.0 3.1874339845801914e-07
16340.0 1.43783561307415e-07
16344.4638671875 6.581469468133884e-08
16350.0 3.1568004263832723e-07
16360.0 7.662011788342473e-07
16364.46875 9.66803691128059e-07
16370.0 9.481747584881387e-07
16380.0 9.154153059648311e-07
16384.474609375 9.00780812590085e-07
16390.0 1.0176924775890779e-06
16400.0 1.2288978691413099e-06
16410.0 1.4404574293947757e-06
16420.0 1.6517705278941205e-06
16424.484375 1.7464511317114852e-06
16430.0 1.4617810553118177e-06
16440.0 9.461283084176954e-07
16444.490234375 7.147823998276034e-07
16450.0 6.279430748563139e-07
16460.0 4.7005140057094865e-07
16464.49609375 3.993753002639248e-07
16470.0 4.858318536793723e-07
16480.0 6.427711597653823e-07
16490.0 7.995257599739379e-07
16500.0 9.560953877947678e-07
16504.5078125 1.0266135205479926e-06
16510.0 8.606150822890661e-07
16520.0 5.586451288482755e-07
16524.513671875 4.222893651546991e-07
16530.0 4.0166395133380086e-07
16540.0 3.64486213297553e-07
16550.0 3.273520608474463e-07
16560.0 2.902614942125954e-07
16570.0 2.532146554826633e-07
16580.0 2.1601445807346546e-07
16584.529296875 1.992842820526842e-07
16590.0 3.529386899246208e-07
16600.0 6.335458590162744e-07
16604.533203125 7.597677600085408e-07
16610.0 5.953306256376988e-07
16620.0 2.9571534016888825e-07
16624.5390625 1.605817348943721e-07
16630.0 3.138250407887447e-07
16640.0 5.930787122268442e-07
16644.544921875 7.194154830049547e-07
16650.0 6.330524384529172e-07
16660.0 4.750603608947457e-07
16664.55078125 4.0375219149067555e-07
16670.0 3.503446810483255e-07
16680.0 2.528085850739169e-07
16690.0 1.5573995187819068e-07
16700.0 5.951375010838524e-08
16704.5625 1.581245860549569e-08
16710.0 1.1875648276486819e-07
16720.0 3.068669940233959e-07
16724.56640625 3.92417676872292e-07
16730.0 3.108981025698642e-07
16740.0 1.6160139488962652e-07
16744.572265625 9.361463817883579e-08
16750.0 9.129583147591341e-08
16760.0 8.713032682886298e-08
16770.0 8.299013966189205e-08
16780.0 7.880153750806767e-08
16784.58203125 7.692618195950838e-08
16790.0 3.2641305120404693e-07
16800.0 7.838817017458903e-07
16804.58984375 9.930260668754528e-07
16810.0 7.975972973163702e-07
16820.0 4.381264958277283e-07
16824.59375 2.736386375825356e-07
16830.0 3.188312922509285e-07
16840.0 4.0226733397127233e-07
16850.0 4.847090227320312e-07
16860.0 5.66994210670617e-07
16864.60546875 6.044475964342842e-07
16870.0 7.192028085397404e-07
16880.0 9.314392054774862e-07
16884.611328125 1.0288452281394597e-06
16890.0 9.804932140609723e-07
16900.0 8.903506110965184e-07
16910.0 8.016971771890006e-07
16920.0 7.1292305075763e-07
16924.62109375 6.724400525908489e-07
16930.0 1.0368008459347315e-06
16940.0 1.70917446316702e-06
16944.626953125 2.0192508711907057e-06
16950.0 1.9640521302746574e-06
16960.0 1.8600267416501534e-06
16970.0 1.7568271695785115e-06
16980.0 1.65604130833173e-06
16990.0 1.554390180379875e-06
17000.0 1.4549584662413078e-06
17004.642578125 1.4078821830368266e-06
17010.0 1.1686013943230642e-06
17020.0 7.260655329913188e-07
17024.6484375 5.213341803539419e-07
17030.0 4.6033822725542356e-07
17040.0 3.472259919547629e-07
17044.654296875 2.950970135937838e-07
17050.0 3.7765415143638716e-07
17060.0 5.306003487953248e-07
17064.66015625 6.016139722458218e-07
17070.0 5.695397901104615e-07
17080.0 5.093433748409207e-07
17090.0 4.4973791258252033e-07
17100.0 3.911036726776552e-07
17110.0 3.3261636992735537e-07
17120.0 2.7471321549779525e-07
17130.0 2.1760578090859596e-07
17140.0 1.6080824886431217e-07
17144.681640625 1.3441625260230577e-07
17150.0 1.7671345544657426e-07
17160.0 2.5586297331142474e-07
17170.0 3.340128936872558e-07
17180.0 4.113410803655423e-07
17184.69140625 4.475450403786144e-07
17190.0 3.9448104112701586e-07
17200.0 2.9486626150707064e-07
17204.697265625 2.4748631109032914e-07
17210.0 2.6879320022324244e-07
17220.0 3.080923776496236e-07
17224.703125 3.263318034378828e-07
17230.0 3.80624685301434e-07
17240.0 4.805843773301441e-07
17244.708984375 5.266567595194016e-07
17250.0 5.269379359423349e-07
17260.0 5.273249513880332e-07
17264.71484375 5.274421728414357e-07
17270.0 4.55926551700621e-07
17280.0 3.237395906342345e-07
17290.0 1.9474178577012662e-07
17300.0 6.937061138662644e-08
17304.724609375 1.139278931439262e-08
17310.0 3.206751306314463e-08
17320.0 7.036808395968376e-08
17324.73046875 8.808158386312609e-08
17330.0 7.730097901151944e-08
17340.0 5.728914513268396e-08
17350.0 3.7897921053352095e-08
17360.0 1.9026955362100157e-08
17364.740234375 1.0282842810971887e-08
17370.0 6.671096877190128e-08
17380.0 1.7139609338532522e-07
17384.74609375 2.198943370059186e-07
17390.0 5.137848074138182e-07
17400.0 1.0592382824750408e-06
17404.751953125 1.3032551604385492e-06
17410.0 1.1326250592329215e-06
17420.0 8.212053906184855e-07
17424.7578125 6.793229899552848e-07
17430.0 5.347542532573627e-07
17440.0 2.718148451378463e-07
17444.763671875 1.5245663845059573e-07
17450.0 1.750978327126694e-07
17460.0 2.1576764844600297e-07
17470.0 2.5308524476847493e-07
17480.0 2.870741016710405e-07
17484.7734375 3.0213157816710374e-07
17490.0 2.581256991940281e-07
17500.0 1.783684993923579e-07
17504.779296875 1.4229996712974148e-07
17510.0 1.2007035996668699e-07
17520.0 7.990441648815333e-08
17524.78515625 6.180109400579426e-08
17530.0 8.707464767618025e-08
17540.0 1.319170448372659e-07
17544.7890625 1.5171422532098517e-07
17550.0 1.5776423996797478e-07
17560.0 1.6792120139957805e-07
17564.796875 1.7211855073312741e-07
17570.0 1.3268932378900347e-07
17580.0 6.259771023717139e-08
17584.80078125 3.159402934377947e-08
17590.0 6.813837925855394e-08
17600.0 1.3143598783527543e-07
17604.806640625 1.6083055003355908e-07
17610.0 1.5434809755523048e-07
17620.0 1.422629858889081e-07
17624.8125 1.3663250604344642e-07
17630.0 1.8730149973519831e-07
17640.0 2.7807037388270545e-07
17644.81640625 3.1855874702582325e-07
17650.0 2.797242975759248e-07
17660.0 2.0898831905737135e-07
17664.822265625 1.7708899221522327e-07
17670.0 1.440065294934553e-07
17680.0 8.45036757214326e-08
17684.828125 5.783612483381184e-08
17690.0 5.408692156867641e-08
17700.0 4.7147811648195036e-08
17704.833984375 4.399245374907332e-08
17710.0 7.80371092374987e-08
17720.0 1.3719673318880422e-07
17724.83984375 1.6265215201366853e-07
17730.0 1.638067335555458e-07
17740.0 1.6435815999864943e-07
17750.0 1.6312429596423995e-07
17760.0 1.5993805437278454e-07
17764.849609375 1.5769434072206713e-07
17770.0 1.4018073365961088e-07
17780.0 1.0899776474729065e-07
17790.0 8.183066791535904e-08
17800.0 5.8493090546745145e-08
17810.0 4.3692848198158346e-08
17820.0 2.9992435318586315e-08
17824.865234375 2.3685206595823783e-08
17830.0 2.1543188847343322e-08
17840.0 1.7611757292749242e-08
17844.87109375 1.5798235800293205e-08
17850.0 3.619476771847498e-08
17860.0 7.29234983445921e-08
17864.876953125 8.944769750128606e-08
17870.0 8.111796852863857e-08
17880.0 6.573055310754711e-08
17884.8828125 5.871571753531902e-08
17890.0 4.275648234039826e-08
17900.0 1.4027648076336424e-08
17904.888671875 1.1916259872529972e-09
17910.0 1.1557645379780303e-09
17920.0 1.0840614898746818e-09
17924.89453125 1.0494977821091281e-09
17930.0 5.6266261266288676e-09
17940.0 1.3556637794821276e-08
17944.8984375 1.6955087415637436e-08
17950.0 1.8836176295134447e-08
17960.0 2.183439473150732e-08
17964.904296875 2.2996817857572e-08
17970.0 2.2368280545517258e-08
17980.0 2.095521988405777e-08
17984.91015625 2.0199983658336698e-08
17990.0 1.995928876065095e-08
18000.0 1.9083577762501883e-08
18001.0 0.0
18002.0 0.0
18004.9140625 0.0
18024.921875 0.0
18044.92578125 0.0
18064.931640625 0.0
18104.943359375 0.0
18144.953125 0.0
18164.958984375 0.0
18184.96484375 0.0
18200.0 0.0
18204.970703125 0.0
18224.974609375 0.0
18244.98046875 0.0
18264.986328125 0.0
18284.9921875 0.0
18304.99609375 0.0
18325.001953125 0.0
18345.0078125 0.0
18365.013671875 0.0
18385.01953125 0.0
18400.0 0.0
18405.0234375 0.0
18425.029296875 0.0
18445.03515625 0.0
18465.041015625 0.0
18485.046875 0.0
18505.05078125 0.0
18525.056640625 0.0
18565.068359375 0.0
18585.072265625 0.0
18600.0 0.0
18605.078125 0.0
18625.083984375 0.0
18665.095703125 0.0
18685.099609375 0.0
18705.10546875 0.0
18725.111328125 0.0
18745.1171875 0.0
18785.12890625 0.0
18800.0 0.0
18805.1328125 0.0
18825.138671875 0.0
18845.14453125 0.0
18865.1484375 0.0
18885.154296875 0.0
18905.16015625 0.0
18925.166015625 0.0
18945.171875 0.0
18965.177734375 0.0
18985.181640625 0.0
19000.0 0.0
19005.1875 0.0
19006.1875 0.0
19007.1875 0.0
19200.0 0.0
19400.0 0.0
19600.0 0.0
19800.0 0.0
20000.0 0.0
20001.0 0.0
20002.0 0.0
30000.0 0.0
30010.0 0.0
