# WAVELENGTH THROUGHPUT
500.0 0.0
998.0 0.0
999.0 0.0
1000.0 0.0
1010.0 0.0
1020.0 0.0
1030.0 0.0
1040.0 0.0
1050.0 0.0
1060.0 0.0
1070.0 0.0
1080.0 0.0
1090.0 0.0
1100.0 0.0
1110.0 0.0
1120.0 0.0
1130.0 0.0
1140.0 0.0
1150.0 0.0
1160.0 0.0
1170.0 0.0
1180.0 0.0
1190.0 0.0
1200.0 0.0
1210.0 0.0
1220.0 0.0
1230.0 0.0
1240.0 0.0
1250.0 0.0
1260.0 0.0
1270.0 0.0
1280.0 0.0
1290.0 0.0
1300.0 0.0
1310.0 0.0
1320.0 0.0
1330.0 0.0
1340.0 0.0
1350.0 0.0
1360.0 0.0
1370.0 0.0
1380.0 0.0
1390.0 0.0
1400.0 0.0
1410.0 0.0
1420.0 0.0
1430.0 0.0
1440.0 0.0
1450.0 0.0
1460.0 0.0
1470.0 0.0
1480.0 0.0
1490.0 0.0
1500.0 0.0
1510.0 0.0
1520.0 0.0
1530.0 0.0
1540.0 0.0
1550.0 0.0
1560.0 0.0
1570.0 0.0
1580.0 0.0
1590.0 0.0
1600.0 0.0
1610.0 0.0
1620.0 0.0
1630.0 0.0
1640.0 0.0
1650.0 0.0
1660.0 0.0
1670.0 0.0
1680.0 0.0
1690.0 0.0
1700.0 0.0
1710.0 0.0
1720.0 0.0
1730.0 0.0
1740.0 0.0
1750.0 0.0
1760.0 0.0
1770.0 0.0
1780.0 0.0
1790.0 0.0
1800.0 0.0
1810.0 0.0
1820.0 0.0
1830.0 0.0
1840.0 0.0
1850.0 0.0
1860.0 0.0
1870.0 0.0
1880.0 0.0
1890.0 0.0
1900.0 0.0
1910.0 0.0
1920.0 0.0
1930.0 0.0
1940.0 0.0
1950.0 0.0
1960.0 0.0
1970.0 0.0
1980.0 0.0
1988.0 0.0
1989.0 0.0
1990.0 0.0
2000.0 0.0
2010.0 0.0
2020.0 0.0
2030.0 0.0
2040.0 0.0
2050.0 0.0
2060.0 0.0
2070.0 0.0
2080.0 0.0
2090.0 0.0
2100.0 0.0
2110.0 0.0
2120.0 0.0
2130.0 0.0
2140.0 0.0
2150.0 0.0
2160.0 0.0
2170.0 0.0
2180.0 0.0
2190.0 0.0
2200.0 0.0
2210.0 0.0
2220.0 0.0
2230.0 0.0
2240.0 0.0
2250.0 0.0
2260.0 0.0
2270.0 0.0
2280.0 0.0
2290.0 0.0
2300.0 0.0
2310.0 0.0
2320.0 0.0
2330.0 0.0
2340.0 0.0
2350.0 0.0
2360.0 0.0
2370.0 0.0
2380.0 0.0
2390.0 0.0
2400.0 0.0
2410.0 0.0
2420.0 0.0
2430.0 0.0
2440.0 0.0
2450.0 0.0
2460.0 0.0
2470.0 0.0
2480.0 0.0
2490.0 0.0
2500.0 0.0
2510.0 0.0
2520.0 0.0
2530.0 0.0
2540.0 0.0
2550.0 0.0
2560.0 0.0
2570.0 0.0
2580.0 0.0
2590.0 0.0
2600.0 0.0
2610.0 0.0
2620.0 0.0
2630.0 0.0
2640.0 0.0
2650.0 0.0
2660.0 0.0
2670.0 0.0
2680.0 0.0
2690.0 0.0
2700.0 0.0
2710.0 0.0
2720.0 0.0
2730.0 0.0
2740.0 0.0
2750.0 0.0
2760.0 0.0
2770.0 0.0
2780.0 0.0
2790.0 0.0
2800.0 0.0
2810.0 0.0
2820.0 0.0
2830.0 0.0
2840.0 0.0
2850.0 0.0
2860.0 0.0
2870.0 0.0
2880.0 0.0
2890.0 0.0
2900.0 0.0
2910.0 0.0
2920.0 0.0
2930.0 0.0
2940.0 0.0
2950.0 0.0
2960.0 0.0
2970.0 0.0
2980.0 0.0
2990.0 0.0
3000.0 0.0
3010.0 0.0
3020.0 0.0
3030.0 0.0
3040.0 0.0
3050.0 0.0
3060.0 0.0
3070.0 0.0
3080.0 0.0
3090.0 0.0
3100.0 0.0
3110.0 0.0
3120.0 0.0
3130.0 0.0
3140.0 0.0
3150.0 0.0
3160.0 0.0
3170.0 0.0
3180.0 0.0
3190.0 0.0
3200.0 0.0
3210.0 0.0
3220.0 0.0
3230.0 0.0
3240.0 0.0
3250.0 0.0
3260.0 0.0
3270.0 0.0
3280.0 0.0
3290.0 0.0
3300.0 0.0
3310.0 0.0
3320.0 0.0
3330.0 0.0
3340.0 0.0
3350.0 0.0
3360.0 0.0
3370.0 0.0
3380.0 0.0
3390.0 0.0
3400.0 0.0
3410.0 0.0
3420.0 0.0
3430.0 0.0
3440.0 0.0
3450.0 0.0
3460.0 0.0
3470.0 0.0
3480.0 0.0
3490.0 0.0
3500.0 0.0
3510.0 0.0
3520.0 0.0
3530.0 0.0
3540.0 0.0
3550.0 0.0
3560.0 0.0
3570.0 0.0
3580.0 0.0
3590.0 0.0
3600.0 0.0
3610.0 0.0
3620.0 0.0
3630.0 0.0
3640.0 0.0
3650.0 0.0
3660.0 0.0
3670.0 0.0
3680.0 0.0
3690.0 0.0
3700.0 0.0
3710.0 0.0
3720.0 0.0
3730.0 0.0
3740.0 0.0
3750.0 0.0
3760.0 0.0
3770.0 0.0
3780.0 0.0
3790.0 0.0
3800.0 0.0
3810.0 0.0
3820.0 0.0
3830.0 0.0
3840.0 0.0
3850.0 0.0
3860.0 0.0
3870.0 0.0
3880.0 0.0
3890.0 0.0
3900.0 0.0
3910.0 0.0
3920.0 0.0
3930.0 0.0
3940.0 0.0
3950.0 0.0
3960.0 0.0
3970.0 0.0
3980.0 0.0
3990.0 0.0
3998.0 0.0
3999.0 0.0
4000.0 0.0
4010.0 0.0
4020.0 0.0
4030.0 0.0
4040.0 0.0
4050.0 0.0
4060.0 0.0
4070.0 0.0
4080.0 0.0
4090.0 0.0
4100.0 0.0
4110.0 0.0
4120.0 0.0
4130.0 0.0
4140.0 0.0
4150.0 0.0
4160.0 0.0
4170.0 0.0
4180.0 0.0
4190.0 0.0
4200.0 0.0
4210.0 0.0
4220.0 0.0
4230.0 0.0
4240.0 0.0
4250.0 0.0
4260.0 0.0
4270.0 0.0
4280.0 0.0
4290.0 0.0
4300.0 0.0
4310.0 0.0
4320.0 0.0
4330.0 0.0
4340.0 0.0
4350.0 0.0
4360.0 0.0
4370.0 0.0
4380.0 0.0
4390.0 0.0
4400.0 0.0
4410.0 0.0
4420.0 0.0
4430.0 0.0
4440.0 0.0
4450.0 0.0
4460.0 0.0
4470.0 0.0
4480.0 0.0
4490.0 0.0
4500.0 0.0
4510.0 0.0
4520.0 0.0
4530.0 0.0
4540.0 0.0
4550.0 0.0
4560.0 0.0
4570.0 0.0
4580.0 0.0
4590.0 0.0
4600.0 0.0
4610.0 0.0
4620.0 0.0
4630.0 0.0
4640.0 0.0
4650.0 0.0
4660.0 0.0
4670.0 0.0
4680.0 0.0
4690.0 0.0
4700.0 0.0
4710.0 0.0
4720.0 0.0
4730.0 0.0
4740.0 0.0
4750.0 0.0
4760.0 0.0
4770.0 0.0
4780.0 0.0
4790.0 0.0
4800.0 0.0
4810.0 0.0
4820.0 0.0
4830.0 0.0
4840.0 0.0
4850.0 0.0
4860.0 0.0
4870.0 0.0
4880.0 0.0
4890.0 0.0
4900.0 0.0
4910.0 0.0
4920.0 0.0
4930.0 0.0
4940.0 0.0
4950.0 0.0
4960.0 0.0
4970.0 0.0
4980.0 0.0
4990.0 0.0
5000.0 0.0
5010.0 0.0
5020.0 0.0
5030.0 0.0
5040.0 0.0
5050.0 0.0
5060.0 0.0
5070.0 0.0
5080.0 0.0
5090.0 0.0
5100.0 0.0
5110.0 0.0
5120.0 0.0
5130.0 0.0
5140.0 0.0
5150.0 0.0
5160.0 0.0
5170.0 0.0
5180.0 0.0
5190.0 0.0
5200.0 0.0
5210.0 0.0
5220.0 0.0
5230.0 0.0
5240.0 0.0
5250.0 0.0
5260.0 0.0
5270.0 0.0
5280.0 0.0
5290.0 0.0
5300.0 0.0
5310.0 0.0
5320.0 0.0
5330.0 0.0
5340.0 0.0
5350.0 0.0
5360.0 0.0
5370.0 0.0
5380.0 0.0
5390.0 0.0
5400.0 0.0
5410.0 0.0
5420.0 0.0
5430.0 0.0
5440.0 0.0
5450.0 0.0
5460.0 0.0
5470.0 0.0
5480.0 0.0
5490.0 0.0
5500.0 0.0
5510.0 0.0
5520.0 0.0
5530.0 0.0
5540.0 0.0
5550.0 0.0
5560.0 0.0
5570.0 0.0
5580.0 0.0
5590.0 0.0
5600.0 0.0
5610.0 0.0
5620.0 0.0
5630.0 0.0
5640.0 0.0
5650.0 0.0
5660.0 0.0
5670.0 0.0
5680.0 0.0
5690.0 0.0
5700.0 0.0
5710.0 0.0
5720.0 0.0
5730.0 0.0
5740.0 0.0
5750.0 0.0
5760.0 0.0
5770.0 0.0
5780.0 0.0
5790.0 0.0
5800.0 0.0
5810.0 0.0
5820.0 0.0
5830.0 0.0
5840.0 0.0
5850.0 0.0
5860.0 0.0
5870.0 0.0
5880.0 0.0
5890.0 0.0
5900.0 0.0
5910.0 0.0
5920.0 0.0
5930.0 0.0
5940.0 0.0
5950.0 0.0
5960.0 0.0
5970.0 0.0
5980.0 0.0
5990.0 0.0
6000.0 0.0
6010.0 0.0
6020.0 0.0
6030.0 0.0
6040.0 0.0
6050.0 0.0
6060.0 0.0
6070.0 0.0
6080.0 0.0
6090.0 0.0
6100.0 0.0
6110.0 0.0
6120.0 0.0
6130.0 0.0
6140.0 0.0
6150.0 0.0
6160.0 0.0
6170.0 0.0
6180.0 0.0
6190.0 0.0
6200.0 0.0
6210.0 0.0
6220.0 0.0
6230.0 0.0
6240.0 0.0
6250.0 0.0
6260.0 0.0
6270.0 0.0
6280.0 0.0
6290.0 0.0
6300.0 0.0
6310.0 0.0
6320.0 0.0
6330.0 0.0
6340.0 0.0
6350.0 0.0
6360.0 0.0
6370.0 0.0
6380.0 0.0
6390.0 0.0
6400.0 0.0
6410.0 0.0
6420.0 0.0
6430.0 0.0
6440.0 0.0
6450.0 0.0
6460.0 0.0
6470.0 0.0
6480.0 0.0
6490.0 0.0
6500.0 0.0
6510.0 0.0
6520.0 0.0
6530.0 0.0
6540.0 0.0
6550.0 0.0
6560.0 0.0
6570.0 0.0
6580.0 0.0
6590.0 0.0
6600.0 0.0
6610.0 0.0
6620.0 0.0
6630.0 0.0
6640.0 0.0
6650.0 0.0
6660.0 0.0
6670.0 0.0
6680.0 0.0
6690.0 0.0
6700.0 0.0
6710.0 0.0
6720.0 0.0
6730.0 0.0
6740.0 0.0
6750.0 0.0
6760.0 0.0
6770.0 0.0
6780.0 0.0
6790.0 0.0
6800.0 0.0
6810.0 0.0
6820.0 0.0
6830.0 0.0
6840.0 0.0
6850.0 0.0
6860.0 0.0
6870.0 0.0
6880.0 0.0
6890.0 0.0
6900.0 0.0
6910.0 0.0
6920.0 0.0
6930.0 0.0
6940.0 0.0
6950.0 0.0
6960.0 0.0
6970.0 0.0
6980.0 0.0
6990.0 0.0
6999.9306640625 0.0
7000.0 0.0
7000.9306640625 0.0
7001.9306640625 0.0
7010.0 0.0
7020.0 0.0
7030.0 0.0
7040.0 0.0
7050.0 0.0
7051.94384765625 0.0
7060.0 0.0
7070.0 0.0
7080.0 0.0
7090.0 0.0
7100.0 0.0
7101.95751953125 0.0
7110.0 0.0
7120.0 0.0
7130.0 0.0
7140.0 0.0
7150.0 0.0
7151.970703125 0.0
7160.0 0.0
7170.0 0.0
7180.0 0.0
7190.0 0.0
7200.0 0.0
7201.984375 0.0
7210.0 0.0
7220.0 0.0
7230.0 0.0
7240.0 0.0
7250.0 0.0
7251.998046875 0.0
7260.0 0.0
7270.0 0.0
7280.0 0.0
7290.0 0.0
7300.0 0.0
7302.01123046875 0.0
7310.0 0.0
7320.0 0.0
7330.0 0.0
7340.0 0.0
7350.0 0.0
7352.02490234375 0.0
7360.0 0.0
7370.0 0.0
7380.0 0.0
7390.0 0.0
7400.0 0.0
7402.0380859375 0.0
7410.0 0.0
7420.0 0.0
7430.0 0.0
7440.0 0.0
7450.0 0.0
7452.0517578125 0.0
7460.0 0.0
7470.0 0.0
7480.0 0.0
7490.0 0.0
7500.0 0.0
7502.0654296875 0.0
7510.0 0.0
7520.0 0.0
7530.0 0.0
7540.0 0.0
7550.0 0.0
7552.07861328125 0.0
7560.0 0.0
7570.0 0.0
7580.0 0.0
7590.0 0.0
7600.0 0.0
7602.09228515625 0.0
7610.0 0.0
7620.0 0.0
7630.0 0.0
7640.0 0.0
7650.0 0.0
7652.10595703125 0.0
7660.0 0.0
7670.0 0.0
7680.0 0.0
7690.0 0.0
7700.0 0.0
7702.119140625 0.0
7710.0 0.0
7720.0 0.0
7730.0 0.0
7740.0 0.0
7750.0 0.0
7752.1328125 0.0
7760.0 0.0
7770.0 0.0
7780.0 0.0
7790.0 0.0
7800.0 0.0
7802.14599609375 0.0
7810.0 0.0
7820.0 0.0
7830.0 0.0
7840.0 0.0
7850.0 0.0
7852.15966796875 0.0
7860.0 0.0
7870.0 0.0
7880.0 0.0
7890.0 0.0
7900.0 0.0
7902.17333984375 0.0
7910.0 0.0
7920.0 0.0
7930.0 0.0
7940.0 0.0
7950.0 0.0
7952.1865234375 0.0
7960.0 0.0
7970.0 0.0
7980.0 0.0
7990.0 0.0
7998.0 0.0
7999.0 0.0
8000.0 7.087434827228827e-05
8002.2001953125 6.264752080634367e-05
8010.0 6.762424830515945e-05
8020.0 7.403678849262286e-05
8030.0 8.048180817170515e-05
8040.0 8.694533385246484e-05
8050.0 9.343696352816714e-05
8052.2138671875 9.487783660032311e-05
8060.0 9.009755349649084e-05
8070.0 8.393452459067057e-05
8080.0 7.774509281035025e-05
8090.0 7.152915540990925e-05
8100.0 6.52863801244692e-05
8102.2275390625 6.389215704322085e-05
8110.0 6.400217883006905e-05
8120.0 6.414386292049027e-05
8130.0 6.428591752308691e-05
8140.0 6.442823599729637e-05
8150.0 6.457070556137336e-05
8152.24072265625 6.460269095877021e-05
8160.0 5.968894342410637e-05
8170.0 5.3332154259358126e-05
8180.0 4.6948143141930836e-05
8190.0 4.0616104675526383e-05
8200.0 3.423164885051346e-05
8202.25390625 3.278391319278e-05
8210.0 3.796937060913821e-05
8220.0 4.47089119462924e-05
8230.0 5.149959916824816e-05
8240.0 5.83002295896866e-05
8250.0 6.514272503038323e-05
8252.267578125 6.670013680962787e-05
8260.0 6.686630225821102e-05
8270.0 6.708141336742204e-05
8280.0 6.729701800727009e-05
8290.0 6.751296856151551e-05
8300.0 6.772918309682916e-05
8302.28125 6.777858545232937e-05
8310.0 6.270052958457851e-05
8320.0 5.608472722591394e-05
8330.0 4.942706466652552e-05
8340.0 4.27276301631786e-05
8350.0 3.598615182252433e-05
8352.294921875 3.443312126272444e-05
8360.0 3.451414060431138e-05
8370.0 3.4546154767797886e-05
8380.0 3.457809893828657e-05
8390.0 3.461009308429059e-05
8400.0 3.464207446548133e-05
8402.30859375 3.4647889099100294e-05
8410.0 4.001095792094896e-05
8420.0 4.699286258608144e-05
8430.0 5.398521740683632e-05
8440.0 6.098795493653043e-05
8450.0 6.800106705974536e-05
8452.322265625 6.963121207734979e-05
8460.0 6.43206413694589e-05
8470.0 5.739461357438775e-05
8480.0 5.045834677847212e-05
8490.0 4.3512207050004264e-05
8500.0 3.6556382452514584e-05
8502.3349609375 3.4935783737589974e-05
8510.0 4.033911144627364e-05
8520.0 4.7407104852528246e-05
8530.0 5.4495831246143694e-05
8540.0 6.160511593270994e-05
8550.0 6.865696240605112e-05
8552.3486328125 7.031381695569059e-05
8560.0 8.105795579292977e-05
8570.0 9.510742246309556e-05
8580.0 0.00010916539691540567
8590.0 0.00012323161658694284
8600.0 0.0001373057283269017
8602.3623046875 0.00014062633052421532
8610.0 0.00013706139559719737
8620.0 0.0001323923198780933
8630.0 0.00012772160719248194
8640.0 0.00012323884143469394
8650.0 0.00011874014132441164
8660.0 0.00011422532517056175
8670.0 0.0001096947980207945
8680.0 0.00010514843464113508
8690.0 0.00010058623857657828
8700.0 9.600830837458746e-05
8710.0 9.141446273375671e-05
8720.0 8.68050774811747e-05
8730.0 8.256734169999498e-05
8740.0 7.827127259248217e-05
8750.0 7.391651235420481e-05
8752.4033203125 7.286113109137597e-05
8760.0 7.877489413740245e-05
8770.0 8.664205074144372e-05
8780.0 9.460377207258942e-05
8790.0 0.0001026604932912305
8800.0 0.00011081275639823156
8810.0 0.00011889538696594616
8820.0 0.00012705177049399585
8830.0 0.00013528261417630047
8840.0 0.00014383007941322202
8850.0 0.00015248045925897634
8852.4296875 0.0001545978483472343
8860.0 0.00014359522659782085
8870.0 0.00012888916445848796
8880.0 0.00011398586010987123
8890.0 9.888442983843649e-05
8900.0 8.358342047098322e-05
8902.443359375 7.97375998611698e-05
8910.0 9.195388025190907e-05
8920.0 0.00010818825636294674
8930.0 0.0001246031608664257
8940.0 0.00014100645099663413
8950.0 0.0001574872325618285
8952.45703125 0.00016158141280000018
8960.0 0.0001558715364594108
8970.0 0.00014813473244939596
8980.0 0.00014047665770782443
8990.0 0.00013265833605620312
9000.0 0.0001248013299874967
9002.470703125 0.00012280880242885082
9010.0 0.00014138265300510882
9020.0 0.00016595636310136815
9030.0 0.00019069627181182334
9040.0 0.00021548945509991706
9050.0 0.00024033461220641323
9052.484375 0.00024656640101074537
9060.0 0.00022836205573014114
9070.0 0.0002038943984441628
9080.0 0.000179528116213555
9090.0 0.00015494272166727033
9100.0 0.0001303074205324972
9102.498046875 0.00012417137287971077
9110.0 0.00011191177622043442
9120.0 9.543683800455373e-05
9130.0 7.899274124881106e-05
9140.0 6.243358763229202e-05
9150.0 4.5876725125956634e-05
9152.5107421875 4.170094751201894e-05
9160.0 4.7986699014509576e-05
9170.0 5.644365133210494e-05
9180.0 6.487986635700996e-05
9190.0 7.339692437185306e-05
9200.0 8.187954385334198e-05
9202.5244140625 8.402747024703356e-05
9210.0 0.0001092537341706902
9220.0 0.0001429571176245655
9230.0 0.00017684217075791505
9240.0 0.0002108262213002855
9250.0 0.0002451095550084417
9252.5380859375 0.00025378128531846494
9260.0 0.00025404869648310295
9270.0 0.0002546218865158482
9280.0 0.00025498307142310546
9290.0 0.00025555995652672993
9300.0 0.00025592394067826203
9302.5517578125 0.0002560719498491644
9310.0 0.00023738579312309815
9320.0 0.0002120212410525382
9330.0 0.0001867424133098188
9340.0 0.0001612139652148959
9350.0 0.00013572808393189724
9352.5654296875 0.00012914348324404877
9360.0 0.00011646915569489059
9370.0 9.946356724782493e-05
9380.0 8.231152429739282e-05
9390.0 6.516639930373157e-05
9400.0 4.794414588307604e-05
9402.5791015625 4.3469801129478396e-05
9410.0 4.348370623765806e-05
9420.0 4.353909488395487e-05
9430.0 4.355775648510951e-05
9440.0 4.363740696351185e-05
9450.0 4.368019297103903e-05
9452.5927734375 4.3700829960238785e-05
9460.0 6.320636875242724e-05
9470.0 8.962353946675056e-05
9480.0 0.00011603929126578427
9490.0 0.00014262714807750112
9500.0 0.00016931144687004683
9502.6064453125 0.00017623627292012354
9510.0 0.0001763431370925899
9520.0 0.0001766361599151889
9530.0 0.00017677922686915932
9540.0 0.00017707124484395042
9550.0 0.00017736261362131253
9552.619140625 0.00017739935168957778
9560.0 0.00016440515061179672
9570.0 0.00014689921269664483
9580.0 0.00012933465752945755
9590.0 0.00011161715999672897
9600.0 9.395118419217045e-05
9602.6328125 8.928179543757117e-05
9610.0 8.93564991927207e-05
9620.0 8.938127375179005e-05
9630.0 8.948124315366549e-05
9640.0 8.961644721417488e-05
9650.0 8.967452815334857e-05
9652.646484375 8.97099139242693e-05
9660.0 9.311956314708542e-05
9670.0 9.77677985711182e-05
9680.0 0.00010234232446496002
9690.0 0.00010701311781812342
9700.0 0.0001116970624757915
9710.0 0.00011629483804964629
9720.0 0.00012100041910096155
9730.0 0.0001257184080373489
9740.0 0.00013033779046699447
9750.0 0.00013507618974024108
9752.673828125 0.00013634503782904316
9760.0 0.0001364920635425689
9770.0 0.00013669124948221924
9780.0 0.0001367720885684576
9790.0 0.00013696779130348174
9800.0 0.00013716181026170898
9802.6875 0.0001371942474297741
9810.0 0.00013059405809084427
9820.0 0.0001214487751751228
9830.0 0.00011239750165541933
9840.0 0.0001033822313972019
9850.0 9.434097661170987e-05
9852.701171875 9.187297938615753e-05
9860.0 9.190380305604606e-05
9870.0 9.202324587598011e-05
9880.0 9.214119024690915e-05
9890.0 9.225763917773474e-05
9900.0 9.2293624388879e-05
9910.0 9.240709134589718e-05
9920.0 9.251891566088613e-05
9930.0 9.262909316994906e-05
9940.0 9.273763990411662e-05
9950.0 9.27652429272033e-05
9952.7275390625 9.279388067229693e-05
9960.0 0.00011311645357483219
9970.0 0.00014111289943020608
9980.0 0.00016916833721231138
9990.0 0.00019728072438702677
10000.0 0.00022525532478475738
10002.7412109375 0.00023301509722679098
10010.0 0.00020620046795698447
10020.0 0.00016915434883089258
10030.0 0.00013198850046280023
10040.0 9.470472316231697e-05
10050.0 5.725539921579942e-05
10052.7548828125 4.6940634469743136e-05
10060.0 4.6989237644064e-05
10070.0 4.705564389849241e-05
10080.0 4.7121385069333975e-05
10090.0 4.71864551461353e-05
10100.0 4.725091458193279e-05
10102.7685546875 4.726856836334581e-05
10110.0 8.83622388598883e-05
10120.0 0.0001452017572754775
10130.0 0.00020227501976452587
10140.0 0.0002595040700273654
10150.0 0.000316886702784176
10152.7822265625 0.0003328786621841851
10160.0 0.0003194798391163536
10170.0 0.0003008677826911252
10180.0 0.0002822010201507741
10190.0 0.0002632551257483128
10200.0 0.0002444981029696147
10202.7958984375 0.00023924868989462974
10210.0 0.00021188452175701318
10220.0 0.00017380932702436188
10230.0 0.0001356291953491022
10240.0 9.73455289916606e-05
10250.0 5.8959480069629045e-05
10252.80859375 4.816011088781996e-05
10260.0 4.8204525193089865e-05
10270.0 4.826579478476977e-05
10280.0 4.832663547065948e-05
10290.0 4.834548501359891e-05
10300.0 4.84054293260539e-05
10302.8232421875 4.84222456162715e-05
10310.0 5.5419078569653556e-05
10320.0 6.518859679509658e-05
10330.0 7.498150304353034e-05
10340.0 8.479765313973804e-05
10350.0 9.463695994512551e-05
10352.8359375 9.743140142664942e-05
10360.0 0.00010449963524521272
10370.0 0.0001143851817203417
10380.0 0.00012429309600319884
10390.0 0.0001342235497809423
10400.0 0.00014417602141440086
10402.849609375 0.0001470175729520825
10410.0 0.000154163222860058
10420.0 0.0001641760191818806
10430.0 0.00017421122338024528
10440.0 0.00018426891828091278
10450.0 0.00019434899096564174
10452.86328125 0.00019719053968840668
10460.0 0.000176128005390143
10470.0 0.0001467250481592186
10480.0 0.0001172528249691525
10490.0 8.771158564031526e-05
10500.0 5.810177384640352e-05
10502.876953125 4.955896307990678e-05
10510.0 5.1921257571304075e-05
10520.0 5.5239399923700626e-05
10530.0 5.855949462261827e-05
10540.0 6.188158378003595e-05
10550.0 6.520553614729035e-05
10560.0 6.853142852782906e-05
10570.0 7.185932065640097e-05
10580.0 7.518898938831834e-05
10590.0 7.852061218639572e-05
10600.0 8.185418075191825e-05
10610.0 8.518344070513038e-05
10620.0 8.851413486668858e-05
10630.0 9.184625710576937e-05
10640.0 9.517990064276863e-05
10650.0 9.851494127648635e-05
10652.91796875 9.948838090025847e-05
10660.0 9.246153064077197e-05
10670.0 8.253556912180977e-05
10680.0 7.260501876512413e-05
10690.0 6.272382856823886e-05
10700.0 5.277566384092917e-05
10702.9306640625 4.985931623735563e-05
10710.0 6.397228312252814e-05
10720.0 8.394390205613684e-05
10730.0 0.00010392495375510476
10740.0 0.00012391549626108973
10750.0 0.00014391561637033424
10752.9453125 0.0001498082023527428
10760.0 0.00014983347719147992
10770.0 0.0001498697034157263
10780.0 0.00014990615065540078
10790.0 0.00014994321727368476
10800.0 0.00014998068274701176
10802.9580078125 0.00014999398092759768
10810.0 0.0001500185966969435
10820.0 0.00015005418917756944
10830.0 0.0001500903673213914
10840.0 0.00015012697488557618
10850.0 0.000150164418974641
10852.9716796875 0.00015017572649717132
10860.0 0.00014317578376475134
10870.0 0.00013332598957165327
10880.0 0.00012334723574881036
10890.0 0.00011336231294447366
10900.0 0.00010337140857563155
10902.986328125 0.0001003865894598021
10910.0 0.00013558982220372842
10920.0 0.00018581289417137322
10930.0 0.0002360730101825449
10940.0 0.00028637117854271794
10950.0 0.0003367083908324104
10952.9990234375 0.0003518125239221765
10960.0 0.000309684086613356
10970.0 0.00024947231810769496
10980.0 0.00018937802438689566
10990.0 0.00012902279813641044
11000.0 6.860541024030891e-05
11003.0126953125 5.040046920146402e-05
11010.0 5.745920017927078e-05
11020.0 6.756704359392518e-05
11030.0 7.768150643961003e-05
11040.0 8.780259113899828e-05
11050.0 9.793030011531237e-05
11053.0263671875 0.0001009966228251561
11060.0 0.00012214463789874834
11070.0 0.0001526180704820456
11080.0 0.00018300653925856813
11090.0 0.00021341490159027774
11100.0 0.00024384316475518802
11103.0400390625 0.00025309742129268534
11110.0 0.00023201145410980923
11120.0 0.00020169849371757097
11130.0 0.0001713656440766749
11140.0 0.0001410128979068142
11150.0 0.00011073514107983414
11153.052734375 0.0001014512554954513
11160.0 0.00012261721673988122
11170.0 0.00015310071887690994
11180.0 0.00018360416588757462
11190.0 0.0002141275650642931
11200.0 0.0002446709237011361
11203.0673828125 0.0002541145816350459
11210.0 0.0002825362531609091
11220.0 0.00032334177012723514
11230.0 0.00036417820148206735
11240.0 0.0004050455589267189
11250.0 0.00044594385416436253
11253.080078125 0.000458547082486225
11260.0 0.00040226003433913634
11270.0 0.0003208671779658041
11280.0 0.00023961749781394772
11290.0 0.000158031203599548
11300.0 7.63829997860557e-05
11303.09375 5.1110543663561236e-05
11310.0 5.81847594862824e-05
11320.0 6.843452352345838e-05
11330.0 7.869204543627207e-05
11340.0 8.90334195847043e-05
11350.0 9.931525330317682e-05
11353.1083984375 0.0001025128404153806
11360.0 0.00012373055352888113
11370.0 0.00015453801896859795
11380.0 0.00018536879710635628
11390.0 0.00021640771128822857
11400.0 0.00024731153344940694
11403.12109375 0.0002569675110751087
11410.0 0.00024291115935693464
11420.0 0.00022246154871659497
11430.0 0.00020199342390192864
11440.0 0.0001815067762002588
11450.0 0.0001611390940103714
11453.134765625 0.00015470189161609338
11460.0 0.00016181865671132352
11470.0 0.00017219288770653967
11480.0 0.00018257642897320407
11490.0 0.00019296928487818222
11500.0 0.00020354497234127512
11503.1484375 0.00020682130189886638
11510.0 0.0002068705345823343
11520.0 0.00020694240085068538
11530.0 0.0002070142791385204
11540.0 0.0002070861694446055
11550.0 0.0002073346853705599
11553.162109375 0.00020735744355817443
11560.0 0.00020032433458539738
11570.0 0.00019003192344943547
11580.0 0.00017973129460995335
11590.0 0.00016942244502852474
11600.0 0.0001592408860074764
11610.0 0.00014890769836349623
11620.0 0.00013856614741509198
11630.0 0.00012821623007282587
11640.0 0.0001179582525707873
11650.0 0.0001075827700696549
11653.189453125 0.0001042717955080138
11660.0 9.719961589216899e-05
11670.0 8.680840955878605e-05
11680.0 7.640881508659685e-05
11690.0 6.605695515875758e-05
11700.0 5.563171724740291e-05
11703.203125 5.229060617971181e-05
11710.0 5.585832130758609e-05
11720.0 6.111091065633158e-05
11730.0 6.642409622563346e-05
11740.0 7.16895829084768e-05
11750.0 7.695928940044489e-05
11760.0 8.223321725284711e-05
11770.0 8.751136801715985e-05
11780.0 9.287251920564091e-05
11790.0 9.816360843563368e-05
11800.0 0.00010345892882190196
11803.23046875 0.00010516581157641371
11810.0 0.00010519177335264745
11820.0 0.00010531937866364296
11830.0 0.00010535777778872107
11840.0 0.00010539618544214255
11850.0 0.00010543460162455876
11853.2431640625 0.00010547604534596345
11860.0 0.00011982290808240306
11870.0 0.00014097600569006508
11880.0 0.00016214027128379717
11890.0 0.00018331570663669908
11900.0 0.00020467548191365053
11903.2568359375 0.0002115838690855766
11910.0 0.00021160728812966048
11920.0 0.0002116420137758334
11930.0 0.0002116767341567601
11940.0 0.0002117114492701958
11950.0 0.00021192528839017813
11953.26953125 0.0002119366453379545
11960.0 0.00020484473710429097
11970.0 0.0001943030449445393
11980.0 0.00018375576651862846
11990.0 0.00017334931767606942
12000.0 0.00016278193848855043
12003.2841796875 0.00015931661713356455
12010.0 0.0001736188921735412
12020.0 0.00019492901341863024
12030.0 0.00021643820060459972
12040.0 0.00023779921497618458
12050.0 0.0002591766870565372
12053.2978515625 0.00026623026983800063
12060.0 0.00026868252327791944
12070.0 0.00027257358237640857
12080.0 0.0002762406710609747
12090.0 0.00027991053732935654
12100.0 0.0002835831822665834
12110.0 0.0002875008262100825
12120.0 0.0002911821332395812
12130.0 0.00029486622453996504
12140.0 0.0002985531011979827
12150.0 0.00030249737327172574
12160.0 0.00030619293442240105
12170.0 0.0003098912865412922
12180.0 0.0003135924307168679
12190.0 0.0003175634650116958
12200.0 0.0003212733168571594
12203.337890625 0.0003225023638964366
12210.0 0.00030825008263769973
12220.0 0.0002870878017560528
12230.0 0.00026565364430848056
12240.0 0.00024420687030024123
12250.0 0.00022274747608219613
12253.3515625 0.00021561310628746635
12260.0 0.00020860307208887024
12270.0 0.0001978728061461324
12280.0 0.00018713621920908062
12290.0 0.00017639330944942813
12300.0 0.00016578316136752258
12303.3662109375 0.00016216027969003308
12310.0 0.0001550205073335081
12320.0 0.00014425250449741814
12330.0 0.00013347816792183835
12340.0 0.00012280042245357646
12350.0 0.00011200436405832936
12360.0 0.00010120196111313139
12370.0 9.039321178502246e-05
12380.0 7.964482156321508e-05
12390.0 6.881430275925175e-05
12400.0 5.797742674737939e-05
12403.392578125 5.4301695657134566e-05
12410.0 5.431435678516524e-05
12420.0 5.437902888331266e-05
12430.0 5.43982124951015e-05
12440.0 5.4417399156619295e-05
12450.0 5.443658886740657e-05
12453.40625 5.445864350221317e-05
12460.0 7.605911987102244e-05
12470.0 0.00010879496444610511
12480.0 0.00014155779712090425
12490.0 0.00017434762824445257
12500.0 0.0002073376907026478
12503.419921875 0.00021855954235546382
12510.0 0.0002113984661067593
12520.0 0.00020051210514157356
12530.0 0.00018962165012728228
12540.0 0.00017887640494467533
12550.0 0.00016796866405113797
12553.4326171875 0.0001642235109076266
12560.0 0.00018581030810384873
12570.0 0.00021887270030580196
12580.0 0.00025179221456063275
12590.0 0.0002847239519581898
12600.0 0.0003176679059045383
12603.447265625 0.0003291172005709723
12610.0 0.0002933723956707036
12620.0 0.00023853546430697425
12630.0 0.00018368276779238914
12640.0 0.00012881431655933692
12650.0 7.399172501440938e-05
12653.4609375 5.497715130988714e-05
12660.0 6.217112771479043e-05
12670.0 7.317526826501474e-05
12680.0 8.418255051478048e-05
12690.0 9.527223749659557e-05
12700.0 0.00010629496760039004
12703.4736328125 0.00011012459373736875
12710.0 0.00011732428983229352
12720.0 0.00012835858765738791
12730.0 0.0001395119824490846
12740.0 0.00015056173327610968
12750.0 0.00016161461779448663
12760.0 0.00017267063388997205
12770.0 0.0001837297794467593
12780.0 0.00019495398182642467
12790.0 0.00020602857855203793
12800.0 0.0002171063009783676
12803.5009765625 0.00022097254356796792
12810.0 0.00021378895362902077
12820.0 0.00020290442236805794
12830.0 0.00019184282015891272
12840.0 0.00018078172306639582
12850.0 0.00016972113328118043
12853.5146484375 0.00016588221130541336
12860.0 0.00016596173992479733
12870.0 0.00016594674792469086
12880.0 0.0001659317454821798
12890.0 0.00016591673259880337
12900.0 0.00016603927931419134
12903.5283203125 0.0001660339717159994
12910.0 0.00018036373315643474
12920.0 0.00020250510933982621
12930.0 0.00022464540848829992
12940.0 0.00024698907255150243
12950.0 0.0002691455445717101
12953.5419921875 0.0002769930881975088
12960.0 0.0002912723012915416
12970.0 0.0003133822649023016
12980.0 0.0003354911307608949
12990.0 0.0003578949338991827
13000.0 0.000380019892152365
13003.5556640625 0.00038793349027755545
13010.0 0.000366587279267978
13020.0 0.00033344603736284615
13030.0 0.00030053219011594355
13040.0 0.00026732151111692607
13050.0 0.0002340898087544595
13060.0 0.00020083707535114315
13070.0 0.0001675633032277587
13080.0 0.00013437944234689922
13090.0 0.0001010360379559315
13100.0 6.767155439117356e-05
13103.5830078125 5.571190298382615e-05
13110.0 6.644608829953978e-05
13120.0 8.318250702793947e-05
13130.0 0.00010001200954454724
13140.0 0.00011678339409387933
13150.0 0.0001335653568493746
13160.0 0.0001503579016678714
13170.0 0.00016729896049469324
13180.0 0.0001841265543681847
13190.0 0.00020096475062169995
13200.0 0.0002178135531189123
13203.6103515625 0.00022388232734347823
13210.0 0.0002167464100225929
13220.0 0.00020574597641256602
13230.0 0.000194564469623975
13240.0 0.00018338056270223176
13250.0 0.00017219425541175357
13260.0 0.00016100554751695325
13270.0 0.0001498144387822394
13280.0 0.00013873511958837405
13290.0 0.00012752998570391956
13300.0 0.00011632244829444871
13303.63671875 0.00011224598611553705
13310.0 0.00011225363896952578
13320.0 0.00011226566619736441
13330.0 0.00011237009713603366
13340.0 0.00011238213583598015
13350.0 0.00011239417532287947
13353.6513671875 0.00011239857157775623
13360.0 0.00011953933436905234
13370.0 0.00013078902012069748
13380.0 0.00014204111401943395
13390.0 0.00015342168767029906
13400.0 0.0001646878563321788
13410.0 0.00017586081837797418
13420.0 0.0001870239646626778
13430.0 0.00019817729561042043
13440.0 0.00020932081164552668
13450.0 0.00022063566751762576
13460.0 0.00023176869584528076
13470.0 0.0002428919024702671
13480.0 0.0002540052878180355
13490.0 0.00026510885231423065
13500.0 0.0002762025963846919
13503.6923828125 0.00028036772204965234
13510.0 0.00025212381222898485
13520.0 0.00020715793688123025
13530.0 0.00016224317289593928
13540.0 0.00011737950151166327
13550.0 7.256690397010664e-05
13553.705078125 5.597644995611692e-05
13560.0 5.5952124697782714e-05
13570.0 5.591349464063551e-05
13580.0 5.592071885550375e-05
13590.0 5.5882088081192864e-05
13600.0 5.5843472788315395e-05
13603.71875 5.578994350240011e-05
13610.0 9.066636013325567e-05
13620.0 0.0001459681534807402
13630.0 0.0002009965767846502
13640.0 0.0002557520645685126
13650.0 0.0003102350515686938
13653.732421875 0.00033060175838065355
13660.0 0.0002957738273363274
13670.0 0.00024015702033997093
13680.0 0.00018481335690658426
13690.0 0.00012974240175711734
13700.0 7.494371940000646e-05
13703.74609375 5.448563275084212e-05
13710.0 5.610060693115306e-05
13720.0 5.867204480912419e-05
13730.0 6.123008124540107e-05
13740.0 6.377473812232364e-05
13750.0 6.636034457126809e-05
13760.0 6.888037032923565e-05
13770.0 7.138707133353225e-05
13780.0 7.388046952657477e-05
13790.0 7.636058686129538e-05
13800.0 7.882744530113201e-05
13810.0 8.132817081799617e-05
13820.0 8.381870965114651e-05
13830.0 8.629907921220903e-05
13840.0 8.912240666486547e-05
13850.0 9.195653846712031e-05
13860.0 9.48790697886985e-05
13870.0 9.773718511867926e-05
13880.0 0.00010060615139959432
13890.0 0.00010348598119782778
13900.0 0.0001063766870697262
13903.7998046875 0.00010747795297144714
13910.0 0.00010761103942142336
13920.0 0.00010782582471911495
13930.0 0.00010804077843946103
13940.0 0.00010825590048198077
13950.0 0.00010847119074620514
13953.814453125 0.00010855335650917308
13960.0 0.0001154178946652836
13970.0 0.00012655068060070054
13980.0 0.00013772685753099176
13990.0 0.0001489464757582698
14000.0 0.0001602095855444451
14003.8271484375 0.00016447006776140505
14010.0 0.00015780042959880018
14020.0 0.00014697803751411497
14030.0 0.00013613387248956013
14040.0 0.00012526792438771062
14050.0 0.00011438018308694429
14053.8408203125 0.00011019260251367379
14060.0 0.00011025309807422652
14070.0 0.00011035132763553037
14080.0 0.00011053987260062356
14090.0 0.00011063820563241774
14100.0 0.0001107365501684506
14103.85546875 0.00011077446965916207
14110.0 0.00010403410599799609
14120.0 9.304677164244871e-05
14130.0 8.203757733764056e-05
14140.0 7.100651308344244e-05
14150.0 5.9953568895640286e-05
14153.8681640625 5.5672237946379585e-05
14160.0 6.935776699946255e-05
14170.0 9.171194312808532e-05
14180.0 0.00011410998100862418
14190.0 0.00013655190041863066
14200.0 0.00015890779773999433
14203.8818359375 0.00016758196514904584
14210.0 0.00016075778109705857
14220.0 0.0001496024974367032
14230.0 0.0001384455910595298
14240.0 0.00012728706522402224
14250.0 0.00011612692318990388
14253.89453125 0.00011178013441772691
14260.0 0.00011861143896966111
14270.0 0.0001298015475025383
14280.0 0.00014099324218833838
14290.0 0.0001521865197530397
14300.0 0.0001633813769213814
14303.9091796875 0.0001677580764789506
14310.0 0.00016095274234897508
14320.0 0.00014977835126270622
14330.0 0.0001386023576318558
14340.0 0.00012742476472741107
14350.0 0.00011624557582159879
14353.9228515625 0.00011185971082147742
14360.0 0.00011866422379858943
14370.0 0.0001298623681859201
14380.0 0.00014106207689380582
14390.0 0.00015226334663887266
14400.0 0.00016333250790078575
14410.0 0.00017449466729446816
14420.0 0.0001856541484220656
14430.0 0.00019681094961155685
14440.0 0.00020796506919094982
14450.0 0.00021911650548828162
14453.9501953125 0.00022352080093479302
14460.0 0.00022350461851248197
14470.0 0.00022347786089798165
14480.0 0.0002234510921364332
14490.0 0.00022342431222798273
14500.0 0.00022339752117277653
14503.962890625 0.00022335586634711918
14510.0 0.00021654559007937505
14520.0 0.00020544151982952925
14530.0 0.00019432968305155504
14540.0 0.00018321007809004797
14550.0 0.00017208270328969563
14553.9765625 0.00016765567359990606
14560.0 0.0001676975126066856
14570.0 0.00016776698580401448
14580.0 0.0001676990267874604
14590.0 0.00016776847514275047
14600.0 0.00016783793952622315
14603.9912109375 0.00016785822877834846
14610.0 0.00016115639376545522
14620.0 0.00014999877482542033
14630.0 0.00013883586911195455
14640.0 0.00012766767683529718
14650.0 0.00011639870669821319
14654.00390625 0.00011192713701511356
14660.0 0.00011864997994215515
14670.0 0.00012986623645246204
14680.0 0.00014108776756141306
14690.0 0.00015231457305806367
14700.0 0.00016354665273135983
14704.017578125 0.0001680053281570423
14710.0 0.0003152754435923912
14714.01953125 0.0004143035354972288
14720.0 0.00026037571203018007
14724.0234375 0.00015679438174469304
14730.0 0.00023715024629315633
14734.0263671875 0.0002912981571273959
14740.0 0.0003047637303591366
14744.029296875 0.0003138485744391761
14750.0 0.00036072076577444426
14754.03125 0.00039224511237070524
14760.0 0.0004656731222111718
14764.0341796875 0.0005154435664212837
14770.0 0.0004887717185041931
14774.037109375 0.0004707184482743767
14780.0 0.0005444194832388142
14784.0390625 0.0005943538239704445
14790.0 0.0007010422127670427
14794.0419921875 0.0007731455822746376
14800.0 0.0008463166061819986
14804.044921875 0.0008962250912060822
14810.0 0.0011232166510962704
14814.0478515625 0.0012775305709136374
14820.0 0.0014044078540948457
14824.0498046875 0.0014907459325588048
14830.0 0.0017840303489814592
14834.052734375 0.00198315479367745
14840.0 0.0023754336599452405
14844.0556640625 0.002643640905835584
14850.0 0.003070144094809756
14854.0576171875 0.003361315117123039
14860.0 0.004047113564485452
14864.060546875 0.004515795844847434
14870.0 0.00560205398178853
14874.064453125 0.0063433727087347834
14880.0 0.007686898848820868
14884.0673828125 0.00860980906369886
14890.0 0.010524475712646848
14894.0693359375 0.011837970769814531
14900.0 0.014413392632672165
14904.072265625 0.016182031569620392
14910.0 0.02018477725644987
14914.0751953125 0.02292925107729374
14920.0 0.028475485597379228
14924.078125 0.0323012507734977
14930.0 0.04027525497644025
14934.080078125 0.04576995076031031
14940.0 0.057402364899874395
14944.0830078125 0.06542638523111273
14950.0 0.08209965106986454
14954.0859375 0.09358325793467195
14960.0 0.11631869029947664
14964.087890625 0.13206741814377373
14970.0 0.16162858710823239
14974.0908203125 0.18208584362547622
14980.0 0.2176607171152252
14984.09375 0.24222764130037372
14990.0 0.28154565918551305
14994.0966796875 0.3089028791244513
15000.0 0.34641791660246113
15004.0986328125 0.37239467336056026
15010.0 0.4050605500792478
15014.1015625 0.4276112179699785
15020.0 0.45166398329070234
15024.10546875 0.46854448923701164
15030.0 0.48537027393638604
15034.107421875 0.4970907265666327
15040.0 0.5078777183996421
15044.1103515625 0.5152244431167435
15050.0 0.5217978946496439
15054.11328125 0.526562282932638
15060.0 0.5309175102386487
15064.1162109375 0.533961772438013
15070.0 0.5366399876149885
15074.1181640625 0.5383304075830295
15080.0 0.5395955902978627
15084.12109375 0.5406652183424138
15090.0 0.5420924121033301
15094.1240234375 0.5430932153195853
15100.0 0.5437343689434
15104.1259765625 0.5439985420111251
15110.0 0.5445369821940999
15114.12890625 0.5451012289417815
15120.0 0.5450555209602531
15124.1318359375 0.5450233453222333
15130.0 0.544782173100898
15134.134765625 0.5444257062302765
15140.0 0.5432698284442133
15144.13671875 0.5426414547653892
15150.0 0.5420436478074132
15154.1396484375 0.541621705612084
15160.0 0.5405699653378143
15164.142578125 0.5396413318117878
15170.0 0.538070019596596
15174.14453125 0.537144012607187
15180.0 0.5359659810763194
15184.1484375 0.5349474111014161
15190.0 0.5334795648631783
15194.1513671875 0.5326228533726765
15200.0 0.5320624508821401
15204.154296875 0.5316462946919631
15210.0 0.5308994619490249
15214.15625 0.5301855776297824
15220.0 0.5293439458354562
15224.1591796875 0.5289283051899544
15230.0 0.528731203977516
15234.162109375 0.5284079183922626
15240.0 0.5276332726264805
15244.1650390625 0.5272637306883929
15250.0 0.5267782718928906
15254.1669921875 0.5264317079624075
15260.0 0.5264280841071375
15264.169921875 0.5262428347146616
15270.0 0.5258556854558227
15274.1728515625 0.5257613613173658
15280.0 0.5251496179566217
15284.1748046875 0.5245291203157612
15290.0 0.5244308943154575
15294.177734375 0.5245428839000899
15300.0 0.5246668923097654
15304.1806640625 0.5245730441211512
15310.0 0.5240280496683019
15314.18359375 0.5238192655005652
15320.0 0.5238155688078443
15324.185546875 0.5236300189327564
15330.0 0.5233086358333412
15334.189453125 0.5232601013618671
15340.0 0.5235102741425032
15344.1923828125 0.5235074214616403
15350.0 0.5231545172732645
15354.1943359375 0.5230829866125779
15360.0 0.5230156305342238
15364.197265625 0.5229669293450219
15370.0 0.523310884113391
15374.2001953125 0.523375993153831
15380.0 0.5233075223576336
15384.203125 0.5234416677097009
15390.0 0.5235319183858187
15394.205078125 0.5234132510206864
15400.0 0.5236275640175274
15404.2080078125 0.5239785583550585
15410.0 0.5242411434789872
15414.2109375 0.5242471485494671
15420.0 0.5241922602882981
15424.212890625 0.5243371335177968
15430.0 0.5247557685741907
15434.2158203125 0.5248752016668806
15440.0 0.5247564702537718
15444.21875 0.5248553412447547
15450.0 0.5252725582015131
15454.2216796875 0.5253911152365366
15460.0 0.5254903677683157
15464.2236328125 0.5255625571398788
15470.0 0.5256607986248666
15474.2265625 0.5259189896519354
15480.0 0.5261155609593083
15484.23046875 0.5260726063027789
15490.0 0.525920399626239
15494.2333984375 0.5259957125886441
15500.0 0.5261604631071866
15504.2353515625 0.5261539130223856
15510.0 0.5261757939967191
15514.23828125 0.5263793254810638
15520.0 0.5266249394735135
15524.2412109375 0.5266177910956413
15530.0 0.5265768752099145
15534.2431640625 0.5267347165976647
15540.0 0.5268868668215101
15544.24609375 0.5268107298862195
15550.0 0.5266455330967387
15554.2490234375 0.52652345351382
15560.0 0.5266979077621537
15564.251953125 0.5270155338962026
15570.0 0.5267657170858104
15574.25390625 0.5263919741514056
15580.0 0.5258565708404854
15584.2568359375 0.525648963664561
15590.0 0.5245370326406863
15594.259765625 0.5235241434841919
15600.0 0.5211448429803939
15604.26171875 0.5195551024963491
15610.0 0.5155394256599797
15614.2646484375 0.5123708635944852
15620.0 0.5047056600020371
15624.267578125 0.49900770215087503
15630.0 0.4870401164543243
15634.271484375 0.4783041949972221
15640.0 0.46116601277736385
15644.2734375 0.4482210163815298
15650.0 0.42508143887008315
15654.2763671875 0.4078190425460056
15660.0 0.37991202398216195
15664.279296875 0.35919846997221955
15670.0 0.32818265553622317
15674.28125 0.30486427073770395
15680.0 0.27332402183454446
15684.2841796875 0.24981035459733258
15690.0 0.22082012616483213
15694.287109375 0.19900740379198276
15700.0 0.17377126946374988
15704.2900390625 0.15483958858886274
15710.0 0.13370401275826882
15714.2919921875 0.11787612606233983
15720.0 0.10132375822830304
15724.294921875 0.08883874911439248
15730.0 0.07581694174790382
15734.2978515625 0.06601704835263668
15740.0 0.05646560665561008
15744.30078125 0.04928687593292535
15750.0 0.04229966022103139
15754.302734375 0.03701184000104369
15760.0 0.0317392028907859
15764.3056640625 0.027758485150856077
15770.0 0.023856010630479287
15774.30859375 0.02090621620210648
15780.0 0.01803391633965422
15784.310546875 0.015866541469447406
15790.0 0.013789110789525527
15794.314453125 0.012209507030314764
15800.0 0.010730586374277372
15804.3173828125 0.009608856166484946
15810.0 0.008247828241454638
15814.3203125 0.007216757988506487
15820.0 0.006403877987573746
15824.322265625 0.0057832133923207164
15830.0 0.0050543944714933195
15834.3251953125 0.0044997357355118965
15840.0 0.0038937672162371894
15844.328125 0.0034320524868230676
15850.0 0.0030364543280740255
15854.330078125 0.002735753366759699
15860.0 0.0023656613787370693
15864.3330078125 0.002082095674184154
15870.0 0.00195017679985503
15874.3359375 0.001849341317488651
15880.0 0.0015687450808084145
15884.3388671875 0.0013540096012768245
15890.0 0.0012822737945552137
15894.3408203125 0.001227779997468819
15900.0 0.0010377249447530127
15904.34375 0.0008915320996233587
15910.0 0.0009147457146765805
15914.3466796875 0.000932566849114153
15920.0 0.0007781466554342117
15924.3486328125 0.0006594807858044822
15930.0 0.0005644813637361884
15934.3515625 0.0004914035822021406
15940.0 0.0004557216215075805
15944.35546875 0.000428395381437599
15950.0 0.00042243842937945254
15954.3583984375 0.0004176823905902103
15960.0 0.00042330892627581826
15964.3603515625 0.0004276531567234744
15970.0 0.00040392271583547144
15974.36328125 0.0003855809617075502
15980.0 0.000332522669385929
15984.3662109375 0.00029146420241304603
15990.0 0.00041434045013870243
15994.3681640625 0.0005097107479416678
16000.0 0.0003983962957815434
16004.37109375 0.00031189901461075204
16010.0 0.00024154660593378186
16014.3740234375 0.00018693017732552736
16020.0 0.00017514483653382522
16024.376953125 0.00016598461713841116
16030.0 0.00021254314024945345
16034.37890625 0.00024876561330973
16040.0 0.00026611150582350095
16044.3818359375 0.0002796202394437895
16050.0 0.00018065449469323438
16054.384765625 0.00010352855727524337
16060.0 0.00013838024814095466
16064.3876953125 0.00016554757253532497
16070.0 0.00025833022549142607
16074.3896484375 0.00033083049481712884
16080.0 0.00024950801741495144
16084.392578125 0.0001858980452017727
16090.0 0.0003073385213843714
16094.396484375 0.0004024623384520909
16100.0 0.00026357057589237467
16104.3984375 0.0001546528748164219
16110.0 0.00016611496616607667
16120.0 0.00018654643401287336
16130.0 0.00020693841082261788
16140.0 0.00022729086174258308
16150.0 0.00024760381234104783
16154.412109375 0.0002566527134593865
16160.0 0.0002337001544426264
16170.0 0.0001924614980246775
16180.0 0.00015130185203819836
16190.0 0.00011022124014693802
16200.0 6.921962270080608e-05
16204.42578125 5.109427510825384e-05
16210.0 6.244469404837684e-05
16220.0 8.277050558852316e-05
16230.0 0.00010304940512334253
16240.0 0.00012328143034344297
16250.0 0.0001434666274805207
16254.439453125 0.00015241273950052393
16260.0 0.0001523149818119629
16270.0 0.00015213925252867335
16280.0 0.0001519635850449059
16290.0 0.0001517879953879772
16300.0 0.00015161249956784081
16304.453125 0.00015153436698622682
16310.0 0.00016263798825148264
16320.0 0.00018261951135761288
16330.0 0.00020255435614623235
16340.0 0.00022244257091447284
16350.0 0.0002422842124685763
16354.4658203125 0.000251130078844444
16360.0 0.0002343033003869945
16370.0 0.00020377064791731982
16380.0 0.00017351687192278492
16390.0 0.00014333312970874601
16400.0 0.00011321934088022884
16404.48046875 9.977599448694947e-05
16410.0 9.424138689521337e-05
16420.0 8.422295693271481e-05
16430.0 7.421600741515342e-05
16440.0 6.422056541136297e-05
16450.0 5.423663628076602e-05
16454.494140625 4.973336124279183e-05
16460.0 5.151555455822385e-05
16470.0 5.4794190049251426e-05
16480.0 5.806892464149887e-05
16490.0 6.133973950179823e-05
16500.0 6.460663382766795e-05
16510.0 6.786960825190624e-05
16520.0 7.112864180354728e-05
16530.0 7.43163019909054e-05
16540.0 7.756443647719943e-05
16550.0 8.080862389565157e-05
16560.0 8.404884041958515e-05
16570.0 8.728509725573886e-05
16580.0 9.043485173641643e-05
16590.0 9.366013038337454e-05
16600.0 9.68814081718036e-05
16604.533203125 9.822763189022391e-05
16610.0 9.270000100225139e-05
16620.0 8.256095418958045e-05
16630.0 7.256850826477933e-05
16640.0 6.263765351869897e-05
16650.0 5.276822865071464e-05
16654.548828125 4.8278868647743925e-05
16660.0 6.391988605262219e-05
16670.0 9.251681419720977e-05
16680.0 0.0001209323945535926
16690.0 0.00014902943269993026
16700.0 0.00017705784818634692
16704.5625 0.00018978610865994872
16710.0 0.00018946404235825902
16720.0 0.00018869751295918873
16730.0 0.0001881075417848709
16740.0 0.0001875186482217195
16750.0 0.00018675697549821058
16754.57421875 0.0001864886460284679
16760.0 0.00017101994420095108
16770.0 0.000142648723613323
16780.0 0.0001143496143476929
16790.0 8.636191749213636e-05
16800.0 5.849723636449063e-05
16804.58984375 4.58051337259693e-05
16810.0 5.067161646828514e-05
16820.0 5.962219333061981e-05
16830.0 6.845070954808448e-05
16840.0 7.727773998108148e-05
16850.0 8.596631760131971e-05
16860.0 9.467051192457296e-05
16870.0 0.00010322002540764951
16880.0 0.00011180208124645456
16890.0 0.00012032742866176815
16900.0 0.00012867401774239046
16910.0 0.00013707827569599948
16920.0 0.00014528788891945757
16930.0 0.00015357175049719152
16940.0 0.00016164527840185726
16950.0 0.0001698094308300233
16954.630859375 0.00017349441064362783
16960.0 0.00016845860612133337
16970.0 0.00015913672711144017
16980.0 0.00015003329161179888
16990.0 0.00014085125937035093
17000.0 0.0001318701217438745
17004.642578125 0.00012761760782406995
17010.0 0.00012272921480413295
17020.0 0.0001137812241157952
17030.0 0.00010480128208975604
17040.0 9.59075007117573e-05
17050.0 8.71841750713343e-05
17054.65625 8.310826863117072e-05
17060.0 8.288344667449665e-05
17070.0 8.25439699140578e-05
17080.0 8.212501260306004e-05
17090.0 8.170719404055521e-05
17100.0 8.137012619983277e-05
17104.669921875 8.117581172649262e-05
17110.0 8.526808085071791e-05
17120.0 9.28830925450741e-05
17130.0 0.00010051544669879172
17140.0 0.00010797537059797053
17150.0 0.00011535443769827447
17160.0 0.00012277429668525162
17170.0 0.00013000006079254883
17180.0 0.0001371459342559206
17190.0 0.00014435559692653176
17200.0 0.00015134994740761528
17204.697265625 0.00015402146247265217
17210.0 0.00014482396973643723
17220.0 0.0001277989728061443
17230.0 0.00011130117994168446
17240.0 9.508953054463222e-05
17250.0 7.928923016118234e-05
17254.7109375 7.198764986759279e-05
17260.0 8.278709974548685e-05
17270.0 0.00010274776473199417
17280.0 0.0001222360170064012
17290.0 0.0001410280619919842
17300.0 0.00015923111033212033
17304.724609375 0.0001676275141672762
17310.0 0.00015930520326670479
17320.0 0.0001438383111685782
17330.0 0.00012877373982863864
17340.0 0.00011410903844014416
17350.0 9.994398146742354e-05
17354.73828125 9.33151499485486e-05
17360.0 8.930484293426179e-05
17370.0 8.183520997695576e-05
17380.0 7.456380347633525e-05
17390.0 6.748940579802522e-05
17400.0 6.061080254438654e-05
17410.0 5.315918130989674e-05
17420.0 4.606625458242164e-05
17430.0 3.932962647661718e-05
17440.0 3.294689283818942e-05
17450.0 2.6915662463506078e-05
17454.765625 2.4164379552374987e-05
17460.0 2.6196903540777406e-05
17470.0 2.9822022861212462e-05
17480.0 3.3110549972271907e-05
17490.0 3.606485918702381e-05
17500.0 3.8687328286383535e-05
17510.0 4.098032289143407e-05
17520.0 4.294621516600464e-05
17530.0 4.4587363840855704e-05
17540.0 4.5906135310399824e-05
17550.0 4.690488456359793e-05
17560.0 4.758596313183527e-05
17570.0 4.795172847055105e-05
17580.0 4.8004522818841066e-05
17590.0 4.7746697483421645e-05
17600.0 4.712974790123495e-05
17604.806640625 4.737415986351556e-05
17610.0 4.458070801454386e-05
17620.0 3.942438512843482e-05
17630.0 3.455935500436385e-05
17640.0 2.9983598050185824e-05
17650.0 2.5695098262523295e-05
17660.0 2.166813924653975e-05
17670.0 1.7952148332976158e-05
17680.0 1.4517096488559277e-05
17690.0 1.1360978452142313e-05
17700.0 8.472431527412763e-06
17704.833984375 7.180753691118083e-06
17710.0 6.947068756353994e-06
17720.0 6.496426458125792e-06
17730.0 6.04803444215272e-06
17740.0 5.595646233652923e-06
17750.0 5.152230948384773e-06
17754.84765625 4.9380862089787035e-06
17760.0 5.19629980551559e-06
17770.0 5.566250436005856e-06
17780.0 5.757633637698669e-06
17790.0 5.78470379933776e-06
17800.0 5.64252409560407e-06
17804.861328125 5.8127952076590794e-06
17810.0 5.980976671332845e-06
17820.0 6.280263080676478e-06
17830.0 6.526677056687593e-06
17840.0 6.735226352016461e-06
17850.0 6.899101698095219e-06
17854.875 6.958995282735572e-06
17860.0 6.315826547952532e-06
17870.0 5.13912701369779e-06
17880.0 4.050062078278976e-06
17890.0 3.0584690492366533e-06
17900.0 2.155212271060441e-06
17904.888671875 1.7481943113517443e-06
17910.0 1.8641129195199533e-06
17920.0 2.0554280669837426e-06
17930.0 2.2054985757579068e-06
17940.0 2.309764599475675e-06
17950.0 2.373933106190948e-06
17954.90234375 2.3885139321549213e-06
17960.0 2.1608723153369023e-06
17970.0 1.7504872534030668e-06
17980.0 1.3823426228141241e-06
17990.0 1.0597778952658489e-06
18000.0 7.794345200869486e-07
18001.0 0.0
18002.0 0.0
18004.9140625 0.0
18104.943359375 0.0
18200.0 0.0
18204.970703125 0.0
18254.982421875 0.0
18304.99609375 0.0
18355.01171875 0.0
18400.0 0.0
18405.0234375 0.0
18505.05078125 0.0
18600.0 0.0
18605.078125 0.0
18655.091796875 0.0
18705.10546875 0.0
18800.0 0.0
18805.1328125 0.0
18855.146484375 0.0
18905.16015625 0.0
18955.173828125 0.0
19000.0 0.0
19005.1875 0.0
19055.201171875 0.0
19105.21484375 0.0
19155.228515625 0.0
19200.0 0.0
19205.2421875 0.0
19255.255859375 0.0
19305.26953125 0.0
19355.283203125 0.0
19400.0 0.0
19405.296875 0.0
19455.310546875 0.0
19505.32421875 0.0
19555.337890625 0.0
19600.0 0.0
19605.3515625 0.0
19655.36328125 0.0
19705.37890625 0.0
19755.392578125 0.0
19800.0 0.0
19805.404296875 0.0
19855.419921875 0.0
19905.431640625 0.0
19955.4453125 0.0
20000.0 0.0
20001.0 0.0
20002.0 0.0
20005.4609375 0.0
20006.4609375 0.0
20007.4609375 0.0
30000.0 0.0
30010.0 0.0
