# WAVELENGTH THROUGHPUT
500.0 0.0
998.0 0.0
999.0 0.0
1000.0 0.0
1010.0 0.0
1020.0 0.0
1030.0 0.0
1040.0 0.0
1050.0 0.0
1060.0 0.0
1070.0 0.0
1080.0 0.0
1090.0 0.0
1100.0 0.0
1110.0 0.0
1120.0 0.0
1130.0 0.0
1140.0 0.0
1150.0 0.0
1160.0 0.0
1170.0 0.0
1180.0 0.0
1190.0 0.0
1200.0 0.0
1210.0 0.0
1220.0 0.0
1230.0 0.0
1240.0 0.0
1250.0 0.0
1260.0 0.0
1270.0 0.0
1280.0 0.0
1290.0 0.0
1300.0 0.0
1310.0 0.0
1320.0 0.0
1330.0 0.0
1340.0 0.0
1350.0 0.0
1360.0 0.0
1370.0 0.0
1380.0 0.0
1390.0 0.0
1400.0 0.0
1410.0 0.0
1420.0 0.0
1430.0 0.0
1440.0 0.0
1450.0 0.0
1460.0 0.0
1470.0 0.0
1480.0 0.0
1490.0 0.0
1500.0 0.0
1510.0 0.0
1520.0 0.0
1530.0 0.0
1540.0 0.0
1550.0 0.0
1560.0 0.0
1570.0 0.0
1580.0 0.0
1590.0 0.0
1600.0 0.0
1610.0 0.0
1620.0 0.0
1630.0 0.0
1640.0 0.0
1650.0 0.0
1660.0 0.0
1670.0 0.0
1680.0 0.0
1690.0 0.0
1700.0 0.0
1710.0 0.0
1720.0 0.0
1730.0 0.0
1740.0 0.0
1750.0 0.0
1760.0 0.0
1770.0 0.0
1780.0 0.0
1790.0 0.0
1800.0 0.0
1810.0 0.0
1820.0 0.0
1830.0 0.0
1840.0 0.0
1850.0 0.0
1860.0 0.0
1870.0 0.0
1880.0 0.0
1890.0 0.0
1900.0 0.0
1910.0 0.0
1920.0 0.0
1930.0 0.0
1940.0 0.0
1950.0 0.0
1960.0 0.0
1970.0 0.0
1980.0 0.0
1988.0 0.0
1989.0 0.0
1990.0 0.0
2000.0 0.0
2010.0 0.0
2020.0 0.0
2030.0 0.0
2040.0 0.0
2050.0 0.0
2060.0 0.0
2070.0 0.0
2080.0 0.0
2090.0 0.0
2100.0 0.0
2110.0 0.0
2120.0 0.0
2130.0 0.0
2140.0 0.0
2150.0 0.0
2160.0 0.0
2170.0 0.0
2180.0 0.0
2190.0 0.0
2200.0 0.0
2210.0 0.0
2220.0 0.0
2230.0 0.0
2240.0 0.0
2250.0 0.0
2260.0 0.0
2270.0 0.0
2280.0 0.0
2290.0 0.0
2300.0 0.0
2310.0 0.0
2320.0 0.0
2330.0 0.0
2340.0 0.0
2350.0 0.0
2360.0 0.0
2370.0 0.0
2380.0 0.0
2390.0 0.0
2400.0 0.0
2410.0 0.0
2420.0 0.0
2430.0 0.0
2440.0 0.0
2450.0 0.0
2460.0 0.0
2470.0 0.0
2480.0 0.0
2490.0 0.0
2500.0 0.0
2510.0 0.0
2520.0 0.0
2530.0 0.0
2540.0 0.0
2550.0 0.0
2560.0 0.0
2570.0 0.0
2580.0 0.0
2590.0 0.0
2600.0 0.0
2610.0 0.0
2620.0 0.0
2630.0 0.0
2640.0 0.0
2650.0 0.0
2660.0 0.0
2670.0 0.0
2680.0 0.0
2690.0 0.0
2700.0 0.0
2710.0 0.0
2720.0 0.0
2730.0 0.0
2740.0 0.0
2750.0 0.0
2760.0 0.0
2770.0 0.0
2780.0 0.0
2790.0 0.0
2800.0 0.0
2810.0 0.0
2820.0 0.0
2830.0 0.0
2840.0 0.0
2850.0 0.0
2860.0 0.0
2870.0 0.0
2880.0 0.0
2890.0 0.0
2900.0 0.0
2910.0 0.0
2920.0 0.0
2930.0 0.0
2940.0 0.0
2950.0 0.0
2960.0 0.0
2970.0 0.0
2980.0 0.0
2990.0 0.0
3000.0 0.0
3010.0 0.0
3020.0 0.0
3030.0 0.0
3040.0 0.0
3050.0 0.0
3060.0 0.0
3070.0 0.0
3080.0 0.0
3090.0 0.0
3100.0 0.0
3110.0 0.0
3120.0 0.0
3130.0 0.0
3140.0 0.0
3150.0 0.0
3160.0 0.0
3170.0 0.0
3180.0 0.0
3190.0 0.0
3200.0 0.0
3210.0 0.0
3220.0 0.0
3230.0 0.0
3240.0 0.0
3250.0 0.0
3260.0 0.0
3270.0 0.0
3280.0 0.0
3290.0 0.0
3300.0 0.0
3310.0 0.0
3320.0 0.0
3330.0 0.0
3340.0 0.0
3350.0 0.0
3360.0 0.0
3370.0 0.0
3380.0 0.0
3390.0 0.0
3400.0 0.0
3410.0 0.0
3420.0 0.0
3430.0 0.0
3440.0 0.0
3450.0 0.0
3460.0 0.0
3470.0 0.0
3480.0 0.0
3490.0 0.0
3500.0 0.0
3510.0 0.0
3520.0 0.0
3530.0 0.0
3540.0 0.0
3550.0 0.0
3560.0 0.0
3570.0 0.0
3580.0 0.0
3590.0 0.0
3600.0 0.0
3610.0 0.0
3620.0 0.0
3630.0 0.0
3640.0 0.0
3650.0 0.0
3660.0 0.0
3670.0 0.0
3680.0 0.0
3690.0 0.0
3700.0 0.0
3710.0 0.0
3720.0 0.0
3730.0 0.0
3740.0 0.0
3750.0 0.0
3760.0 0.0
3770.0 0.0
3780.0 0.0
3790.0 0.0
3800.0 0.0
3810.0 0.0
3820.0 0.0
3830.0 0.0
3840.0 0.0
3850.0 0.0
3860.0 0.0
3870.0 0.0
3880.0 0.0
3890.0 0.0
3900.0 0.0
3910.0 0.0
3920.0 0.0
3930.0 0.0
3940.0 0.0
3950.0 0.0
3960.0 0.0
3970.0 0.0
3980.0 0.0
3990.0 0.0
3998.0 0.0
3999.0 0.0
4000.0 0.0
4010.0 0.0
4020.0 0.0
4030.0 0.0
4040.0 0.0
4050.0 0.0
4060.0 0.0
4070.0 0.0
4080.0 0.0
4090.0 0.0
4100.0 0.0
4110.0 0.0
4120.0 0.0
4130.0 0.0
4140.0 0.0
4150.0 0.0
4160.0 0.0
4170.0 0.0
4180.0 0.0
4190.0 0.0
4200.0 0.0
4210.0 0.0
4220.0 0.0
4230.0 0.0
4240.0 0.0
4250.0 0.0
4260.0 0.0
4270.0 0.0
4280.0 0.0
4290.0 0.0
4300.0 0.0
4310.0 0.0
4320.0 0.0
4330.0 0.0
4340.0 0.0
4350.0 0.0
4360.0 0.0
4370.0 0.0
4380.0 0.0
4390.0 0.0
4400.0 0.0
4410.0 0.0
4420.0 0.0
4430.0 0.0
4440.0 0.0
4450.0 0.0
4460.0 0.0
4470.0 0.0
4480.0 0.0
4490.0 0.0
4500.0 0.0
4510.0 0.0
4520.0 0.0
4530.0 0.0
4540.0 0.0
4550.0 0.0
4560.0 0.0
4570.0 0.0
4580.0 0.0
4590.0 0.0
4600.0 0.0
4610.0 0.0
4620.0 0.0
4630.0 0.0
4640.0 0.0
4650.0 0.0
4660.0 0.0
4670.0 0.0
4680.0 0.0
4690.0 0.0
4700.0 0.0
4710.0 0.0
4720.0 0.0
4730.0 0.0
4740.0 0.0
4750.0 0.0
4760.0 0.0
4770.0 0.0
4780.0 0.0
4790.0 0.0
4800.0 0.0
4810.0 0.0
4820.0 0.0
4830.0 0.0
4840.0 0.0
4850.0 0.0
4860.0 0.0
4870.0 0.0
4880.0 0.0
4890.0 0.0
4900.0 0.0
4910.0 0.0
4920.0 0.0
4930.0 0.0
4940.0 0.0
4950.0 0.0
4960.0 0.0
4970.0 0.0
4980.0 0.0
4990.0 0.0
5000.0 0.0
5010.0 0.0
5020.0 0.0
5030.0 0.0
5040.0 0.0
5050.0 0.0
5060.0 0.0
5070.0 0.0
5080.0 0.0
5090.0 0.0
5100.0 0.0
5110.0 0.0
5120.0 0.0
5130.0 0.0
5140.0 0.0
5150.0 0.0
5160.0 0.0
5170.0 0.0
5180.0 0.0
5190.0 0.0
5200.0 0.0
5210.0 0.0
5220.0 0.0
5230.0 0.0
5240.0 0.0
5250.0 0.0
5260.0 0.0
5270.0 0.0
5280.0 0.0
5290.0 0.0
5300.0 0.0
5310.0 0.0
5320.0 0.0
5330.0 0.0
5340.0 0.0
5350.0 0.0
5360.0 0.0
5370.0 0.0
5380.0 0.0
5390.0 0.0
5400.0 0.0
5410.0 0.0
5420.0 0.0
5430.0 0.0
5440.0 0.0
5450.0 0.0
5460.0 0.0
5470.0 0.0
5480.0 0.0
5490.0 0.0
5500.0 0.0
5510.0 0.0
5520.0 0.0
5530.0 0.0
5540.0 0.0
5550.0 0.0
5560.0 0.0
5570.0 0.0
5580.0 0.0
5590.0 0.0
5600.0 0.0
5610.0 0.0
5620.0 0.0
5630.0 0.0
5640.0 0.0
5650.0 0.0
5660.0 0.0
5670.0 0.0
5680.0 0.0
5690.0 0.0
5700.0 0.0
5710.0 0.0
5720.0 0.0
5730.0 0.0
5740.0 0.0
5750.0 0.0
5760.0 0.0
5770.0 0.0
5780.0 0.0
5790.0 0.0
5800.0 0.0
5810.0 0.0
5820.0 0.0
5830.0 0.0
5840.0 0.0
5850.0 0.0
5860.0 0.0
5870.0 0.0
5880.0 0.0
5890.0 0.0
5900.0 0.0
5910.0 0.0
5920.0 0.0
5930.0 0.0
5940.0 0.0
5950.0 0.0
5960.0 0.0
5970.0 0.0
5980.0 0.0
5990.0 0.0
6000.0 0.0
6010.0 0.0
6020.0 0.0
6030.0 0.0
6040.0 0.0
6050.0 0.0
6060.0 0.0
6070.0 0.0
6080.0 0.0
6090.0 0.0
6100.0 0.0
6110.0 0.0
6120.0 0.0
6130.0 0.0
6140.0 0.0
6150.0 0.0
6160.0 0.0
6170.0 0.0
6180.0 0.0
6190.0 0.0
6200.0 0.0
6210.0 0.0
6220.0 0.0
6230.0 0.0
6240.0 0.0
6250.0 0.0
6260.0 0.0
6270.0 0.0
6280.0 0.0
6290.0 0.0
6300.0 0.0
6310.0 0.0
6320.0 0.0
6330.0 0.0
6340.0 0.0
6350.0 0.0
6360.0 0.0
6370.0 0.0
6380.0 0.0
6390.0 0.0
6400.0 0.0
6410.0 0.0
6420.0 0.0
6430.0 0.0
6440.0 0.0
6450.0 0.0
6460.0 0.0
6470.0 0.0
6480.0 0.0
6490.0 0.0
6500.0 0.0
6510.0 0.0
6520.0 0.0
6530.0 0.0
6540.0 0.0
6550.0 0.0
6560.0 0.0
6570.0 0.0
6580.0 0.0
6590.0 0.0
6600.0 0.0
6610.0 0.0
6620.0 0.0
6630.0 0.0
6640.0 0.0
6650.0 0.0
6660.0 0.0
6670.0 0.0
6680.0 0.0
6690.0 0.0
6700.0 0.0
6710.0 0.0
6720.0 0.0
6730.0 0.0
6740.0 0.0
6750.0 0.0
6760.0 0.0
6770.0 0.0
6780.0 0.0
6790.0 0.0
6800.0 0.0
6810.0 0.0
6820.0 0.0
6830.0 0.0
6840.0 0.0
6850.0 0.0
6860.0 0.0
6870.0 0.0
6880.0 0.0
6890.0 0.0
6900.0 0.0
6910.0 0.0
6920.0 0.0
6930.0 0.0
6940.0 0.0
6950.0 0.0
6960.0 0.0
6970.0 0.0
6980.0 0.0
6990.0 0.0
6999.9306640625 0.0
7000.0 0.0
7000.9306640625 0.0
7001.9306640625 0.0
7010.0 0.0
7020.0 0.0
7030.0 0.0
7040.0 0.0
7050.0 0.0
7051.94384765625 0.0
7060.0 0.0
7070.0 0.0
7080.0 0.0
7090.0 0.0
7100.0 0.0
7101.95751953125 0.0
7110.0 0.0
7120.0 0.0
7130.0 0.0
7140.0 0.0
7150.0 0.0
7151.970703125 0.0
7160.0 0.0
7170.0 0.0
7180.0 0.0
7190.0 0.0
7200.0 0.0
7201.984375 0.0
7210.0 0.0
7220.0 0.0
7230.0 0.0
7240.0 0.0
7250.0 0.0
7251.998046875 0.0
7260.0 0.0
7270.0 0.0
7280.0 0.0
7290.0 0.0
7300.0 0.0
7302.01123046875 0.0
7310.0 0.0
7320.0 0.0
7330.0 0.0
7340.0 0.0
7350.0 0.0
7352.02490234375 0.0
7360.0 0.0
7370.0 0.0
7380.0 0.0
7390.0 0.0
7400.0 0.0
7402.0380859375 0.0
7410.0 0.0
7420.0 0.0
7430.0 0.0
7440.0 0.0
7450.0 0.0
7452.0517578125 0.0
7460.0 0.0
7470.0 0.0
7480.0 0.0
7490.0 0.0
7500.0 0.0
7502.0654296875 0.0
7510.0 0.0
7520.0 0.0
7530.0 0.0
7540.0 0.0
7550.0 0.0
7552.07861328125 0.0
7560.0 0.0
7570.0 0.0
7580.0 0.0
7590.0 0.0
7600.0 0.0
7602.09228515625 0.0
7610.0 0.0
7620.0 0.0
7630.0 0.0
7640.0 0.0
7650.0 0.0
7652.10595703125 0.0
7660.0 0.0
7670.0 0.0
7680.0 0.0
7690.0 0.0
7700.0 0.0
7702.119140625 0.0
7710.0 0.0
7720.0 0.0
7730.0 0.0
7740.0 0.0
7750.0 0.0
7752.1328125 0.0
7760.0 0.0
7770.0 0.0
7780.0 0.0
7790.0 0.0
7800.0 0.0
7802.14599609375 0.0
7810.0 0.0
7820.0 0.0
7830.0 0.0
7840.0 0.0
7850.0 0.0
7852.15966796875 0.0
7860.0 0.0
7870.0 0.0
7880.0 0.0
7890.0 0.0
7900.0 0.0
7902.17333984375 0.0
7910.0 0.0
7920.0 0.0
7930.0 0.0
7940.0 0.0
7950.0 0.0
7952.1865234375 0.0
7960.0 0.0
7970.0 0.0
7980.0 0.0
7990.0 0.0
7998.0 0.0
7999.0 0.0
8000.0 3.125268178096121e-05
8002.2001953125 2.995156924271223e-05
8010.0 2.9994529704561018e-05
8020.0 3.0053453009559683e-05
8030.0 3.011446794122435e-05
8040.0 3.01722649714847e-05
8050.0 3.0230597913697286e-05
8052.2138671875 3.0243545532409727e-05
8060.0 3.0291477988485105e-05
8070.0 3.0353129050392997e-05
8080.0 3.0414935127356213e-05
8090.0 3.0476896627545418e-05
8100.0 3.0538906772569796e-05
8102.2275390625 3.05527446632813e-05
8110.0 3.060392736658568e-05
8120.0 3.0669834329817996e-05
8130.0 3.0735910671145416e-05
8140.0 3.0802105377849697e-05
8150.0 3.086836451364282e-05
8152.24072265625 3.0883239878134875e-05
8160.0 3.0934318770762444e-05
8170.0 3.100024838853865e-05
8180.0 3.106624255867443e-05
8190.0 3.1193152551530996e-05
8200.0 3.132043317186506e-05
8202.25390625 3.1347759859378865e-05
8210.0 3.630605907366306e-05
8220.0 4.275036279330716e-05
8230.0 4.924357186104818e-05
8240.0 5.574628854549204e-05
8250.0 6.228903627734734e-05
8252.267578125 6.37782228576629e-05
8260.0 6.393710985090358e-05
8270.0 6.414279856858449e-05
8280.0 6.434895920266459e-05
8290.0 6.455545060349783e-05
8300.0 6.476219442699228e-05
8302.28125 6.480943284207861e-05
8310.0 5.995382958482022e-05
8320.0 5.36278433572715e-05
8330.0 4.72618306841135e-05
8340.0 4.085587595587881e-05
8350.0 3.440971918995468e-05
8352.294921875 3.292472169461742e-05
8360.0 3.300219162491614e-05
8370.0 3.303280306192723e-05
8380.0 3.306334757154563e-05
8390.0 3.309393986686418e-05
8400.0 3.312451995599889e-05
8402.30859375 3.31300798019035e-05
8410.0 3.825821078129808e-05
8420.0 4.4934261900132034e-05
8430.0 5.1620305388737035e-05
8440.0 5.831627675504516e-05
8450.0 6.50221682391474e-05
8452.322265625 6.658090213635889e-05
8460.0 6.150296934365724e-05
8470.0 5.4880347106187634e-05
8480.0 4.82479344034238e-05
8490.0 4.160608126740997e-05
8500.0 3.4954967523193965e-05
8502.3349609375 3.3405361686998795e-05
8510.0 3.85719881056378e-05
8520.0 4.533035691607696e-05
8530.0 5.210855047264268e-05
8540.0 5.8906401733721154e-05
8550.0 6.564933095870503e-05
8552.3486328125 6.723360438362301e-05
8560.0 9.292142938389376e-05
8570.0 0.00012651229056776978
8580.0 0.0001601236486741087
8590.0 0.00019375504415171176
8600.0 0.00022740579839247927
8602.3623046875 0.00023534909965815097
8610.0 0.00021996903746794653
8620.0 0.00019982654057932794
8630.0 0.00017967811526461557
8640.0 0.00015976967003635407
8650.0 0.00013979357433189257
8660.0 0.00011974975177662928
8670.0 9.963878035611275e-05
8680.0 7.946062781107369e-05
8690.0 5.921543309453584e-05
8700.0 3.890339809610614e-05
8702.3896484375 3.4039638604693564e-05
8710.0 4.445601342917206e-05
8720.0 5.818209949681037e-05
8730.0 7.229138548812065e-05
8740.0 8.657600136741433e-05
8750.0 0.00010103701843506528
8752.4033203125 0.00010453886845164075
8760.0 9.972193639205952e-05
8770.0 9.330591094301235e-05
8780.0 8.680428533010627e-05
8790.0 8.021636721291893e-05
8800.0 7.354161016978337e-05
8802.416015625 7.189167836100592e-05
8810.0 7.215459495203626e-05
8820.0 7.250187606719922e-05
8830.0 7.28501290245957e-05
8840.0 7.332264898856886e-05
8850.0 7.379713277418584e-05
8852.4296875 7.391271753411498e-05
8860.0 8.551602214122554e-05
8870.0 0.00010101322251359248
8880.0 0.00011670467262497632
8890.0 0.0001325919004527178
8900.0 0.00014867594182377044
8902.443359375 0.0001524891260362063
8910.0 0.00015661434226687154
8920.0 0.00016209515123629447
8930.0 0.0001677393166877191
8940.0 0.00017327446511040064
8950.0 0.0001788341622260436
8960.0 0.00018457169449124242
8970.0 0.00019018706472668178
8980.0 0.0001959914661356153
8990.0 0.00020166574271393055
9000.0 0.00020736621894888876
9010.0 0.0002127749862614204
9020.0 0.0002180164444655332
9030.0 0.00022344752666696906
9040.0 0.0002288954238539269
9050.0 0.00023435717823167934
9052.484375 0.00023576514824806788
9060.0 0.00022426926134584636
9070.0 0.00020875245538006624
9080.0 0.00019336700521977167
9090.0 0.0001777772008469931
9100.0 0.0001621566772775778
9102.498046875 0.00015828271098721028
9110.0 0.0001466201069931634
9120.0 0.00013091437590800306
9130.0 0.00011527165491812756
9140.0 9.948627666815664e-05
9150.0 8.37367964804441e-05
9152.5107421875 7.975631433924367e-05
9160.0 9.176993232702366e-05
9170.0 0.00010793329621323605
9180.0 0.00012405697998644233
9190.0 0.0001403352214053335
9200.0 0.00015654759618936309
9202.5244140625 0.00016065281479131895
9210.0 0.00014879501615594351
9220.0 0.00013278618280635884
9230.0 0.00011686059624443851
9240.0 0.0001008970399601723
9250.0 8.496107349152802e-05
9252.5380859375 8.088798681356043e-05
9260.0 8.701457748161409e-05
9270.0 9.532495442468941e-05
9280.0 0.00010358519510708934
9290.0 0.00011196241105646837
9300.0 0.00012027578873147023
9302.5517578125 0.00012242714570670564
9310.0 0.0001469586999029662
9320.0 0.00017987186855056595
9330.0 0.0002130556304627898
9340.0 0.00024618012664764303
9350.0 0.00027963194902963376
9352.5654296875 0.0002881755207885731
9360.0 0.0002517206089805494
9370.0 0.00020273759466824675
9380.0 0.00015340397509851038
9390.0 0.00010402013294332556
9400.0 5.441452490598036e-05
9402.5791015625 4.1565534921686616e-05
9410.0 4.157883061991608e-05
9420.0 4.1631792505589245e-05
9430.0 4.164963623470043e-05
9440.0 4.172579712061044e-05
9450.0 4.1766708444602955e-05
9452.5927734375 4.178644129952846e-05
9460.0 4.804189496238862e-05
9470.0 5.651374528163026e-05
9480.0 6.496151695702751e-05
9490.0 7.348772433458997e-05
9500.0 8.204466425937437e-05
9502.6064453125 8.425797641344289e-05
9510.0 7.80772130903004e-05
9520.0 6.976417865412673e-05
9530.0 6.137107366637425e-05
9540.0 5.3008882864113886e-05
9550.0 4.461861326833614e-05
9552.619140625 4.240702025398355e-05
9560.0 4.8693693036236556e-05
9570.0 5.727109225868317e-05
9580.0 6.587586252436054e-05
9590.0 7.444477922202526e-05
9600.0 8.309658574633378e-05
9602.6328125 8.537065939357737e-05
9610.0 8.544209061165495e-05
9620.0 8.546577985852839e-05
9630.0 8.556136991425017e-05
9640.0 8.569065111628817e-05
9650.0 8.574618770231599e-05
9652.646484375 8.578002333543494e-05
9660.0 8.588355581612737e-05
9670.0 8.602355111385644e-05
9680.0 8.608961067121045e-05
9690.0 8.622803880165097e-05
9700.0 8.636579774778308e-05
9710.0 8.642915311521543e-05
9720.0 8.656522093414504e-05
9730.0 8.670035335069855e-05
9740.0 8.676075138730032e-05
9750.0 8.689394535448245e-05
9752.673828125 8.692930482631285e-05
9760.0 9.658521128639512e-05
9770.0 0.0001097972728971628
9780.0 0.00012294104979225964
9790.0 0.00013621451911789042
9800.0 0.0001495235810977387
9810.0 0.0001627828230901349
9820.0 0.0001759124053929945
9830.0 0.0001892008612039888
9840.0 0.00020261266097129358
9850.0 0.00021605692789207384
9852.701171875 0.0002196428154012634
9860.0 0.00021009636265044253
9870.0 0.00019717188981847736
9880.0 0.00018421016145073557
9890.0 0.00017121182783186263
9900.0 0.00015804230819341827
9910.0 0.00014498403350976863
9920.0 0.00013189087139428286
9930.0 0.0001187635232473612
9940.0 0.00010560271585454572
9950.0 9.233020985993087e-05
9952.7275390625 8.87288919522476e-05
9960.0 9.740389568332355e-05
9970.0 0.00010935363291509076
9980.0 0.00012132755969820743
9990.0 0.00013332466699499872
10000.0 0.00014521978822689628
10010.0 0.0001573397001222796
10020.0 0.00016949491021760576
10030.0 0.00018168489155108748
10040.0 0.00019390932140777697
10050.0 0.00020599074076606462
10060.0 0.00021827169221340712
10070.0 0.00023058550391950769
10080.0 0.00024293169579896241
10090.0 0.00025530973471692375
10100.0 0.0002677194578176894
10102.7685546875 0.0002711602129572412
10110.0 0.000271440553709678
10120.0 0.0002715915697175276
10130.0 0.0002719719531609614
10140.0 0.00027234888359665727
10150.0 0.00027272232729937205
10152.7822265625 0.00027282544137355514
10160.0 0.0002665375908851602
10170.0 0.0002578013520446549
10180.0 0.000249037538747086
10190.0 0.00024004120087867603
10200.0 0.0002312316976956112
10202.7958984375 0.00022876799774860861
10210.0 0.00021579667126653973
10220.0 0.00019774667116356627
10230.0 0.0001796452125954547
10240.0 0.00016149309754512228
10250.0 0.00014329086375028244
10252.80859375 0.00013816956531333195
10260.0 0.00012504046034912466
10270.0 0.00010674147921326555
10280.0 8.839411192543777e-05
10290.0 6.993872196066015e-05
10300.0 5.151190535288932e-05
10302.8232421875 4.6301031576429584e-05
10310.0 5.299135641837601e-05
10320.0 6.23329043605181e-05
10330.0 7.169681577366173e-05
10340.0 8.108295279843533e-05
10350.0 9.049123211350447e-05
10352.8359375 9.316325835556409e-05
10360.0 9.992519674684728e-05
10370.0 0.00010938236258326996
10380.0 0.00011886092742544805
10390.0 0.00012836105538319392
10400.0 0.00013788224754365905
10410.0 0.00014742995057756518
10420.0 0.00015699944529239693
10430.0 0.00016659035498115817
10440.0 0.00017620275893644714
10450.0 0.00018583654925304782
10452.86328125 0.00018855226913240674
10460.0 0.0001818674604034264
10470.0 0.0001726434184167189
10480.0 0.00016339684454337225
10490.0 0.00015412771327625308
10500.0 0.00014483626732852292
10510.0 0.0001354131109681769
10520.0 0.0001259832709777554
10530.0 0.00011654668902154187
10540.0 0.00010710362023953688
10550.0 9.765398392625782e-05
10552.890625 9.492124784774594e-05
10560.0 0.00010393778521200463
10570.0 0.00011662709671196911
10580.0 0.00012932386632359433
10590.0 0.00014202833197603568
10600.0 0.00015474045181092727
10610.0 0.00016744790741016332
10620.0 0.00018016106024103379
10630.0 0.00019287987503736006
10640.0 0.00020560453279046083
10650.0 0.00021833475628641128
10660.0 0.00023107079660682163
10670.0 0.0002438127380475245
10680.0 0.0002565604677117133
10690.0 0.0002695457918047027
10700.0 0.0002823166058765453
10702.9306640625 0.00028606040511957383
10710.0 0.000269257742771651
10720.0 0.00024548029810738363
10730.0 0.00022169211988321341
10740.0 0.00019789304234465367
10750.0 0.00017408298803858293
10760.0 0.000150262090523112
10770.0 0.00012643011867614069
10780.0 0.00010258675927640363
10790.0 7.873211589927324e-05
10800.0 5.4865811945631095e-05
10802.9580078125 4.780455975422595e-05
10810.0 5.4545669261410085e-05
10820.0 6.412355597019406e-05
10830.0 7.370754406237399e-05
10840.0 8.329766003643226e-05
10850.0 9.289423906354795e-05
10852.9716796875 9.574731661708329e-05
10860.0 8.903921394014617e-05
10870.0 7.955839848542474e-05
10880.0 6.999516372707626e-05
10890.0 6.042583047606364e-05
10900.0 5.0850433813964104e-05
10902.986328125 4.798969262844601e-05
10910.0 6.145645797902561e-05
10920.0 8.066902736464818e-05
10930.0 9.989583337329244e-05
10940.0 0.0001191372596538924
10950.0 0.00013839368417755348
10952.9990234375 0.0001441717629030599
10960.0 0.00013075350397289586
10970.0 0.00011157581549964398
10980.0 9.246339048247213e-05
10990.0 7.324051908407504e-05
11000.0 5.399151493201248e-05
11003.0126953125 4.819259450249473e-05
11010.0 5.493941043312981e-05
11020.0 6.460060295813114e-05
11030.0 7.426812240854245e-05
11040.0 8.394197109998099e-05
11050.0 9.362215134858928e-05
11060.0 0.00010330866547103518
11070.0 0.00011309851732961943
11080.0 0.00012280603202513592
11090.0 0.0001325198929906703
11100.0 0.00014224010254698283
11103.0400390625 0.0001451963429364371
11110.0 0.00013175407854635658
11120.0 0.00011242962519795531
11130.0 9.309249466782136e-05
11140.0 7.374268231582197e-05
11150.0 5.4426823916113785e-05
11153.052734375 4.850836732532671e-05
11160.0 6.199651653538478e-05
11170.0 8.142233232929445e-05
11180.0 0.00010086086029976554
11190.0 0.00012031210509498695
11200.0 0.00013977607136420107
11203.0673828125 0.00014578960685547818
11210.0 0.00015939874130765837
11220.0 0.0001789169543015568
11230.0 0.0001984499496936361
11240.0 0.00021799773307853342
11250.0 0.00023756031005177537
11253.080078125 0.00024358871745491252
11260.0 0.0002369137060750786
11270.0 0.00022726139723691047
11280.0 0.00021778803365879985
11290.0 0.00020811271247512378
11300.0 0.00019843001309849707
11310.0 0.00018873993273174795
11320.0 0.00017904246857725986
11330.0 0.0001693376178369711
11340.0 0.00015976191646699346
11350.0 0.00015003397027754005
11353.1083984375 0.00014700862926200742
11360.0 0.00014029342244395503
11370.0 0.0001305431201043768
11380.0 0.00012078540513316504
11390.0 0.00011111516828638333
11400.0 0.00010133426663929117
11410.0 9.155258340111631e-05
11420.0 8.176204698296715e-05
11430.0 7.19626532186345e-05
11440.0 6.215439794090461e-05
11450.0 5.238197358491854e-05
11453.134765625 4.93000806706992e-05
11460.0 5.607794395566303e-05
11470.0 6.595817388181923e-05
11480.0 7.584729674782157e-05
11490.0 8.574531672881157e-05
11500.0 9.573384661959985e-05
11503.1484375 9.885583299682857e-05
11510.0 9.888275493862224e-05
11520.0 9.892205623539736e-05
11530.0 9.896136721135787e-05
11540.0 9.900068786736719e-05
11550.0 9.912445524452767e-05
11553.162109375 9.91369045466466e-05
11560.0 0.00010594268936115493
11570.0 0.00011590237421647937
11580.0 0.00012586994586055215
11590.0 0.00013584540720128747
11600.0 0.0001459529674403923
11610.0 0.0001559536765028366
11620.0 0.00016596241206029132
11630.0 0.000175979177069252
11640.0 0.00018616228314526483
11650.0 0.00019620365490844862
11653.189453125 0.00019940799540741453
11660.0 0.00019267228765089663
11670.0 0.00018277544297885521
11680.0 0.00017287058668802508
11690.0 0.00016309629178238607
11700.0 0.00015316696685664029
11703.203125 0.00014998478268223825
11710.0 0.0001568219838211607
11720.0 0.00016688808356350943
11730.0 0.000177112585528615
11740.0 0.00018720337940195716
11750.0 0.00019730224893324254
11760.0 0.00020740919708987128
11770.0 0.00021752422683956284
11780.0 0.00022784059920152755
11790.0 0.0002379804017849894
11800.0 0.00024812830173490303
11803.23046875 0.0002513971441571171
11810.0 0.00023783527471837743
11820.0 0.00021797738613857031
11830.0 0.00019790714751120162
11840.0 0.0001778262687909603
11850.0 0.000157734748285084
11853.2431640625 0.0001512580159076441
11860.0 0.00013774062625983522
11870.0 0.00011759803617031188
11880.0 9.744478346388587e-05
11890.0 7.728086644600975e-05
11900.0 5.715463985946928e-05
11903.2568359375 5.0576240590752485e-05
11910.0 5.740288222942799e-05
11920.0 6.753115046266215e-05
11930.0 7.766476178466589e-05
11940.0 8.78037170429555e-05
11950.0 9.80308774187037e-05
11953.26953125 0.00010135155437529346
11960.0 0.00010818679563757871
11970.0 0.00011834693940269355
11980.0 0.00012851243320213053
11990.0 0.00013880051352349327
12000.0 0.00014898531236187825
12003.2841796875 0.0001523374867901754
12010.0 0.00015237701675863916
12020.0 0.00015243589063340044
12030.0 0.00015262356688276185
12040.0 0.0001526825213956462
12050.0 0.00015274149137034913
12053.2978515625 0.00015276094218337702
12060.0 0.00013915121171681618
12070.0 0.00011893185598266487
12080.0 9.857933678994923e-05
12090.0 7.821108062556501e-05
12100.0 5.7827081299326714e-05
12103.310546875 5.1089650706503835e-05
12110.0 5.113370869632672e-05
12120.0 5.1156509588038965e-05
12130.0 5.117931801791851e-05
12140.0 5.1202133987615994e-05
12150.0 5.1268109346455736e-05
12153.3251953125 5.1275706675339265e-05
12160.0 8.54981326003164e-05
12170.0 0.00013680214712389732
12180.0 0.00018814571099280952
12190.0 0.0002397304727673794
12200.0 0.00029119646905205693
12203.337890625 0.00030837462581776045
12210.0 0.00030386990888765347
12220.0 0.0002973547633537213
12230.0 0.00029058002775230265
12240.0 0.0002838012804888925
12250.0 0.00027701852040106493
12260.0 0.0002704588153574368
12270.0 0.0002636623200011433
12280.0 0.0002568618049573466
12290.0 0.0002500572690619767
12300.0 0.00024345295974969694
12310.0 0.00023663465833963834
12320.0 0.00022981232920567544
12330.0 0.00022298597118209295
12340.0 0.00021633690853136665
12350.0 0.0002094967560732096
12353.37890625 0.00020718462053566437
12360.0 0.00020036643592268025
12370.0 0.0001900637273728228
12380.0 0.00017990563759999326
12390.0 0.00016958215475764812
12400.0 0.00015925260032374305
12410.0 0.00014893482305848658
12420.0 0.00013872458143181264
12430.0 0.00012838103018715402
12440.0 0.00011802890789234377
12450.0 0.00010766821125374127
12453.40625 0.00010416682192524499
12460.0 0.00013172799625815702
12470.0 0.00017346833029508878
12480.0 0.00021524306775710217
12490.0 0.00025705222183571865
12500.0 0.00029914573028788264
12503.419921875 0.00031345163240554527
12510.0 0.0002997440288890035
12520.0 0.00027890556414388756
12530.0 0.00025805927694592723
12540.0 0.0002374033234786104
12550.0 0.00021652397661401526
12553.4326171875 0.0002093550938584391
12560.0 0.00022313096841173843
12570.0 0.00024431739806920696
12580.0 0.0002653253564278281
12590.0 0.0002863411008884714
12600.0 0.00030736462724236614
12603.447265625 0.0003146996722405127
12610.0 0.0002942722494885024
12620.0 0.00026282845618679445
12630.0 0.000231375609878344
12640.0 0.00019991371654411538
12650.0 0.00016858314097526
12653.4609375 0.00015768006470307257
12660.0 0.00020752642722244574
12670.0 0.00028377306565981187
12680.0 0.0003600414959590327
12690.0 0.0004366950275615371
12700.0 0.000513070541280855
12701.4736328125 0.0005243273280559334
12703.4736328125 0.00042114891386535024
12705.474609375 0.0004717319152718407
12707.474609375 0.0006800930326314194
12709.4755859375 0.0005201727162689343
12710.0 0.0005610091641851585
12711.4755859375 0.0006759172346813872
12713.4765625 0.0008845654009796246
12715.4765625 0.0011985966591565721
12717.4775390625 0.0011965234451521303
12719.478515625 0.001299827124137469
12720.0 0.00140905579394008
12721.478515625 0.0017189618055603083
12723.48046875 0.0023496708268414225
12725.48046875 0.0030328150506316503
12727.4814453125 0.0037167532748720714
12729.4814453125 0.004980544191907403
12730.0 0.0054176152971124394
12731.482421875 0.006666517305421697
12733.482421875 0.009087607782171731
12735.4833984375 0.012463512168376977
12737.4833984375 0.016994743111021872
12739.484375 0.023214151944710885
12740.0 0.025388811240593157
12741.484375 0.03164937242819418
12743.4853515625 0.043566602512216425
12745.486328125 0.060084481972883325
12747.486328125 0.08044902792360949
12749.4873046875 0.10719809126659223
12750.0 0.11501558013831548
12751.4873046875 0.13769438880580337
12753.48828125 0.17410132190678923
12755.48828125 0.21346482925604549
12757.4892578125 0.25567969783938876
12759.4892578125 0.2973693158433396
12760.0 0.3076606822420795
12761.490234375 0.3376895008035622
12763.490234375 0.3719966332683666
12765.4912109375 0.4027704200651902
12767.4921875 0.4276358081391151
12769.4921875 0.4481755619821369
12770.0 0.4521026942818191
12771.4931640625 0.4637078526062215
12773.4931640625 0.4751476165689116
12775.494140625 0.4824207877912235
12777.494140625 0.48763713012504806
12779.4951171875 0.49105969154252327
12780.0 0.4916171863142342
12781.4951171875 0.4932071637452805
12783.49609375 0.49485872229087613
12785.49609375 0.49598214815697583
12787.4970703125 0.4967886498786495
12789.498046875 0.49685560203493884
12790.0 0.4967795930382604
12791.498046875 0.4965527418466719
12793.4990234375 0.49603854486461707
12795.4990234375 0.49483745263835305
12797.5 0.49374196516312946
12799.5 0.49222372172200907
12800.0 0.4918707474305151
12801.5009765625 0.4907989342609857
12803.5009765625 0.4891059163228907
12805.501953125 0.4876242196372083
12807.501953125 0.4866180853079457
12809.5029296875 0.48555908984987506
12810.0 0.48536165471160686
12811.50390625 0.4848248633729212
12813.50390625 0.48384610610826684
12815.5048828125 0.4834485174365923
12817.5048828125 0.48283926802293137
12819.505859375 0.48222983278798853
12820.0 0.48207921555737765
12821.505859375 0.4815599535207817
12823.5068359375 0.48097602215911894
12825.5068359375 0.4807093563845662
12827.5078125 0.4800725887034213
12829.5078125 0.4794887030154072
12830.0 0.4793580890376962
12831.5087890625 0.4789576963891285
12833.5087890625 0.4784795369805333
12835.509765625 0.4780014129715452
12837.5107421875 0.47736466646403064
12839.5107421875 0.47641070913032163
12840.0 0.4762550126354051
12841.51171875 0.4757739402123923
12843.51171875 0.475295800556666
12845.5126953125 0.4748176963248547
12847.5126953125 0.4742867224150506
12849.513671875 0.4738085915851766
12850.0 0.4735509094293386
12851.513671875 0.472808270433333
12853.5146484375 0.4724085398371881
12855.5146484375 0.47200858325852746
12857.515625 0.47182019783937046
12859.5166015625 0.4715787442585158
12860.0 0.4714947888863809
12861.5166015625 0.47117208923173404
12863.517578125 0.4703760898891085
12865.517578125 0.46989765825200186
12867.5185546875 0.4692075006764093
12869.5185546875 0.4687819916898759
12870.0 0.4687177910537489
12871.51953125 0.4685151623469002
12873.51953125 0.4678779663659005
12875.521484375 0.4669761678584654
12877.521484375 0.46639189682155413
12879.5224609375 0.46612514549283723
12880.0 0.4660488407346397
12881.5234375 0.46580541519159835
12883.5234375 0.4660148546731719
12885.5244140625 0.4663301160428106
12887.5244140625 0.46685702566487225
12889.525390625 0.4677014035525682
12890.0 0.4680022442478474
12891.525390625 0.46902845829692974
12893.5263671875 0.4703213364006436
12895.5263671875 0.47087356235360667
12897.52734375 0.47010226124390053
12899.52734375 0.4675302415169582
12900.0 0.46630964805664293
12901.5283203125 0.4623037086570078
12903.5283203125 0.4520281182886937
12905.529296875 0.4374632461420501
12907.5302734375 0.4151670983476926
12909.5302734375 0.38895253817827097
12910.0 0.38090921229322167
12911.53125 0.3546890985053331
12913.53125 0.3187844637472002
12915.5322265625 0.27800832827925565
12917.5322265625 0.23807993101238323
12919.533203125 0.19751641706328174
12920.0 0.18929730072494233
12921.533203125 0.1623015878417456
12923.5341796875 0.1286756781239045
12925.5341796875 0.10124556610397416
12927.53515625 0.07746943224402053
12929.5361328125 0.0590946415451222
12930.0 0.05552929316682423
12931.5361328125 0.04372798144411397
12933.537109375 0.0329350025126913
12935.537109375 0.02452245782096205
12937.5380859375 0.01859216835070215
12939.5380859375 0.013878803001755575
12940.0 0.013096372062628163
12941.5390625 0.010487616138006892
12943.5390625 0.008102823214368652
12945.5400390625 0.006412275440517285
12947.5400390625 0.004979293241795962
12949.541015625 0.003866935455250426
12950.0 0.003696873709683744
12951.5419921875 0.0031255413761578322
12953.5419921875 0.002489610432137509
12955.54296875 0.001966030211194607
12957.54296875 0.00154896988801227
12959.5439453125 0.0012373681511421064
12960.0 0.00120256586799796
12961.5439453125 0.0010847454333316933
12963.544921875 0.0009851156942993732
12965.544921875 0.0009384784277486198
12967.5458984375 0.0008388503641852768
12969.5458984375 0.0004745337511102639
12970.0 0.0005240191780123483
12971.546875 0.0006925880683531295
12973.5478515625 0.0008049242775316108
12975.5478515625 0.0005993186335516297
12977.548828125 0.00039397985462899645
12979.548828125 0.0005062099678382031
12980.0 0.0004598875190062382
12981.5498046875 0.00030080626513951384
12983.5498046875 0.0003071621774347752
12985.55078125 0.0005254669023786024
12987.55078125 0.0003199860717341585
12989.5517578125 0.00032640109542316365
12990.0 0.0003634722159962209
12991.5517578125 0.0004917652251452485
13000.0 0.0004440193641862707
13003.5556640625 0.00042397619134763143
13010.0 0.00038308514061043456
13020.0 0.0003195994233761873
13030.0 0.000256285351391752
13040.0 0.00019266669820050317
13050.0 0.00012900781169903415
13053.5693359375 0.00010627607056769207
13060.0 0.00011313029912768948
13070.0 0.00012379448467157733
13080.0 0.0001345765141321626
13090.0 0.0001452629730800413
13100.0 0.00015595616604257946
13110.0 0.00016665609547479986
13120.0 0.00017736276383230595
13130.0 0.0001882314873348747
13140.0 0.00019896049364109838
13150.0 0.00020969625181401036
13160.0 0.00022043876431356775
13170.0 0.0002313787917147161
13180.0 0.00024214369527538387
13190.0 0.00025291536612528665
13200.0 0.00026369380672874035
13203.6103515625 0.00026756673770753694
13210.0 0.00025732980444006083
13220.0 0.00024150478377335898
13230.0 0.00022546419325724434
13240.0 0.00020942016045233603
13250.0 0.00019337268502079124
13260.0 0.00017732176662476064
13270.0 0.00016126740492638898
13280.0 0.00014532921769888177
13290.0 0.00012925473773970302
13300.0 0.00011317681062728386
13303.63671875 0.00010732886589031629
13310.0 0.00011074859379995534
13320.0 0.00011612369264601144
13330.0 0.00012159993419016466
13340.0 0.00012698175866462312
13350.0 0.00013236473430802475
13360.0 0.0001377488612331674
13370.0 0.000143134139552851
13380.0 0.00014852056937987763
13390.0 0.00015403472594868837
13400.0 0.00015942789086004013
13403.6640625 0.00016137212914080958
13410.0 0.00016132614249631446
13420.0 0.00016125356503693004
13430.0 0.0001611809914810245
13440.0 0.00016110842182921363
13450.0 0.00016116818424997248
13460.0 0.00016109556278187757
13470.0 0.0001610229452229338
13480.0 0.0001609503315737572
13490.0 0.00016087772183496352
13500.0 0.00016080511600716837
13510.0 0.0001608433482036705
13520.0 0.000160749590943907
13530.0 0.00016065585855403575
13540.0 0.0001605621510303325
13550.0 0.0001604684683690732
13560.0 0.00016037481056653427
13570.0 0.0001602811776189922
13580.0 0.00016031898466421356
13590.0 0.00016022532464140055
13600.0 0.00016013168948279783
13610.0 0.00015973613071511856
13620.0 0.00015934099771014416
13630.0 0.00015894629060420886
13640.0 0.00015855200953353128
13650.0 0.00015815815463421392
13653.732421875 0.00015805959847787617
13660.0 0.00014470862751679223
13670.0 0.00012336261991904198
13680.0 0.00010212114495365137
13690.0 8.098403620175678e-05
13700.0 5.995112716320858e-05
13703.74609375 5.209879668897586e-05
13710.0 5.5268485673977354e-05
13720.0 6.031584925734923e-05
13730.0 6.533744504088674e-05
13740.0 7.033331482121889e-05
13750.0 7.536517692791558e-05
13760.0 8.031376994685618e-05
13770.0 8.523674150580288e-05
13780.0 9.013413351637683e-05
13790.0 9.500598791034411e-05
13800.0 9.985234663959784e-05
13803.7734375 0.0001016966785737761
13810.0 9.84114102836573e-05
13820.0 9.315145473693657e-05
13830.0 8.791151048471436e-05
13840.0 8.302047744658647e-05
13850.0 7.8109180303853e-05
13860.0 7.323748100283208e-05
13870.0 6.828153023888832e-05
13880.0 6.330522583289168e-05
13890.0 5.830854350533243e-05
13900.0 5.3291458995930546e-05
13903.7998046875 5.137971072819125e-05
13910.0 5.7821914703079455e-05
13920.0 6.824556915160903e-05
13930.0 7.871041363350461e-05
13940.0 8.921649637002667e-05
13950.0 9.976386554402235e-05
13953.814453125 0.00010379799800345835
13960.0 9.750194049132429e-05
13970.0 8.729006476741845e-05
13980.0 7.70371025764465e-05
13990.0 6.674300572411978e-05
14000.0 5.6407726054535955e-05
14003.8271484375 5.2421722020997676e-05
14010.0 5.892794671986434e-05
14020.0 6.948489062908674e-05
14030.0 8.006271802666285e-05
14040.0 9.066143853023324e-05
14050.0 0.00010128106174228104
14053.8408203125 0.00010536542617305823
14060.0 0.00010542327260256041
14070.0 0.0001055172006443233
14080.0 0.000105697487674959
14090.0 0.00010579151466213643
14100.0 0.00010588555265275314
14103.85546875 0.000105921811635039
14110.0 9.947672029984575e-05
14120.0 8.897070356075779e-05
14130.0 7.84437844821853e-05
14140.0 6.789595350207062e-05
14150.0 5.732720107357402e-05
14153.8681640625 5.323342062029899e-05
14160.0 5.326425478677509e-05
14170.0 5.3314549545551383e-05
14180.0 5.336485592086932e-05
14190.0 5.3415173891725715e-05
14200.0 5.342182563539551e-05
14203.8818359375 5.342249327071157e-05
14210.0 5.996043184536658e-05
14220.0 7.064778025105196e-05
14230.0 8.13366602491841e-05
14240.0 9.202706871653288e-05
14250.0 0.00010271900252868278
14253.89453125 0.00010688342159311376
14260.0 0.00011993631170642751
14270.0 0.00014131777979183136
14280.0 0.0001627022901066305
14290.0 0.00018408983639572234
14300.0 0.000205480412401635
14303.9091796875 0.00021384319524928751
14310.0 0.00020994590008975258
14320.0 0.0002035465126553387
14330.0 0.00019714619479077274
14340.0 0.00019074494836848229
14350.0 0.00018434277526160583
14360.0 0.00017793967734399286
14370.0 0.00017153565649020394
14380.0 0.00016513071457551048
14390.0 0.0001587248534758944
14400.0 0.00015219352462919218
14410.0 0.00014576345318742122
14420.0 0.00013933490529371824
14430.0 0.0001329078819070324
14440.0 0.00012648238398629626
14450.0 0.00012005841249042587
14460.0 0.00011363596837832048
14470.0 0.00010721505260886287
14480.0 0.0001007956661409191
14490.0 9.43778099333386e-05
14500.0 8.796148494495402e-05
14510.0 8.151809042714926e-05
14520.0 7.514223057404095e-05
14530.0 6.876191949857633e-05
14540.0 6.237715625253031e-05
14550.0 5.598793988773045e-05
14553.9765625 5.3445990364904086e-05
14560.0 5.3457180078475704e-05
14570.0 5.347575914503185e-05
14580.0 5.345053211026617e-05
14590.0 5.346910122475457e-05
14600.0 5.348767297062831e-05
14603.9912109375 5.349271514112749e-05
14610.0 6.313870924608908e-05
14620.0 7.9197913902957e-05
14630.0 9.526469308623244e-05
14640.0 0.00011133904649390658
14650.0 0.00012731652552445093
14660.0 0.00014339283774276483
14670.0 0.00015947671707058382
14680.0 0.0001755681632055201
14690.0 0.00019166717584502994
14700.0 0.0002077737546864125
14704.017578125 0.00021417622270187398
14710.0 0.00020129951646051002
14720.0 0.00017994296805569238
14730.0 0.00015857633951105093
14740.0 0.00013719963122940144
14750.0 0.00011581284361376802
14754.03125 0.00010715296620951403
14760.0 0.00011989888841430287
14770.0 0.0001413493641819893
14780.0 0.0001628099134930122
14790.0 0.0001842805359431225
14800.0 0.00020559215072928573
14804.044921875 0.00021426792151883265
14810.0 0.0002079094476217777
14820.0 0.00019722974900379127
14830.0 0.00018654716768400244
14840.0 0.00017571709244728706
14850.0 0.00016503753910246372
14854.0576171875 0.00016070336483884105
14860.0 0.00015753254230776122
14870.0 0.00015219544815223149
14880.0 0.00014673603690578343
14890.0 0.0001414004555895641
14900.0 0.0001360634353194332
14910.0 0.00013072497680462243
14920.0 0.00012528180563538442
14930.0 0.00011994487221962132
14940.0 0.00011460650386913944
14950.0 0.0001092667012921791
14954.0859375 0.00010704840614476869
14960.0 0.00010067855170664031
14970.0 8.999387163047279e-05
14980.0 7.93063360510802e-05
14990.0 6.855932991951225e-05
15000.0 5.787491079243214e-05
15004.0986328125 5.348443397822784e-05
15010.0 5.978173898181576e-05
15020.0 7.038861829796908e-05
15030.0 8.103747446599804e-05
15040.0 9.16789476422601e-05
15050.0 0.00010222847982406279
15054.11328125 0.0001065968258946226
15060.0 0.00010657509986024639
15070.0 0.00010653819875635177
15080.0 0.00010641321038025411
15090.0 0.0001063763542956579
15100.0 0.00010633950545806826
15110.0 0.00010621467134700221
15120.0 0.00010617786749137073
15130.0 0.00010614107087489445
15140.0 0.00010601636994911367
15150.0 0.00010597961828453671
15154.1396484375 0.00010596440650384426
15160.0 9.973606738849647e-05
15170.0 8.904008380238212e-05
15180.0 7.843413866915866e-05
15190.0 6.777923824457636e-05
15200.0 5.719676556024439e-05
15204.154296875 5.280083845815516e-05
15210.0 5.2790051480834814e-05
15220.0 5.2727768922606913e-05
15230.0 5.2709337193324504e-05
15240.0 5.2647112267549904e-05
15250.0 5.26287022982161e-05
15254.1669921875 5.2621031828831444e-05
15260.0 5.873849281757676e-05
15270.0 6.916141857468775e-05
15280.0 7.962419791506595e-05
15290.0 9.000296831440992e-05
15300.0 0.0001004390318429998
15304.1806640625 0.00010476281988851365
15310.0 0.00012295989735815107
15320.0 0.0001542959062631241
15330.0 0.0001854501238972657
15340.0 0.00021670608519001403
15350.0 0.00024772816667412856
15354.1943359375 0.000260807726558528
15360.0 0.0002546896970638869
15370.0 0.00024415877921864454
15380.0 0.00023344167006527825
15390.0 0.00022293753758872225
15400.0 0.00021226477805135665
15410.0 0.000201797756523362
15420.0 0.0001911785086843473
15430.0 0.0001807360247637607
15440.0 0.00017015878784242873
15450.0 0.00015974080332579357
15454.2216796875 0.00015529005923915645
15460.0 0.00016115904542051814
15470.0 0.0001712961419528212
15480.0 0.00018156061764671325
15490.0 0.00019165622460764169
15500.0 0.00020189644909962066
15510.0 0.0002120075145125877
15520.0 0.000222285957582461
15530.0 0.00023236650569364775
15540.0 0.00024263172541458408
15550.0 0.0002526817971527834
15554.2490234375 0.0002569461631419873
15560.0 0.00023318110017034826
15570.0 0.00019208132722448439
15580.0 0.00015086337785213984
15590.0 0.00010981652587790555
15600.0 6.872076933989373e-05
15604.26171875 5.124801567439816e-05
15610.0 5.712129203530884e-05
15620.0 6.729700354015754e-05
15630.0 7.745207200978284e-05
15640.0 8.766065789442409e-05
15650.0 9.778307791191403e-05
15660.0 0.00010788486999692652
15670.0 0.00011806610343667035
15680.0 0.00012813530409491584
15690.0 0.00013830119710164638
15700.0 0.00014833780441056202
15704.2900390625 0.00015263724273624073
15710.0 0.00014093746606770884
15720.0 0.00012058222524138032
15730.0 0.00010014852277556073
15740.0 7.975609004591846e-05
15750.0 5.9455512678236614e-05
15754.302734375 5.070419948567384e-05
15760.0 6.799571782341429e-05
15770.0 9.829776472892362e-05
15780.0 0.00012853804665827255
15790.0 0.0001588521119869463
15800.0 0.0001889947630364845
15804.3173828125 0.00020199288494233725
15810.0 0.00019040838926936103
15820.0 0.00017019908036108928
15830.0 0.00014986664188641115
15840.0 0.00012957377834739173
15850.0 0.0001093205055528219
15854.330078125 0.00010060027974343006
15860.0 9.774243986118671e-05
15870.0 9.26236359161986e-05
15880.0 8.751472807960136e-05
15890.0 8.241572161895356e-05
15900.0 7.739308797795331e-05
15910.0 7.230953481582104e-05
15920.0 6.723586614992949e-05
15930.0 6.217208518993262e-05
15940.0 5.7118175480178996e-05
15950.0 5.211907308002297e-05
15954.3583984375 4.99218950270751e-05
15960.0 6.677084554861249e-05
15970.0 9.659014313962532e-05
15980.0 0.00012635032975235
15990.0 0.000156051440534541
16000.0 0.00018585424651203125
16004.37109375 0.00019880724482536997
16010.0 0.00018752197131232282
16020.0 0.00016750275565514323
16030.0 0.00014752133382491976
16040.0 0.00012757771946322256
16050.0 0.00010767191799624123
16054.384765625 9.899331837287374e-05
16060.0 0.00012677589890488464
16070.0 0.00017609325555327708
16080.0 0.00022531614395306034
16090.0 0.00027444453696844713
16100.0 0.00032347846738022164
16104.3984375 0.0003450158428559614
16110.0 0.0003227628977689928
16120.0 0.00028309551712834955
16130.0 0.00024350375057041507
16140.0 0.00020398753162604233
16150.0 0.00016454687812222327
16154.412109375 0.0001472261359764176
16160.0 0.00014173437908667196
16170.0 0.00013179224270543717
16180.0 0.00012186899607507051
16190.0 0.00011196466278981292
16200.0 0.00010207921546216189
16204.42578125 9.77022338847469e-05
16210.0 0.00010580273618138698
16220.0 0.00012030865013987263
16230.0 0.00013478094714471022
16240.0 0.00014921966061746684
16250.0 0.0001636248300977832
16260.0 0.0001779964450014273
16270.0 0.00019233456360117707
16280.0 0.00020663916918839178
16290.0 0.0002209103028118638
16300.0 0.00023514801162186544
16304.453125 0.00024147747242210513
16310.0 0.00021991209619932943
16320.0 0.00018110327454014008
16330.0 0.00014238389393681945
16340.0 0.00010375391817053603
16350.0 6.521329469665746e-05
16354.4658203125 4.803058354266678e-05
16360.0 5.861843282699458e-05
16370.0 7.764623321877427e-05
16380.0 9.668173794534354e-05
16390.0 0.00011567274823303671
16400.0 0.00013461927113999793
16404.48046875 0.00014313159005902194
16410.0 0.00014308596913107895
16420.0 0.0001430032253057008
16430.0 0.00014292038496618067
16440.0 0.00014283746344727336
16450.0 0.0001427544301922423
16454.494140625 0.000142659384324697
16460.0 0.0001407987182405874
16470.0 0.00013755046919966275
16480.0 0.00013430584476290482
16490.0 0.0001310648221495914
16500.0 0.00012782742259725646
16510.0 0.0001245936659959625
16520.0 0.00012136353157183387
16530.0 0.00011802994209704552
16540.0 0.00011480992604576983
16550.0 0.00011159357917646468
16560.0 0.00010838088339619897
16570.0 0.00010517186898291793
16580.0 0.00010187356450732225
16590.0 9.867474479892059e-05
16600.0 9.547960503648101e-05
16604.533203125 9.392460875186598e-05
16610.0 9.888563743039936e-05
16620.0 0.00010781670916724752
16630.0 0.00011678035630758451
16640.0 0.00012568624564030393
16650.0 0.00013453457078122386
16654.548828125 0.0001384825583862113
16660.0 0.0001381754003738122
16670.0 0.0001377399850716568
16680.0 0.00013730539113297123
16690.0 0.00013674526005377769
16700.0 0.00013631261978400822
16704.5625 0.00013611551149634454
16710.0 0.00013588181386476784
16720.0 0.000135327102655268
16730.0 0.00013489904886244318
16740.0 0.0001344717993651322
16750.0 0.00013392068393644022
16760.0 0.0001334953505550755
16770.0 0.0001330708484285924
16780.0 0.0001325233025034981
16790.0 0.00013210069534415778
16800.0 0.00013155561592391533
16810.0 0.0001311405618846464
16820.0 0.00013072617954754782
16830.0 0.00013018995947379597
16840.0 0.0001297771636063127
16850.0 0.00012924307600559702
16860.0 0.00012883186490916993
16870.0 0.00012829992214117805
16880.0 0.00012789027964801083
16890.0 0.00012748129166395705
16900.0 0.00012695240401588024
16910.0 0.00012654501106637746
16920.0 0.0001260182342069765
16930.0 0.00012561242019059373
16940.0 0.00012508778065889142
16950.0 0.00012468352963718312
16954.630859375 0.00012444140992763243
16960.0 0.00012415864007576832
16970.0 0.00012363292985184454
16980.0 0.000123226816690326
16990.0 0.0001227032939939516
17000.0 0.00012229881509986576
17010.0 0.00012168478663844311
17020.0 0.00012118950878331964
17030.0 0.00012057844983521148
17040.0 0.0001199690564111089
17050.0 0.00011947731627534617
17060.0 0.00011887088600831209
17070.0 0.00011838137855140542
17080.0 0.00011777790733871498
17090.0 0.00011717609592190401
17100.0 0.00011669011299811982
17104.669921875 0.0001164102444414564
17110.0 0.00011196991481155631
17120.0 0.0001037011970217746
17130.0 9.560707259465522e-05
17140.0 8.749140097149278e-05
17150.0 7.945571620551066e-05
17154.68359375 7.575457868955214e-05
17160.0 7.558574641875e-05
17170.0 7.519419593457205e-05
17180.0 7.4803727985677e-05
17190.0 7.448830698264183e-05
17200.0 7.409976248220901e-05
17204.697265625 7.363714936292702e-05
17210.0 7.117770692504552e-05
17220.0 6.661759597667767e-05
17230.0 6.22210865509616e-05
17240.0 5.7858910963597485e-05
17250.0 5.359702425847779e-05
17260.0 4.9434845856476524e-05
17270.0 4.537178306795947e-05
17280.0 4.144908077145423e-05
17290.0 3.757867218107855e-05
17300.0 3.380570794338996e-05
17304.724609375 3.2056859204514956e-05
17310.0 3.18074531113402e-05
17320.0 3.133615719020387e-05
17330.0 3.086679775798354e-05
17340.0 3.0399369225548398e-05
17350.0 2.996451167241702e-05
17354.73828125 2.9744424876660298e-05
17360.0 2.950053247924455e-05
17370.0 2.903847910869135e-05
17380.0 2.8578353329166983e-05
17390.0 2.8120151529719377e-05
17400.0 2.7663870198466588e-05
17404.751953125 2.726343686754589e-05
17410.0 3.526687034315402e-05
17420.0 4.9753662910431155e-05
17430.0 6.324477853265335e-05
17440.0 7.574706739407312e-05
17450.0 8.726738617494297e-05
17454.765625 9.241402711767021e-05
17460.0 8.594748611448742e-05
17470.0 7.410395631037646e-05
17480.0 6.292671466244209e-05
17490.0 5.241119169302858e-05
17500.0 4.255283443760712e-05
17504.779296875 3.8071994915457245e-05
17510.0 3.723569087251035e-05
17520.0 3.563930752774892e-05
17530.0 3.4050162360499395e-05
17540.0 3.246825451886882e-05
17550.0 3.0893576496713476e-05
17554.79296875 3.014139883482475e-05
17560.0 3.084959225452098e-05
17570.0 3.1978019279146026e-05
17580.0 3.280367541549974e-05
17590.0 3.3328809192377e-05
17600.0 3.3519499142049235e-05
17604.806640625 3.397131439272135e-05
17610.0 3.096071971903352e-05
17620.0 2.5443666689734767e-05
17630.0 2.0292983201974468e-05
17640.0 1.550610065808546e-05
17650.0 1.1080454775624845e-05
17654.8203125 9.070654337402568e-06
17660.0 8.836105648191767e-06
17670.0 8.394778278248901e-06
17680.0 7.955542981037351e-06
17690.0 7.518397621652645e-06
17700.0 7.075522950778111e-06
17704.833984375 6.866189162088924e-06
17710.0 8.01471149117217e-06
17720.0 9.978451228172369e-06
17730.0 1.1602124045763182e-05
17740.0 1.2873898677914952e-05
17750.0 1.3823946991886068e-05
17754.84765625 1.4164824590802844e-05
17760.0 1.3049665195132178e-05
17770.0 1.1017231151736588e-05
17780.0 9.147571068961637e-06
17790.0 7.461921552263792e-06
17800.0 5.946637672424322e-06
17804.861328125 5.558156143316711e-06
17810.0 5.718970123709855e-06
17820.0 6.0051457674509485e-06
17830.0 6.240765144706774e-06
17840.0 6.440178568645327e-06
17850.0 6.596875061954607e-06
17854.875 6.65414489914718e-06
17860.0 6.03915125760891e-06
17870.0 4.913999034410326e-06
17880.0 3.872642427384527e-06
17890.0 2.9244878045763317e-06
17900.0 2.060799712936373e-06
17904.888671875 1.6716118610982784e-06
17910.0 1.7824524532974175e-06
17920.0 1.9653867067132146e-06
17930.0 2.1088831128588342e-06
17940.0 2.2085815768265873e-06
17950.0 2.26993906358181e-06
17954.90234375 2.283881146872679e-06
17960.0 2.0662117390270095e-06
17970.0 1.6738042588844838e-06
17980.0 1.3217868010014555e-06
17990.0 1.0133525459404512e-06
18000.0 7.452900699189666e-07
18001.0 0.0
18002.0 0.0
18004.9140625 0.0
18054.9296875 0.0
18104.943359375 0.0
18154.955078125 0.0
18200.0 0.0
18204.970703125 0.0
18254.982421875 0.0
18304.99609375 0.0
18355.01171875 0.0
18400.0 0.0
18405.0234375 0.0
18455.037109375 0.0
18505.05078125 0.0
18555.064453125 0.0
18600.0 0.0
18605.078125 0.0
18655.091796875 0.0
18705.10546875 0.0
18755.119140625 0.0
18800.0 0.0
18805.1328125 0.0
18855.146484375 0.0
18905.16015625 0.0
18955.173828125 0.0
19000.0 0.0
19005.1875 0.0
19055.201171875 0.0
19105.21484375 0.0
19155.228515625 0.0
19200.0 0.0
19205.2421875 0.0
19255.255859375 0.0
19305.26953125 0.0
19355.283203125 0.0
19400.0 0.0
19405.296875 0.0
19455.310546875 0.0
19505.32421875 0.0
19555.337890625 0.0
19600.0 0.0
19605.3515625 0.0
19655.36328125 0.0
19705.37890625 0.0
19755.392578125 0.0
19800.0 0.0
19805.404296875 0.0
19855.419921875 0.0
19905.431640625 0.0
19955.4453125 0.0
20000.0 0.0
20001.0 0.0
20002.0 0.0
20005.4609375 0.0
20006.4609375 0.0
20007.4609375 0.0
30000.0 0.0
30010.0 0.0
