# WAVELENGTH THROUGHPUT
500.0 0.0
998.0 0.0
999.0 0.0
1000.0 0.0
1010.0 0.0
1020.0 0.0
1030.0 0.0
1040.0 0.0
1050.0 0.0
1060.0 0.0
1070.0 0.0
1080.0 0.0
1090.0 0.0
1100.0 0.0
1110.0 0.0
1120.0 0.0
1130.0 0.0
1140.0 0.0
1150.0 0.0
1160.0 0.0
1170.0 0.0
1180.0 0.0
1190.0 0.0
1200.0 0.0
1210.0 0.0
1220.0 0.0
1230.0 0.0
1240.0 0.0
1250.0 0.0
1260.0 0.0
1270.0 0.0
1280.0 0.0
1290.0 0.0
1300.0 0.0
1310.0 0.0
1320.0 0.0
1330.0 0.0
1340.0 0.0
1350.0 0.0
1360.0 0.0
1370.0 0.0
1380.0 0.0
1390.0 0.0
1400.0 0.0
1410.0 0.0
1420.0 0.0
1430.0 0.0
1440.0 0.0
1450.0 0.0
1460.0 0.0
1470.0 0.0
1480.0 0.0
1490.0 0.0
1500.0 0.0
1510.0 0.0
1520.0 0.0
1530.0 0.0
1540.0 0.0
1550.0 0.0
1560.0 0.0
1570.0 0.0
1580.0 0.0
1590.0 0.0
1600.0 0.0
1610.0 0.0
1620.0 0.0
1630.0 0.0
1640.0 0.0
1650.0 0.0
1660.0 0.0
1670.0 0.0
1680.0 0.0
1690.0 0.0
1700.0 0.0
1710.0 0.0
1720.0 0.0
1730.0 0.0
1740.0 0.0
1750.0 0.0
1760.0 0.0
1770.0 0.0
1780.0 0.0
1790.0 0.0
1800.0 0.0
1810.0 0.0
1820.0 0.0
1830.0 0.0
1840.0 0.0
1850.0 0.0
1860.0 0.0
1870.0 0.0
1880.0 0.0
1890.0 0.0
1900.0 0.0
1910.0 0.0
1920.0 0.0
1930.0 0.0
1940.0 0.0
1950.0 0.0
1960.0 0.0
1970.0 0.0
1980.0 0.0
1988.0 0.0
1989.0 0.0
1990.0 0.0
2000.0 0.0
2010.0 0.0
2020.0 0.0
2030.0 0.0
2040.0 0.0
2050.0 0.0
2060.0 0.0
2070.0 0.0
2080.0 0.0
2090.0 0.0
2100.0 0.0
2110.0 0.0
2120.0 0.0
2130.0 0.0
2140.0 0.0
2150.0 0.0
2160.0 0.0
2170.0 0.0
2180.0 0.0
2190.0 0.0
2200.0 0.0
2210.0 0.0
2220.0 0.0
2230.0 0.0
2240.0 0.0
2250.0 0.0
2260.0 0.0
2270.0 0.0
2280.0 0.0
2290.0 0.0
2300.0 0.0
2310.0 0.0
2320.0 0.0
2330.0 0.0
2340.0 0.0
2350.0 0.0
2360.0 0.0
2370.0 0.0
2380.0 0.0
2390.0 0.0
2400.0 0.0
2410.0 0.0
2420.0 0.0
2430.0 0.0
2440.0 0.0
2450.0 0.0
2460.0 0.0
2470.0 0.0
2480.0 0.0
2490.0 0.0
2500.0 0.0
2510.0 0.0
2520.0 0.0
2530.0 0.0
2540.0 0.0
2550.0 0.0
2560.0 0.0
2570.0 0.0
2580.0 0.0
2590.0 0.0
2600.0 0.0
2610.0 0.0
2620.0 0.0
2630.0 0.0
2640.0 0.0
2650.0 0.0
2660.0 0.0
2670.0 0.0
2680.0 0.0
2690.0 0.0
2700.0 0.0
2710.0 0.0
2720.0 0.0
2730.0 0.0
2740.0 0.0
2750.0 0.0
2760.0 0.0
2770.0 0.0
2780.0 0.0
2790.0 0.0
2800.0 0.0
2810.0 0.0
2820.0 0.0
2830.0 0.0
2840.0 0.0
2850.0 0.0
2860.0 0.0
2870.0 0.0
2880.0 0.0
2890.0 0.0
2900.0 0.0
2910.0 0.0
2920.0 0.0
2930.0 0.0
2940.0 0.0
2950.0 0.0
2960.0 0.0
2970.0 0.0
2980.0 0.0
2990.0 0.0
3000.0 0.0
3010.0 0.0
3020.0 0.0
3030.0 0.0
3040.0 0.0
3050.0 0.0
3060.0 0.0
3070.0 0.0
3080.0 0.0
3090.0 0.0
3100.0 0.0
3110.0 0.0
3120.0 0.0
3130.0 0.0
3140.0 0.0
3150.0 0.0
3160.0 0.0
3170.0 0.0
3180.0 0.0
3190.0 0.0
3200.0 0.0
3210.0 0.0
3220.0 0.0
3230.0 0.0
3240.0 0.0
3250.0 0.0
3260.0 0.0
3270.0 0.0
3280.0 0.0
3290.0 0.0
3300.0 0.0
3310.0 0.0
3320.0 0.0
3330.0 0.0
3340.0 0.0
3350.0 0.0
3360.0 0.0
3370.0 0.0
3380.0 0.0
3390.0 0.0
3400.0 0.0
3410.0 0.0
3420.0 0.0
3430.0 0.0
3440.0 0.0
3450.0 0.0
3460.0 0.0
3470.0 0.0
3480.0 0.0
3490.0 0.0
3500.0 0.0
3510.0 0.0
3520.0 0.0
3530.0 0.0
3540.0 0.0
3550.0 0.0
3560.0 0.0
3570.0 0.0
3580.0 0.0
3590.0 0.0
3600.0 0.0
3610.0 0.0
3620.0 0.0
3630.0 0.0
3640.0 0.0
3650.0 0.0
3660.0 0.0
3670.0 0.0
3680.0 0.0
3690.0 0.0
3700.0 0.0
3710.0 0.0
3720.0 0.0
3730.0 0.0
3740.0 0.0
3750.0 0.0
3760.0 0.0
3770.0 0.0
3780.0 0.0
3790.0 0.0
3800.0 0.0
3810.0 0.0
3820.0 0.0
3830.0 0.0
3840.0 0.0
3850.0 0.0
3860.0 0.0
3870.0 0.0
3880.0 0.0
3890.0 0.0
3900.0 0.0
3910.0 0.0
3920.0 0.0
3930.0 0.0
3940.0 0.0
3950.0 0.0
3960.0 0.0
3970.0 0.0
3980.0 0.0
3990.0 0.0
3998.0 0.0
3999.0 0.0
4000.0 0.0
4010.0 0.0
4020.0 0.0
4030.0 0.0
4040.0 0.0
4050.0 0.0
4060.0 0.0
4070.0 0.0
4080.0 0.0
4090.0 0.0
4100.0 0.0
4110.0 0.0
4120.0 0.0
4130.0 0.0
4140.0 0.0
4150.0 0.0
4160.0 0.0
4170.0 0.0
4180.0 0.0
4190.0 0.0
4200.0 0.0
4210.0 0.0
4220.0 0.0
4230.0 0.0
4240.0 0.0
4250.0 0.0
4260.0 0.0
4270.0 0.0
4280.0 0.0
4290.0 0.0
4300.0 0.0
4310.0 0.0
4320.0 0.0
4330.0 0.0
4340.0 0.0
4350.0 0.0
4360.0 0.0
4370.0 0.0
4380.0 0.0
4390.0 0.0
4400.0 0.0
4410.0 0.0
4420.0 0.0
4430.0 0.0
4440.0 0.0
4450.0 0.0
4460.0 0.0
4470.0 0.0
4480.0 0.0
4490.0 0.0
4500.0 0.0
4510.0 0.0
4520.0 0.0
4530.0 0.0
4540.0 0.0
4550.0 0.0
4560.0 0.0
4570.0 0.0
4580.0 0.0
4590.0 0.0
4600.0 0.0
4610.0 0.0
4620.0 0.0
4630.0 0.0
4640.0 0.0
4650.0 0.0
4660.0 0.0
4670.0 0.0
4680.0 0.0
4690.0 0.0
4700.0 0.0
4710.0 0.0
4720.0 0.0
4730.0 0.0
4740.0 0.0
4750.0 0.0
4760.0 0.0
4770.0 0.0
4780.0 0.0
4790.0 0.0
4800.0 0.0
4810.0 0.0
4820.0 0.0
4830.0 0.0
4840.0 0.0
4850.0 0.0
4860.0 0.0
4870.0 0.0
4880.0 0.0
4890.0 0.0
4900.0 0.0
4910.0 0.0
4920.0 0.0
4930.0 0.0
4940.0 0.0
4950.0 0.0
4960.0 0.0
4970.0 0.0
4980.0 0.0
4990.0 0.0
5000.0 0.0
5010.0 0.0
5020.0 0.0
5030.0 0.0
5040.0 0.0
5050.0 0.0
5060.0 0.0
5070.0 0.0
5080.0 0.0
5090.0 0.0
5100.0 0.0
5110.0 0.0
5120.0 0.0
5130.0 0.0
5140.0 0.0
5150.0 0.0
5160.0 0.0
5170.0 0.0
5180.0 0.0
5190.0 0.0
5200.0 0.0
5210.0 0.0
5220.0 0.0
5230.0 0.0
5240.0 0.0
5250.0 0.0
5260.0 0.0
5270.0 0.0
5280.0 0.0
5290.0 0.0
5300.0 0.0
5310.0 0.0
5320.0 0.0
5330.0 0.0
5340.0 0.0
5350.0 0.0
5360.0 0.0
5370.0 0.0
5380.0 0.0
5390.0 0.0
5400.0 0.0
5410.0 0.0
5420.0 0.0
5430.0 0.0
5440.0 0.0
5450.0 0.0
5460.0 0.0
5470.0 0.0
5480.0 0.0
5490.0 0.0
5500.0 0.0
5510.0 0.0
5520.0 0.0
5530.0 0.0
5540.0 0.0
5550.0 0.0
5560.0 0.0
5570.0 0.0
5580.0 0.0
5590.0 0.0
5600.0 0.0
5610.0 0.0
5620.0 0.0
5630.0 0.0
5640.0 0.0
5650.0 0.0
5660.0 0.0
5670.0 0.0
5680.0 0.0
5690.0 0.0
5700.0 0.0
5710.0 0.0
5720.0 0.0
5730.0 0.0
5740.0 0.0
5750.0 0.0
5760.0 0.0
5770.0 0.0
5780.0 0.0
5790.0 0.0
5800.0 0.0
5810.0 0.0
5820.0 0.0
5830.0 0.0
5840.0 0.0
5850.0 0.0
5860.0 0.0
5870.0 0.0
5880.0 0.0
5890.0 0.0
5900.0 0.0
5910.0 0.0
5920.0 0.0
5930.0 0.0
5940.0 0.0
5950.0 0.0
5960.0 0.0
5970.0 0.0
5980.0 0.0
5990.0 0.0
6000.0 0.0
6010.0 0.0
6020.0 0.0
6030.0 0.0
6040.0 0.0
6050.0 0.0
6060.0 0.0
6070.0 0.0
6080.0 0.0
6090.0 0.0
6100.0 0.0
6110.0 0.0
6120.0 0.0
6130.0 0.0
6140.0 0.0
6150.0 0.0
6160.0 0.0
6170.0 0.0
6180.0 0.0
6190.0 0.0
6200.0 0.0
6210.0 0.0
6220.0 0.0
6230.0 0.0
6240.0 0.0
6250.0 0.0
6260.0 0.0
6270.0 0.0
6280.0 0.0
6290.0 0.0
6300.0 0.0
6310.0 0.0
6320.0 0.0
6330.0 0.0
6340.0 0.0
6350.0 0.0
6360.0 0.0
6370.0 0.0
6380.0 0.0
6390.0 0.0
6400.0 0.0
6410.0 0.0
6420.0 0.0
6430.0 0.0
6440.0 0.0
6450.0 0.0
6460.0 0.0
6470.0 0.0
6480.0 0.0
6490.0 0.0
6500.0 0.0
6510.0 0.0
6520.0 0.0
6530.0 0.0
6540.0 0.0
6550.0 0.0
6560.0 0.0
6570.0 0.0
6580.0 0.0
6590.0 0.0
6600.0 0.0
6610.0 0.0
6620.0 0.0
6630.0 0.0
6640.0 0.0
6650.0 0.0
6660.0 0.0
6670.0 0.0
6680.0 0.0
6690.0 0.0
6700.0 0.0
6710.0 0.0
6720.0 0.0
6730.0 0.0
6740.0 0.0
6750.0 0.0
6760.0 0.0
6770.0 0.0
6780.0 0.0
6790.0 0.0
6800.0 0.0
6810.0 0.0
6820.0 0.0
6830.0 0.0
6840.0 0.0
6850.0 0.0
6860.0 0.0
6870.0 0.0
6880.0 0.0
6890.0 0.0
6900.0 0.0
6910.0 0.0
6920.0 0.0
6930.0 0.0
6940.0 0.0
6950.0 0.0
6960.0 0.0
6970.0 0.0
6980.0 0.0
6990.0 0.0
6999.9306640625 0.0
7000.0 0.0
7000.9306640625 0.0
7001.9306640625 0.0
7010.0 0.0
7020.0 0.0
7021.93603515625 0.0
7030.0 0.0
7040.0 0.0
7041.94140625 0.0
7050.0 0.0
7060.0 0.0
7061.94677734375 0.0
7070.0 0.0
7080.0 0.0
7081.9521484375 0.0
7090.0 0.0
7100.0 0.0
7101.95751953125 0.0
7110.0 0.0
7120.0 0.0
7121.962890625 0.0
7130.0 0.0
7140.0 0.0
7141.96826171875 0.0
7150.0 0.0
7160.0 0.0
7161.9736328125 0.0
7170.0 0.0
7180.0 0.0
7181.97900390625 0.0
7190.0 0.0
7200.0 0.0
7201.984375 0.0
7210.0 0.0
7220.0 0.0
7221.98974609375 0.0
7230.0 0.0
7240.0 0.0
7241.9951171875 0.0
7250.0 0.0
7260.0 0.0
7262.00048828125 0.0
7270.0 0.0
7280.0 0.0
7282.005859375 0.0
7290.0 0.0
7300.0 0.0
7302.01123046875 0.0
7310.0 0.0
7320.0 0.0
7322.0166015625 0.0
7330.0 0.0
7340.0 0.0
7342.02197265625 0.0
7350.0 0.0
7360.0 0.0
7362.02734375 0.0
7370.0 0.0
7380.0 0.0
7382.03271484375 0.0
7390.0 0.0
7400.0 0.0
7402.0380859375 0.0
7410.0 0.0
7420.0 0.0
7422.04345703125 0.0
7430.0 0.0
7440.0 0.0
7442.04931640625 0.0
7450.0 0.0
7460.0 0.0
7462.0546875 0.0
7470.0 0.0
7480.0 0.0
7482.06005859375 0.0
7490.0 0.0
7500.0 0.0
7502.0654296875 0.0
7510.0 0.0
7520.0 0.0
7522.07080078125 0.0
7530.0 0.0
7540.0 0.0
7542.076171875 0.0
7550.0 0.0
7560.0 0.0
7562.08154296875 0.0
7570.0 0.0
7580.0 0.0
7582.0869140625 0.0
7590.0 0.0
7600.0 0.0
7602.09228515625 0.0
7610.0 0.0
7620.0 0.0
7622.09765625 0.0
7630.0 0.0
7640.0 0.0
7642.10302734375 0.0
7650.0 0.0
7660.0 0.0
7662.1083984375 0.0
7670.0 0.0
7680.0 0.0
7682.11376953125 0.0
7690.0 0.0
7700.0 0.0
7702.119140625 0.0
7710.0 0.0
7720.0 0.0
7722.12451171875 0.0
7730.0 0.0
7740.0 0.0
7742.1298828125 0.0
7750.0 0.0
7760.0 0.0
7762.13525390625 0.0
7770.0 0.0
7780.0 0.0
7782.140625 0.0
7790.0 0.0
7800.0 0.0
7802.14599609375 0.0
7810.0 0.0
7820.0 0.0
7822.1513671875 0.0
7830.0 0.0
7840.0 0.0
7842.1572265625 0.0
7850.0 0.0
7860.0 0.0
7862.16259765625 0.0
7870.0 0.0
7880.0 0.0
7882.16796875 0.0
7890.0 0.0
7900.0 0.0
7902.17333984375 0.0
7910.0 0.0
7920.0 0.0
7922.1787109375 0.0
7930.0 0.0
7940.0 0.0
7942.18408203125 0.0
7950.0 0.0
7960.0 0.0
7962.189453125 0.0
7970.0 0.0
7980.0 0.0
7982.19482421875 0.0
7990.0 0.0
7998.0 0.0
7999.0 0.0
8000.0 1.224823839208407e-07
8002.2001953125 1.0817099837076833e-07
8010.0 1.5402493676159124e-07
8020.0 2.1305107266155144e-07
8022.20556640625 2.261069211982672e-07
8030.0 2.7538796184617056e-07
8040.0 3.3882412768372224e-07
8042.2109375 3.5288635179926466e-07
8050.0 2.5567416962144403e-07
8060.0 1.3039781229928451e-07
8062.21630859375 1.0256081640187532e-07
8070.0 6.892711550508179e-08
8080.0 2.5553700608580618e-08
8082.2216796875 1.5892574301721386e-08
8090.0 6.256887947717092e-08
8100.0 1.2280261166388882e-07
8102.2275390625 1.3625457609986134e-07
8110.0 2.1184572128857827e-07
8120.0 3.0946526353271236e-07
8122.23291015625 3.313190933176701e-07
8130.0 4.3888558253385326e-07
8140.0 5.778941655473219e-07
8142.23828125 6.090880302578233e-07
8150.0 4.2714885218239306e-07
8160.0 1.9186199123998807e-07
8162.24365234375 1.3893511755930702e-07
8170.0 1.713248167491059e-07
8180.0 2.1323925687061686e-07
8182.2490234375 2.227879203740654e-07
8190.0 2.8185651713927845e-07
8200.0 3.586095162579299e-07
8202.25390625 3.7597703499714423e-07
8210.0 5.896752993117608e-07
8220.0 8.674341663551238e-07
8222.259765625 9.3049540904305e-07
8230.0 7.00660574154322e-07
8240.0 4.0139973750780687e-07
8242.2646484375 3.3336665305561545e-07
8250.0 2.41581841713014e-07
8260.0 1.2226401681967642e-07
8262.2705078125 9.506868992250178e-08
8270.0 3.4839054929598104e-07
8280.0 6.779328803782853e-07
8282.2763671875 7.532341753501279e-07
8290.0 6.206323867722985e-07
8300.0 4.4799444185881295e-07
8302.28125 4.08460599182874e-07
8310.0 5.688144399066674e-07
8320.0 7.776940235275209e-07
8322.287109375 8.256468394781576e-07
8330.0 9.510353600213191e-07
8340.0 1.1144848702558614e-06
8342.2919921875 1.1520866992076066e-06
8350.0 8.298496640492226e-07
8360.0 4.095057471018162e-07
8362.2978515625 3.123985237607467e-07
8370.0 7.276607404406392e-07
8380.0 1.267712409434282e-06
8382.302734375 1.392216675923394e-06
8390.0 1.67252630316454e-06
8400.0 2.037299898796926e-06
8402.30859375 2.1215126091921183e-06
8410.0 1.5782795326145936e-06
8420.0 8.71057287816785e-07
8422.3134765625 7.07293140887011e-07
8430.0 1.1597739223697406e-06
8440.0 1.7492174504460926e-06
8442.3193359375 1.8860544751187087e-06
8450.0 2.0645053100906934e-06
8460.0 2.2971514673445993e-06
8462.32421875 2.3512729571020623e-06
8470.0 1.4982618044121663e-06
8480.0 3.85493904071314e-07
8482.330078125 1.2597120458493907e-07
8490.0 2.350166940481508e-07
8500.0 3.7739032940448284e-07
8502.3349609375 4.107266589706392e-07
8510.0 2.268437482439712e-06
8520.0 4.698227083899065e-06
8530.0 7.135070196080596e-06
8540.0 9.578981883386147e-06
8550.0 1.2016325906211138e-05
8560.0 1.4455180533736143e-05
8570.0 1.6895485226542665e-05
8580.0 1.9337267087925403e-05
8590.0 2.1780479885524708e-05
8600.0 2.4225061661635636e-05
8610.0 2.6666772523338883e-05
8620.0 2.91090542654198e-05
8630.0 3.1551892010278335e-05
8640.0 3.404762897057557e-05
8650.0 3.655141189361647e-05
8652.3759765625 3.714746914205158e-05
8660.0 0.00010051527233379826
8662.37890625 0.00012032044170075158
8670.0 0.00013606370302351005
8672.3818359375 0.0001409919676945238
8680.0 0.00010167375820799883
8682.3837890625 8.935040465531555e-05
8690.0 0.00016455708892332562
8692.38671875 0.0001881633750034256
8700.0 0.0002143560487179815
8702.3896484375 0.00022259050337345768
8710.0 0.0002191412368172308
8712.392578125 0.00021805494656476333
8720.0 0.0003147832639015915
8722.39453125 0.0003456680768576226
8730.0 0.00041141916608690654
8732.3974609375 0.0004322744725062384
8740.0 0.0004474819817131225
8742.400390625 0.0004523109954790792
8750.0 0.0005545103487209581
8752.4033203125 0.0005870304566817563
8760.0 0.0007769187604590483
8762.4052734375 0.0008374146354940052
8770.0 0.0010289154108046477
8772.408203125 0.0010900133168253252
8780.0 0.0012817799654715933
8782.4111328125 0.00134305800647877
8790.0 0.0016770583263854626
8792.4140625 0.001783959382926559
8800.0 0.0022006259251051937
8802.416015625 0.002333356330323873
8810.0 0.002897607526175752
8812.4189453125 0.0030784327104849425
8820.0 0.0038474289944168613
8822.421875 0.00409426337952995
8830.0 0.005189949533295607
8832.4248046875 0.005544468946297802
8840.0 0.007016165801562192
8842.427734375 0.007490831860642142
8850.0 0.00949072841886239
8852.4296875 0.010136514676069493
8860.0 0.012835471659657044
8862.4326171875 0.013708254739083985
8870.0 0.017282403726444486
8872.435546875 0.018440020200255834
8880.0 0.023068626595388095
8882.4384765625 0.02457014137230928
8890.0 0.030560267015593647
8892.4404296875 0.03250572422653559
8900.0 0.04026779431956898
8902.443359375 0.042751229504889195
8910.0 0.05208544967877571
8912.4462890625 0.055114463633577804
8920.0 0.06582800471239249
8922.44921875 0.06932413026768916
8930.0 0.08179077692018963
8932.4521484375 0.08583499404591696
8940.0 0.10020626103576709
8942.4541015625 0.10489003170256654
8950.0 0.12074566487155859
8952.45703125 0.12594636830349326
8960.0 0.1430482493988566
8962.4599609375 0.1486133304912352
8970.0 0.1666176012367285
8972.462890625 0.17254804670556548
8980.0 0.1913802327437119
8982.46484375 0.19751871022445364
8990.0 0.21624819734328465
8992.4677734375 0.2223969155650126
9000.0 0.24047644049040912
9002.470703125 0.24633012399225704
9010.0 0.263029406027466
9012.4736328125 0.26846683015459755
9020.0 0.28324524077508567
9022.4765625 0.28816887482725423
9030.0 0.30156231685391877
9032.478515625 0.30598108518015066
9040.0 0.31721741624419975
9042.4814453125 0.3209292732542809
9050.0 0.3297239269842076
9052.484375 0.3327025730760594
9060.0 0.33931296011315265
9062.4873046875 0.34143516035274785
9070.0 0.3459262192663377
9072.4892578125 0.3474889017463908
9080.0 0.3502265614836783
9082.4921875 0.35106468520690665
9090.0 0.3520107950531152
9092.4951171875 0.3523267163420772
9100.0 0.3521638931028883
9102.498046875 0.35218370693209405
9110.0 0.3516578217744395
9112.5 0.351410077430353
9120.0 0.35062860109428157
9122.5029296875 0.3504414273501984
9130.0 0.35008980956532315
9132.505859375 0.3498997117861983
9140.0 0.34978101126992367
9142.5087890625 0.34981534267588044
9150.0 0.35072835881928827
9152.5107421875 0.35096206452426937
9160.0 0.3526802764839301
9162.513671875 0.35333254990058444
9170.0 0.35621195235703457
9172.5166015625 0.35710734256430976
9180.0 0.3604559562144406
9182.51953125 0.36166145430258784
9190.0 0.36592202408203717
9192.5224609375 0.3672847397525886
9200.0 0.3717257107432372
9202.5244140625 0.3732422336543551
9210.0 0.37776031359035694
9212.52734375 0.3792102352864297
9220.0 0.3832240122028546
9222.5302734375 0.38466599129492873
9230.0 0.3884122892351956
9232.533203125 0.3896888769771725
9240.0 0.3927357929114797
9242.53515625 0.39385586064919376
9250.0 0.3962573057227139
9252.5380859375 0.3969914691323908
9260.0 0.398119478587046
9262.541015625 0.398589413737792
9270.0 0.39896488824856063
9272.5439453125 0.3990082264715441
9280.0 0.3982991007266143
9282.546875 0.39814196377761824
9290.0 0.39705300343007677
9292.548828125 0.39659506730049154
9300.0 0.3948298319121469
9302.5517578125 0.394309161824273
9310.0 0.39272144540682663
9312.5546875 0.39209160829889433
9320.0 0.39048944100349625
9322.5576171875 0.39002217282738644
9330.0 0.3890619746874692
9332.5595703125 0.38864733084089287
9340.0 0.3882449604113048
9342.5625 0.38818992318881673
9350.0 0.3889378388172942
9352.5654296875 0.38911220832472776
9360.0 0.390258299271808
9362.568359375 0.39073946484835465
9370.0 0.39283707096050785
9372.5703125 0.39347849028283294
9380.0 0.39613322186464317
9382.5732421875 0.39714010503383695
9390.0 0.4004805362919624
9392.576171875 0.4016417318599742
9400.0 0.404996324128707
9402.5791015625 0.40597729797207754
9410.0 0.408721675800957
9412.58203125 0.40976608689611127
9420.0 0.4125913467821437
9422.583984375 0.41348652894957977
9430.0 0.41556786446646676
9432.5869140625 0.41644490475096174
9440.0 0.41823299408821646
9442.58984375 0.4187668839578591
9450.0 0.41956120936836605
9452.5927734375 0.4199310307609451
9460.0 0.42023025590778385
9462.5947265625 0.4203347719304431
9470.0 0.4199763611058326
9472.59765625 0.41975788306022055
9480.0 0.4186595832394077
9482.6005859375 0.4183648217491326
9490.0 0.4172341014036108
9492.603515625 0.4168350099060818
9500.0 0.41570296572431165
9502.6064453125 0.41519422053818783
9510.0 0.4139212126054287
9512.6083984375 0.4135623919228804
9520.0 0.4127321142120867
9522.611328125 0.412346638667603
9530.0 0.4116764764160813
9532.6142578125 0.41152966096926924
9540.0 0.41187203437786896
9542.6171875 0.4119927834913167
9550.0 0.4129888432803361
9552.619140625 0.4132502833127807
9560.0 0.4143586834374252
9562.6220703125 0.4148443227282235
9570.0 0.41663113752212283
9572.625 0.4172669716390707
9580.0 0.41946460057496443
9582.6279296875 0.4201544937819112
9590.0 0.42238522114612753
9592.630859375 0.42327544343941503
9600.0 0.4257103513563692
9602.6328125 0.42653967314563385
9610.0 0.4284835811200776
9612.6357421875 0.42908283458429775
9620.0 0.43041285094921283
9622.638671875 0.43098522144113216
9630.0 0.4321620444411056
9632.6416015625 0.4326296308020226
9640.0 0.4333367492818584
9642.6435546875 0.4334923537663759
9650.0 0.4333816768180323
9652.646484375 0.4334384985913263
9660.0 0.4329683804411932
9662.6494140625 0.43279729901229064
9670.0 0.43190732616506533
9672.65234375 0.43148707254122554
9680.0 0.4301770927041938
9682.6552734375 0.42979913907463363
9690.0 0.4286454528485356
9692.6572265625 0.4282261584764033
9700.0 0.4271139092745058
9702.66015625 0.42661233512262303
9710.0 0.425440884346787
9712.6630859375 0.42511066377180806
9720.0 0.424513183558886
9722.666015625 0.42429416985694285
9730.0 0.4242953122976339
9732.66796875 0.4241979527317847
9740.0 0.4244979765822953
9742.6708984375 0.42470238426790374
9750.0 0.4256941016660092
9752.673828125 0.42605491371387466
9760.0 0.42748478052637384
9762.6767578125 0.42800642199746736
9770.0 0.4296542066521946
9772.6796875 0.4301580428456916
9780.0 0.431741427151928
9782.681640625 0.43241908642421917
9790.0 0.4343887072879661
9792.6845703125 0.4351105101169564
9800.0 0.4369503434074266
9802.6875 0.43756410681905084
9810.0 0.438915478619408
9812.6904296875 0.4393104439327672
9820.0 0.44001863404499186
9822.6923828125 0.4403789407624055
9830.0 0.44086138681718195
9832.6953125 0.44109868567990435
9840.0 0.4412120672453971
9842.6982421875 0.4412520883271332
9850.0 0.4408880039886866
9852.701171875 0.44064927511874336
9860.0 0.43955481950054276
9862.703125 0.4392489503942411
9870.0 0.4380872260215716
9872.7060546875 0.43765365305039433
9880.0 0.43632116358004275
9882.708984375 0.4358234744164432
9890.0 0.434405105800002
9892.7119140625 0.4337741348617103
9900.0 0.43224535544520915
9902.71484375 0.43177399458018745
9910.0 0.4306669678385797
9912.716796875 0.43025132084764434
9920.0 0.4296939320706617
9922.7197265625 0.4294832392265308
9930.0 0.4293987042334003
9932.72265625 0.42936478218896684
9940.0 0.42975788650122454
9942.7255859375 0.4298029263136691
9950.0 0.43042105876500414
9952.7275390625 0.43075089309248044
9960.0 0.432149385398425
9962.73046875 0.43267277503449564
9970.0 0.43450262094092884
9972.7333984375 0.43518913019969846
9980.0 0.4372694279503161
9982.736328125 0.4380510037957296
9990.0 0.4402802295197543
9992.7392578125 0.44101570522409683
10000.0 0.4428980850524831
10002.7412109375 0.4437792739360466
10010.0 0.4459146938895458
10012.744140625 0.4467209855354456
10020.0 0.44850910800696053
10022.7470703125 0.44918488936739637
10030.0 0.4506001342472209
10032.75 0.45113544019963614
10040.0 0.45192502477889596
10042.751953125 0.45211625234908526
10050.0 0.45191072658731113
10052.7548828125 0.45193728283980844
10060.0 0.45144927308135085
10062.7578125 0.4512611172372537
10070.0 0.4501945729467388
10072.759765625 0.4497854511118918
10080.0 0.4482677535824689
10082.7626953125 0.44768569502733485
10090.0 0.44581072468309635
10092.765625 0.4450912772920882
10100.0 0.44294478687710237
10102.7685546875 0.4421200909503907
10110.0 0.44017299263958093
10112.771484375 0.4393193571041325
10120.0 0.43730520152969365
10122.7744140625 0.4366339032036033
10130.0 0.43520649414288226
10132.77734375 0.43465522194447376
10140.0 0.43371305927221626
10142.779296875 0.43334816714212565
10150.0 0.43294022280081845
10152.7822265625 0.432781328127314
10160.0 0.43302602596965245
10162.78515625 0.4331187201599207
10170.0 0.4340549086801757
10172.7880859375 0.4344153554779058
10180.0 0.43594491164637894
10182.7900390625 0.4364315352653178
10190.0 0.43812525655413825
10192.79296875 0.4388851983824728
10200.0 0.4415251021740333
10202.7958984375 0.4425573040504359
10210.0 0.4454942617793735
10212.7978515625 0.4466350684475175
10220.0 0.44983013346252837
10222.80078125 0.45107259477494044
10230.0 0.45431344392583917
10232.8037109375 0.4555756871019422
10240.0 0.45860367268108215
10242.806640625 0.45978458363916985
10250.0 0.46264291224490006
10252.80859375 0.46375899227901834
10260.0 0.4662187925675253
10262.8115234375 0.46718011832356976
10270.0 0.469136032202617
10272.8154296875 0.46990161772897093
10280.0 0.47126526052572476
10282.8173828125 0.47168505868288096
10290.0 0.4722252813939537
10292.8203125 0.47255069644999903
10300.0 0.47278122003045137
10302.8232421875 0.4728707078107991
10310.0 0.4725942670369966
10312.826171875 0.47248384860785075
10320.0 0.47191174357104493
10322.828125 0.47168449599850676
10330.0 0.47066777703796586
10332.8310546875 0.4702646929090038
10340.0 0.46914205097116995
10342.833984375 0.4686966555383112
10350.0 0.46766270947844274
10352.8359375 0.4672517558989625
10360.0 0.46630215884703563
10362.8388671875 0.4659242255381858
10370.0 0.4651123765643817
10372.841796875 0.4647885628885109
10380.0 0.4643261122035236
10382.84375 0.4641413151207704
10390.0 0.4640784985265173
10392.8466796875 0.4640522724201859
10400.0 0.4642357388348305
10402.849609375 0.46431277841773505
10410.0 0.46522118491560466
10412.8525390625 0.4655831487587119
10420.0 0.46675366754516145
10422.85546875 0.46722079507640013
10430.0 0.4686804643659653
10432.8583984375 0.46926427305310425
10440.0 0.47096393718383694
10442.861328125 0.4716448669208892
10450.0 0.4734848029405648
10452.86328125 0.4741058208808055
10460.0 0.4757748015674868
10462.8662109375 0.4765622025965247
10470.0 0.4785204149267231
10472.869140625 0.47930816807796034
10480.0 0.48109803206856866
10482.8720703125 0.4818189100047156
10490.0 0.4833517800492876
10492.8740234375 0.48396981095789415
10500.0 0.48525974538447825
10502.876953125 0.4856674020719144
10510.0 0.4862454261787921
10512.8798828125 0.48647878972981784
10520.0 0.48675769138591984
10522.8818359375 0.48687003385308963
10530.0 0.48690168498455394
10532.884765625 0.48691412281600566
10540.0 0.4865011974604752
10542.8876953125 0.48633294006128425
10550.0 0.4856340082149781
10552.890625 0.4853494802001214
10560.0 0.48451173516851387
10562.892578125 0.4841705687769827
10570.0 0.4831875492959647
10572.896484375 0.48278621735436533
10580.0 0.48185809863948853
10582.8994140625 0.4814789484938635
10590.0 0.48048142120657383
10592.9013671875 0.48007349965931206
10600.0 0.47943904757545985
10602.904296875 0.4791689973450711
10610.0 0.47859703261499104
10612.9072265625 0.4783624439699858
10620.0 0.47804735394934494
10622.91015625 0.47791786290860877
10630.0 0.4779326786276387
10632.912109375 0.47793873983027424
10640.0 0.47814395500226226
10642.9150390625 0.4782281737040081
10650.0 0.4787158722173981
10652.91796875 0.4789167622731173
10660.0 0.4796193023660513
10662.919921875 0.47990905926970745
10670.0 0.48079258986173384
10672.9228515625 0.48115738460438806
10680.0 0.4823816386556171
10682.92578125 0.4830094512613191
10690.0 0.4845107200825181
10692.9287109375 0.48501086531108484
10700.0 0.48619799092657495
10702.9306640625 0.4866900773219233
10710.0 0.4878623933818467
10712.93359375 0.4883491702229829
10720.0 0.48938912353933484
10722.9365234375 0.4898216014055607
10730.0 0.4906986097659912
10732.939453125 0.4910638342144772
10740.0 0.4917915565253198
10742.9423828125 0.49209508076188635
10750.0 0.49266335702107
10752.9453125 0.4929009755231496
10760.0 0.49320722559066676
10762.9482421875 0.49333561998776043
10770.0 0.4934260695964185
10772.9501953125 0.4934641240547092
10780.0 0.4933023655426734
10782.953125 0.49323518072757777
10790.0 0.49291603846222226
10792.9560546875 0.4927825068470456
10800.0 0.4923307878552661
10802.9580078125 0.4921483081624203
10810.0 0.4915941671756158
10812.9609375 0.4913617052170711
10820.0 0.4908713653681395
10822.9638671875 0.49066539642842405
10830.0 0.49019491467116894
10832.966796875 0.48999687843143064
10840.0 0.489588555456244
10842.96875 0.489416944297267
10850.0 0.48912222010846723
10852.9716796875 0.4889981942616025
10860.0 0.4888874404832215
10862.974609375 0.4889663745788596
10870.0 0.4892440201789866
10872.9765625 0.4892373128957079
10880.0 0.489399389726809
10882.98046875 0.4894687667495518
10890.0 0.4898421725627577
10892.9833984375 0.49000194292630167
10900.0 0.490467748877538
10902.986328125 0.4906666464428223
10910.0 0.491203826161595
10912.98828125 0.49143375624036384
10920.0 0.49206479316165247
10922.9912109375 0.49233511024731713
10930.0 0.49299583976669453
10932.994140625 0.4932791950757222
10940.0 0.493918843398199
10942.99609375 0.4941934654465636
10950.0 0.4947452962818591
10952.9990234375 0.494982475346344
10960.0 0.49543147793152253
10963.001953125 0.49562530468238225
10970.0 0.4958987698649927
10973.0048828125 0.4961454813990609
10980.0 0.4966173723371631
10983.0068359375 0.4966933089008749
10990.0 0.4968402519297943
10993.009765625 0.4968740634144016
11000.0 0.4966959097187954
11003.0126953125 0.4966373679136901
11010.0 0.4963715553815365
11013.0146484375 0.49625682377815333
11020.0 0.4958489516453407
11023.017578125 0.49567268848121326
11030.0 0.49517612046033815
11033.021484375 0.4949611613728481
11040.0 0.4944630393476601
11043.0244140625 0.49424707771707865
11050.0 0.4937197741151982
11053.0263671875 0.493490917677844
11060.0 0.49294120033514893
11063.029296875 0.49283043979891944
11070.0 0.492659324854668
11073.0322265625 0.49245656900635665
11080.0 0.49210909802217223
11083.0341796875 0.4919577289996768
11090.0 0.491707630560084
11093.037109375 0.491598541417316
11100.0 0.49148002974091615
11103.0400390625 0.49142825982069693
11110.0 0.49156363251215396
11113.0419921875 0.49162280920878193
11120.0 0.4919361421663666
11123.044921875 0.4920732959062062
11130.0 0.49245306569938996
11133.0478515625 0.49261953268531095
11140.0 0.4931465828028876
11143.05078125 0.49350702749233005
11150.0 0.49439480767177696
11153.052734375 0.494655698868512
11160.0 0.49531453843569323
11163.0556640625 0.49560440514810383
11170.0 0.49632485463302
11173.05859375 0.4966422662755876
11180.0 0.4973261349642583
11183.060546875 0.49762774913516167
11190.0 0.49825555133080307
11193.064453125 0.4985328684558206
11200.0 0.49902332452816295
11203.0673828125 0.4993795108216188
11210.0 0.5000578483851855
11213.0703125 0.5002269795293925
11220.0 0.500510543933023
11223.072265625 0.500636294690313
11230.0 0.5007194451941331
11233.0751953125 0.5007563546059709
11240.0 0.5006231135301814
11243.078125 0.5005638496433822
11250.0 0.5002537163663026
11253.080078125 0.500115646900929
11260.0 0.49967132065842895
11263.0830078125 0.4994732716920161
11270.0 0.498894034333805
11273.0859375 0.49876725048808346
11280.0 0.49835291035600565
11283.0888671875 0.4980357940914673
11290.0 0.49723392459898724
11293.0908203125 0.4968751590554767
11300.0 0.49602903796881564
11303.09375 0.4956500086743643
11310.0 0.4948297178276591
11313.0966796875 0.494461755089679
11320.0 0.49371006567064396
11323.0986328125 0.49337251886524947
11330.0 0.49264063310839873
11333.1015625 0.492442184421274
11340.0 0.492188678433163
11343.10546875 0.491943676254423
11350.0 0.49167774198202685
11353.1083984375 0.4915577854735434
11360.0 0.49144886600874943
11363.1103515625 0.49139967467569473
11370.0 0.4915240133724972
11373.11328125 0.49158020594344704
11380.0 0.49187589293980105
11383.1162109375 0.4921407754476014
11390.0 0.4928970804177696
11393.1181640625 0.49310859929454604
11400.0 0.49374844695181624
11403.12109375 0.49404992410483994
11410.0 0.49492129088681835
11413.1240234375 0.4953171761415469
11420.0 0.49635292618029436
11423.126953125 0.49682414093782523
11430.0 0.497906096637355
11433.12890625 0.49839885089870073
11440.0 0.4995259913088448
11443.1318359375 0.5001736932897157
11450.0 0.5015976503641908
11453.134765625 0.5021139175025432
11460.0 0.5031606663384829
11463.13671875 0.5036391195868937
11470.0 0.5046984072935481
11473.1396484375 0.5051831822036348
11480.0 0.5061701305811659
11483.142578125 0.5066224129672796
11490.0 0.5073740405481835
11493.146484375 0.5078553525548063
11500.0 0.5087531493506964
11503.1484375 0.5090208038692643
11510.0 0.5094403507062998
11513.1513671875 0.5096333799441058
11520.0 0.5098296397620041
11523.154296875 0.5099200501827763
11530.0 0.5099099454899827
11533.15625 0.5099052672749411
11540.0 0.5097679271755542
11543.1591796875 0.5098417686095607
11550.0 0.5098923194799861
11553.162109375 0.5097782135227439
11560.0 0.5093905579021182
11563.1650390625 0.5092110357709525
11570.0 0.5086994016411458
11573.1669921875 0.5084622232907625
11580.0 0.5079051910606645
11583.169921875 0.5076466563489856
11590.0 0.5070452250452716
11593.1728515625 0.5069026556037086
11600.0 0.5067437996119636
11603.1748046875 0.5065337728819581
11610.0 0.5061681715109717
11613.177734375 0.5059978648473316
11620.0 0.5056473596088313
11623.1806640625 0.505483863700546
11630.0 0.5052334636844692
11633.18359375 0.5052533644375785
11640.0 0.505449115778539
11643.185546875 0.5054036120841331
11650.0 0.5054635912963468
11653.189453125 0.5054916572512882
11660.0 0.5057004304407847
11663.1923828125 0.5057983122307208
11670.0 0.5061538070912451
11673.1943359375 0.5063206647885553
11680.0 0.5067819967325269
11683.197265625 0.5071366445216879
11690.0 0.5080603586915499
11693.2001953125 0.5083570268811838
11700.0 0.5090435108439261
11703.203125 0.5093669987108949
11710.0 0.5100940298572705
11713.205078125 0.5104369822256574
11720.0 0.5112476488194109
11723.2080078125 0.5117699539090631
11730.0 0.5129106279018916
11733.2109375 0.5133104615009139
11740.0 0.5140788203747048
11743.212890625 0.5144425701576573
11750.0 0.5151366354442981
11753.2158203125 0.5154656062257355
11760.0 0.5160884761238909
11763.21875 0.5163840965627408
11770.0 0.5169354462625805
11773.2216796875 0.5173389251561501
11780.0 0.5180649813354312
11783.2236328125 0.5182688029391359
11790.0 0.5185070319386381
11793.2265625 0.5186204913333021
11800.0 0.5187291627150702
11803.23046875 0.5187580147367916
11810.0 0.5187184652322925
11813.232421875 0.5188417658162271
11820.0 0.5189902160375797
11823.2353515625 0.5189188282521893
11830.0 0.5186752482036471
11833.23828125 0.5185586046022018
11840.0 0.5182567116893818
11843.2412109375 0.5181119524926624
11850.0 0.5177053503599098
11853.2431640625 0.5176524252362655
11860.0 0.5175127867048258
11863.24609375 0.5173032673795801
11870.0 0.516877572921512
11873.2490234375 0.5166727254913889
11880.0 0.516321923408302
11883.2509765625 0.5161529383598178
11890.0 0.515859915938736
11893.25390625 0.5158606924272627
11900.0 0.5158851810615055
11903.2568359375 0.5157547336613049
11910.0 0.5156818497500195
11913.259765625 0.5156465976780782
11920.0 0.5155632779886344
11923.26171875 0.5155229380838647
11930.0 0.5155631913601277
11933.2646484375 0.5155826895452448
11940.0 0.5158265706500325
11943.267578125 0.5160875285761181
11950.0 0.5167087978924134
11953.26953125 0.5168678382797632
11960.0 0.5172581126463456
11963.2734375 0.517447967562081
11970.0 0.5179933561004657
11973.2763671875 0.5182590640653851
11980.0 0.5188433562375285
11983.279296875 0.5192723070507125
11990.0 0.5201188849998141
11993.28125 0.5203882757137087
12000.0 0.5210075076655242
12003.2841796875 0.5213312586785867
12010.0 0.5219359942784806
12013.287109375 0.5222320842070882
12020.0 0.5228266206246941
12023.2890625 0.5232633242922328
12030.0 0.5241102397393815
12033.2919921875 0.5243803369696685
12040.0 0.5248293320059982
12043.294921875 0.5250499430867213
12050.0 0.5253984177652338
12053.2978515625 0.5255698620423922
12060.0 0.5257666996165543
12063.2998046875 0.5260100742164059
12070.0 0.5263626625436513
12073.302734375 0.5263898864441814
12080.0 0.5263336731134088
12083.3056640625 0.5263058992613627
12090.0 0.5261371660217256
12093.30859375 0.526053722344928
12100.0 0.525781694768603
12103.310546875 0.5257937747158895
12110.0 0.5256988910610905
12113.314453125 0.5255048798868492
12120.0 0.5250671298720563
12123.3173828125 0.5248498163956729
12130.0 0.5243691288476111
12133.3193359375 0.5241302563374071
12140.0 0.5235543694092412
12143.322265625 0.5234143012501029
12150.0 0.5232127029309234
12153.3251953125 0.5229656294360536
12160.0 0.5224056008348704
12163.328125 0.5221262401097507
12170.0 0.5216903454996751
12173.330078125 0.5214726800255699
12180.0 0.5211140526716375
12183.3330078125 0.521080916149127
12190.0 0.5211160627553256
12193.3359375 0.5209872954381701
12200.0 0.5208494238307846
12203.337890625 0.5207643633860017
12210.0 0.520706885844427
12213.3408203125 0.520824349834864
12220.0 0.5211851518015744
12223.34375 0.5212198862503795
12230.0 0.5214294659033537
12233.3466796875 0.5215348607840113
12240.0 0.5218061851070085
12243.3486328125 0.5219427732972269
12250.0 0.5223652813865974
12253.3515625 0.5227254019821167
12260.0 0.5235357601755236
12263.35546875 0.5237974730622736
12270.0 0.524424420919815
12273.357421875 0.524741294824401
12280.0 0.5254142947187943
12283.3603515625 0.5257548420349085
12290.0 0.5264900194788763
12293.36328125 0.5270113074269698
12300.0 0.5279796879973856
12303.3662109375 0.5283220325887771
12310.0 0.529015261175204
12313.3681640625 0.529367326077767
12320.0 0.5300261700326595
12323.37109375 0.5303611614095345
12330.0 0.5309966749930187
12333.3740234375 0.531470609621796
12340.0 0.5322352766134918
12343.3759765625 0.5324744696478265
12350.0 0.5328841926247395
12353.37890625 0.533093242711547
12360.0 0.5334084425558088
12363.3818359375 0.5335694730190799
12370.0 0.5337182610618115
12373.384765625 0.5339458230641199
12380.0 0.5343108895716673
12383.38671875 0.5343462460351299
12390.0 0.5342451713772745
12393.3896484375 0.5341933397537748
12400.0 0.5340245832145948
12403.392578125 0.5339596524176468
12410.0 0.5337076010543057
12413.39453125 0.5337297389293039
12420.0 0.5336933264882128
12423.3984375 0.5335226234941789
12430.0 0.5331731971592458
12433.4013671875 0.5329930642313933
12440.0 0.5325527127103667
12443.404296875 0.5323254161102244
12450.0 0.5319265239645744
12453.40625 0.5318719674793034
12460.0 0.5317993829220519
12463.4091796875 0.5316100730755786
12470.0 0.5312607814611637
12473.412109375 0.5310798550770048
12480.0 0.5307764124794536
12483.4140625 0.5306190723594144
12490.0 0.5303842543865182
12493.4169921875 0.5304138558180139
12500.0 0.5306118607437859
12503.419921875 0.5305221728387799
12510.0 0.5304933184628426
12513.4228515625 0.5304782936912659
12520.0 0.5305171947962635
12523.4248046875 0.5305374424970385
12530.0 0.5307185629182695
12533.427734375 0.5309649813894222
12540.0 0.5314996489841768
12543.4306640625 0.5316266292533988
12550.0 0.532053234482109
12553.4326171875 0.5322761738913636
12560.0 0.5327964409967102
12563.435546875 0.5332215199213786
12570.0 0.5341106229734878
12573.439453125 0.5344234644264746
12580.0 0.535067226067395
12583.4423828125 0.5354050644418393
12590.0 0.5360919939922157
12593.4443359375 0.5364528528315989
12600.0 0.5370924993646666
12603.447265625 0.5375755961719393
12610.0 0.5384721683881243
12613.4501953125 0.5387896208508722
12620.0 0.5395419537406577
12623.4521484375 0.5399385264549552
12630.0 0.5405829916601946
12633.455078125 0.5409230930101762
12640.0 0.5414500416005321
12643.4580078125 0.5418845820114315
12650.0 0.5426227942653231
12653.4609375 0.5428571281728494
12660.0 0.5431637708372913
12663.462890625 0.5433261729867104
12670.0 0.5435693597753642
12673.4658203125 0.5436983002531759
12680.0 0.5437995191409436
12683.46875 0.544010334296608
12690.0 0.5442480977373771
12693.470703125 0.5442172583694324
12700.0 0.5441250166825442
12703.4736328125 0.5440759265605327
12710.0 0.5438713068805575
12713.4765625 0.5437622815832805
12720.0 0.5434788213430369
12723.48046875 0.543484867110009
12730.0 0.5433568302940233
12733.482421875 0.5431309961901841
12740.0 0.5427071967524558
12743.4853515625 0.5424805228414633
12750.0 0.5419959596238083
12753.48828125 0.5417364524727291
12760.0 0.5412629770215874
12763.490234375 0.5410091516048873
12770.0 0.5405458186527055
12773.4931640625 0.5404540412711023
12780.0 0.5402868992210038
12783.49609375 0.5400400240076654
12790.0 0.5396386392638038
12793.4990234375 0.5394226585584928
12800.0 0.5390845804558085
12803.5009765625 0.5388713125847754
12810.0 0.5385585220553286
12813.50390625 0.5385465713470586
12820.0 0.5386159251742032
12823.5068359375 0.5384965397287844
12830.0 0.5383858558145784
12833.5087890625 0.5383260392738836
12840.0 0.5383113809995611
12843.51171875 0.5383034447681797
12850.0 0.5383469307965596
12853.5146484375 0.5385274961525018
12860.0 0.5390135355536091
12863.517578125 0.5391200015725707
12870.0 0.53934028764053
12873.51953125 0.5394598793614924
12880.0 0.5397607921898857
12883.5234375 0.5399243885236721
12890.0 0.540296564573823
12893.5263671875 0.5406572466363061
12900.0 0.5414019157587547
12903.5283203125 0.5416496320658517
12910.0 0.5420759244448177
12913.53125 0.5423085174225033
12920.0 0.5427475112326202
12923.5341796875 0.542987341804145
12930.0 0.5433819931097121
12933.537109375 0.5437571639880556
12940.0 0.5443400218520956
12943.5390625 0.5444998054186108
12950.0 0.5447591924719885
12953.5419921875 0.5449013827825488
12960.0 0.5451233233347126
12963.544921875 0.5452451412119999
12970.0 0.545321486556826
12973.5478515625 0.5453634400854189
12980.0 0.5452420630823902
12983.5498046875 0.5453354913296047
12990.0 0.5454334701844525
12993.552734375 0.5453270886728229
13000.0 0.5450369979665948
13003.5556640625 0.5449429963374673
13010.0 0.5446181608130616
13013.5576171875 0.5444387656894855
13020.0 0.5439612808717518
13023.560546875 0.5438574196341689
13030.0 0.543582009294601
13033.564453125 0.5432691457791365
13040.0 0.5426105508291246
13043.5673828125 0.5422453480846603
13050.0 0.541510543785747
13053.5693359375 0.5411026742569887
13060.0 0.540298545481568
13063.572265625 0.5398516949648595
13070.0 0.5389718113420928
13073.5751953125 0.5386413355300843
13080.0 0.5380434874829533
13083.5771484375 0.5375512743392338
13090.0 0.5366762297113261
13093.580078125 0.5361883165768059
13100.0 0.5353886888420774
13103.5830078125 0.5349422576881878
13110.0 0.5341750700751019
13113.5859375 0.5337462038351244
13120.0 0.5331080540562902
13123.587890625 0.5329088103046392
13130.0 0.5327678998259534
13133.5908203125 0.5325309254663646
13140.0 0.5321439957968862
13143.59375 0.5319269566600976
13150.0 0.5316900520754746
13153.595703125 0.531557028446672
13160.0 0.5314634437516013
13163.5986328125 0.5315686215567084
13170.0 0.5319409973020982
13173.6015625 0.5319925886767802
13180.0 0.5322728735977214
13183.60546875 0.5324308500394442
13190.0 0.5328537900177205
13193.607421875 0.5330924516540423
13200.0 0.5336940644914324
13203.6103515625 0.533993762506593
13210.0 0.5347918819901498
13213.61328125 0.5354026838545011
13220.0 0.5365236721718449
13223.615234375 0.5369987499078123
13230.0 0.5379873088572732
13233.6181640625 0.5385475709293467
13240.0 0.5396290358016449
13243.62109375 0.5402427299817002
13250.0 0.5413908851925473
13253.6240234375 0.5420432505528083
13260.0 0.5432317164017508
13263.6259765625 0.5439076601044592
13270.0 0.545182899389628
13273.62890625 0.546072195847444
13280.0 0.5475071366148887
13283.6318359375 0.548161868543259
13290.0 0.5492732529983209
13293.6337890625 0.5499074953527652
13300.0 0.5508990961567151
13303.63671875 0.5514656104633244
13310.0 0.5522880261657053
13313.6396484375 0.5527584775754315
13320.0 0.5533932531412109
13323.642578125 0.5539228315679614
13330.0 0.554664454935588
13333.64453125 0.5549235392720996
13340.0 0.555111969010786
13343.6484375 0.5552201494711141
13350.0 0.5551188008886557
13353.6513671875 0.5550605300594147
13360.0 0.5547192374836583
13363.6533203125 0.5545228180353826
13370.0 0.5539345774758896
13373.65625 0.5535956608520066
13380.0 0.5527585103131762
13383.6591796875 0.5524417729114232
13390.0 0.5516475862716838
13393.662109375 0.5510225078734825
13400.0 0.549751760549625
13403.6640625 0.5489077125565557
13410.0 0.5473017640292397
13413.6669921875 0.5463726727705113
13420.0 0.5446734416790407
13423.669921875 0.5436891455108508
13430.0 0.541914553548109
13433.671875 0.5408855827331377
13440.0 0.5390557864988135
13443.6748046875 0.5381560916090382
13450.0 0.5366583976316148
13453.677734375 0.5356254032808981
13460.0 0.5339229023575512
13463.6806640625 0.5329321463490264
13470.0 0.5313009952698534
13473.6826171875 0.530350815461126
13480.0 0.5288409574638883
13483.685546875 0.5279604592333007
13490.0 0.5266673771016662
13493.689453125 0.5259121408676584
13500.0 0.524876787541275
13503.6923828125 0.5244047157850914
13510.0 0.5238016829708514
13513.6943359375 0.5232897341468719
13520.0 0.5226402386968918
13523.697265625 0.5222595810061654
13530.0 0.5218215123520449
13533.7001953125 0.5215644293098994
13540.0 0.5213311508699259
13543.7021484375 0.5211940911560101
13550.0 0.5212611965562447
13553.705078125 0.5213006033573515
13560.0 0.5214499774571429
13563.7080078125 0.5215378662557041
13570.0 0.5217502493983899
13573.7109375 0.5220342684663108
13580.0 0.5226312072998642
13583.712890625 0.5228245007352457
13590.0 0.5231757975019419
13593.7158203125 0.5233832532537241
13600.0 0.5237056636991243
13603.71875 0.5235286974481344
13610.0 0.5231346736140017
13613.720703125 0.522900921763193
13620.0 0.522386907640145
13623.7236328125 0.522081919534999
13630.0 0.5214315977889007
13633.7265625 0.5210454954069529
13640.0 0.5201442228007207
13643.73046875 0.5196086784907012
13650.0 0.5184559101644475
13653.732421875 0.5179287956051439
13660.0 0.5168794142279544
13663.7353515625 0.5160964964969044
13670.0 0.5145285704865404
13673.73828125 0.513594337612574
13680.0 0.5117487309700663
13683.740234375 0.510648126996589
13690.0 0.5087149318398901
13693.7431640625 0.5075608841227942
13700.0 0.5056173735673334
13703.74609375 0.50445572870562
13710.0 0.502519347265083
13713.7490234375 0.5013605199530347
13720.0 0.49967998348799975
13723.7509765625 0.4986731556204312
13730.0 0.4972940276078172
13733.75390625 0.49646671315361673
13740.0 0.4952549107722328
13743.7568359375 0.49467912180072293
13750.0 0.493917996879774
13753.7587890625 0.49330811826432774
13760.0 0.49272276163326856
13763.76171875 0.49236992057067364
13770.0 0.49221278455732986
13773.7646484375 0.4921172733984188
13780.0 0.49230783958606483
13783.767578125 0.4924217695409082
13790.0 0.4928295847132746
13793.76953125 0.49307469020733846
13800.0 0.49372452918157855
13803.7734375 0.4942240842126178
13810.0 0.4950049707214998
13813.7763671875 0.49547714214343386
13820.0 0.4959879635112232
13823.7783203125 0.49629696485572355
13830.0 0.49640011298168846
13833.78125 0.49720803402184266
13840.0 0.4980052372876072
13843.7841796875 0.49849070840140614
13850.0 0.4985757859486701
13853.787109375 0.4987816492088694
13860.0 0.4983178832005019
13863.7890625 0.4978789377901224
13870.0 0.4964156421027805
13873.7919921875 0.4955198472048244
13880.0 0.49351038921213297
13883.794921875 0.49227895103984814
13890.0 0.4899675326387104
13893.7978515625 0.4885493843172327
13900.0 0.4862982894781098
13903.7998046875 0.48491578329785834
13910.0 0.4828125542559835
13913.802734375 0.48151942615345866
13920.0 0.4800171932016312
13923.8056640625 0.4790922660306273
13930.0 0.47814195357522077
13933.8076171875 0.4775560584539486
13940.0 0.47651525395070926
13943.810546875 0.47587293177885887
13950.0 0.4736700597179529
13953.814453125 0.4723091948683156
13960.0 0.4673432535324225
13963.8173828125 0.4642718938647248
13970.0 0.45430591593119435
13973.8193359375 0.44813663552712424
13980.0 0.43112652875678925
13983.822265625 0.4205857250280025
13990.0 0.39613737919138886
13993.8251953125 0.3809687602123482
14000.0 0.35008443489915975
14003.8271484375 0.3307801782748733
14010.0 0.29501315126256983
14013.830078125 0.27279855331042574
14020.0 0.2366828608913514
14023.8330078125 0.21422392769919946
14030.0 0.18065628062688555
14033.8359375 0.1597560247493416
14040.0 0.13191494480366833
14043.837890625 0.11456317677516506
14050.0 0.09293040711721134
14053.8408203125 0.07943336957862357
14060.0 0.06366129977235298
14063.84375 0.05380866605149704
14070.0 0.04231448021893585
14073.845703125 0.03513817675219566
14080.0 0.02756519188603001
14083.8486328125 0.022813609284957986
14090.0 0.018211636385211855
14093.8515625 0.015327340311786187
14100.0 0.01224793280379116
14103.85546875 0.010315030853942482
14110.0 0.00822723158802853
14113.857421875 0.006915252325891744
14120.0 0.005741440645513064
14123.8603515625 0.00500301903131688
14130.0 0.004184498034758182
14133.86328125 0.003668946355865101
14140.0 0.0031658415064811183
14143.865234375 0.002848645582626755
14150.0 0.0022985495353446427
14153.8681640625 0.0019513539449103777
14160.0 0.0015896820393099054
14163.87109375 0.001361129286163553
14170.0 0.001103952345647694
14173.8740234375 0.0009412328852475584
14180.0 0.0007066583954607702
14183.8759765625 0.00055809419056483
14190.0 0.0005614530172190458
14193.87890625 0.0005634037950105432
14200.0 0.0004988331767626522
14203.8818359375 0.0004578611016603525
14210.0 0.0003924271937279002
14213.8837890625 0.00035088697420207005
14220.0 0.000316654026013139
14223.88671875 0.00029489815971151656
14230.0 0.00024316884895508637
14233.8896484375 0.0002102530824087671
14240.0 0.00017957744752645794
14243.892578125 0.00016003423388930916
14250.0 0.0001438516536834243
14253.89453125 0.00013353173401104622
14260.0 0.0001317958670519852
14263.8984375 0.00013068740661989104
14270.0 0.00010967363656461006
14273.9013671875 9.623637176098406e-05
14280.0 7.960916043344346e-05
14283.904296875 6.896378824112592e-05
14290.0 6.766223319645548e-05
14293.90625 6.682810946283142e-05
14300.0 6.29002703620379e-05
14303.9091796875 6.0380355622352185e-05
14310.0 5.860731855890101e-05
14320.0 5.5695981803336704e-05
14330.0 5.278422573131884e-05
14340.0 4.987205119494399e-05
14350.0 4.6959459046631825e-05
14360.0 4.404645013912509e-05
14370.0 4.113302532548959e-05
14380.0 3.8219185459114145e-05
14390.0 3.530493139371047e-05
14400.0 3.236377847532615e-05
14410.0 2.9445503321754473e-05
14420.0 2.65279225031662e-05
14430.0 2.3611036455409764e-05
14440.0 2.069484561432602e-05
14450.0 1.7779350415748278e-05
14460.0 1.4864551295502252e-05
14470.0 1.1950448689406075e-05
14480.0 9.037043033270295e-06
14490.0 6.124334762897854e-06
14500.0 3.2123243140840808e-06
14503.962890625 2.0582335974492966e-06
14510.0 2.1504990251457106e-06
14520.0 2.3051003312190497e-06
14523.96875 2.3664874210522943e-06
14530.0 2.1773993205964494e-06
14540.0 1.8637102189167106e-06
14543.9736328125 1.7390010133949858e-06
14550.0 1.2366050194428515e-06
14560.0 4.0247720978292333e-07
14563.98046875 7.029385574803735e-08
14570.0 3.4937209690563677e-07
14580.0 8.125853714890097e-07
14583.9853515625 9.97395899478334e-07
14590.0 1.0891299312803443e-06
14600.0 1.241732310648935e-06
14603.9912109375 1.3026109368859604e-06
14610.0 1.291966046200296e-06
14620.0 1.2742436927915719e-06
14623.99609375 1.2671592917922654e-06
14630.0 1.4753508157555005e-06
14640.0 1.8222417834470142e-06
14644.0009765625 1.9604346826096254e-06
14650.0 1.4044094507521788e-06
14660.0 4.78808034934415e-07
14664.0068359375 1.0781218569326053e-07
14670.0 4.01183038133412e-07
14680.0 8.90876724134662e-07
14684.01171875 1.0873929224843084e-06
14690.0 9.97923330795454e-07
14700.0 8.484591439830172e-07
14704.017578125 7.881310587062746e-07
14710.0 6.32686870256746e-07
14720.0 3.7340106205238463e-07
14724.0234375 2.690445720749875e-07
14730.0 4.031608219841774e-07
14740.0 6.276488461170669e-07
14744.029296875 7.181315844188133e-07
14750.0 7.82297611364554e-07
14760.0 8.890754667929138e-07
14764.0341796875 9.324249702666684e-07
14770.0 7.133340963714513e-07
14780.0 3.4595263987110413e-07
14784.0390625 1.9751597817002255e-07
14790.0 2.3477069736598435e-07
14800.0 2.9704791515903153e-07
14804.044921875 3.22311808530096e-07
14810.0 3.161985342589073e-07
14820.0 3.059306657125763e-07
14824.0498046875 3.017715882757202e-07
14830.0 2.654680540704245e-07
14840.0 2.0427452746372087e-07
14844.0556640625 1.795403564275018e-07
14850.0 3.6665536339287923e-07
14860.0 6.815012576655731e-07
14864.060546875 8.093699780898196e-07
14870.0 8.701147924397774e-07
14880.0 9.716096025261066e-07
14884.0673828125 1.0131905301889382e-06
14890.0 1.0431604160800148e-06
14900.0 1.0936882574271563e-06
14904.072265625 1.114268383971471e-06
14910.0 8.591466138039701e-07
14920.0 4.2831522168050107e-07
14924.078125 2.5287237731316127e-07
14930.0 2.370215000517189e-07
14940.0 2.1024914172815103e-07
14944.0830078125 1.9931590710212082e-07
14950.0 7.070821524724287e-07
14960.0 1.5641229855313641e-06
14964.087890625 1.9147760407076767e-06
14970.0 1.5144983138452254e-06
14980.0 8.37307408993422e-07
14984.09375 5.598411342689407e-07
14990.0 5.596536055992614e-07
15000.0 5.597981847895176e-07
15004.0986328125 5.597475253361219e-07
15010.0 4.6281140767101243e-07
15020.0 2.983946715007718e-07
15024.10546875 2.3108363247608407e-07
15030.0 2.0551962978684422e-07
15040.0 1.6217443813710081e-07
15044.1103515625 1.4431768918759526e-07
15050.0 2.080891609106877e-07
15060.0 3.1642604323834086e-07
15064.1162109375 3.609979816496958e-07
15070.0 3.61983745432648e-07
15080.0 3.633573574571101e-07
15084.12109375 3.6404647497166225e-07
15090.0 2.9409991655780543e-07
15100.0 1.7518644728980234e-07
15104.1259765625 1.261039438220591e-07
15110.0 3.2087022727176683e-07
15120.0 6.523643860654218e-07
15124.1318359375 7.892652341679007e-07
15130.0 6.995689622487899e-07
15140.0 5.4634751933464e-07
15144.13671875 4.832348013668251e-07
15150.0 4.247940004169258e-07
15160.0 3.2517623563756335e-07
15164.142578125 2.8383149437911346e-07
15170.0 5.584453967870075e-07
15180.0 1.0272534735177235e-06
15184.1484375 1.2212195033985777e-06
15190.0 1.1687728864671982e-06
15200.0 1.08020690996895e-06
15204.154296875 1.0433962269814068e-06
15210.0 8.022296603304541e-07
15220.0 3.896327641694575e-07
15224.1591796875 2.184075971082325e-07
15230.0 3.2224476976720533e-07
15240.0 4.994866366029128e-07
15244.1650390625 5.733751031988259e-07
15250.0 5.522425966955342e-07
15260.0 5.160500828356273e-07
15264.169921875 5.007934383346419e-07
15270.0 4.2147261240013114e-07
15280.0 2.859271217321756e-07
15284.1748046875 2.2929425374669258e-07
15290.0 6.412526849678417e-07
15300.0 1.348163387629228e-06
15304.1806640625 1.6429461319950805e-06
15310.0 1.6785970730574284e-06
15320.0 1.7411867187048572e-06
15324.185546875 1.766750811150614e-06
15330.0 1.2937696330973114e-06
15340.0 4.823380378405896e-07
15344.1923828125 1.423126626112699e-07
15350.0 5.411270657193294e-07
15360.0 1.2274879073166446e-06
15364.197265625 1.5153957319553327e-06
15370.0 1.2062814621747142e-06
15380.0 6.733759189282979e-07
15384.203125 4.4994924655056204e-07
15390.0 8.231819189075273e-07
15400.0 1.465369350602555e-06
15404.2080078125 1.7357639231476921e-06
15410.0 1.7828964264929127e-06
15420.0 1.862662628331584e-06
15424.212890625 1.8968772772758476e-06
15430.0 1.404363680001692e-06
15440.0 5.533562855245114e-07
15444.21875 1.9502708022063338e-07
15450.0 3.8424995112849913e-07
15460.0 7.10762144947108e-07
15464.2236328125 8.484296578712074e-07
15470.0 6.439702586933465e-07
15480.0 2.9093522202072125e-07
15484.23046875 1.4161517028006403e-07
15490.0 4.309327941457589e-07
15500.0 9.322092304654797e-07
15504.2353515625 1.1441254338633396e-06
15510.0 1.2064022302771372e-06
15520.0 1.3153771936440846e-06
15524.2412109375 1.3611027390532285e-06
15530.0 1.0094918395644672e-06
15540.0 4.0017988443112286e-07
15544.24609375 1.4145073467125937e-07
15550.0 4.662744633626069e-07
15560.0 1.0299534620155245e-06
15564.251953125 1.2697561298932849e-06
15570.0 1.077427058243186e-06
15580.0 7.422602573004488e-07
15584.2568359375 5.999945468058041e-07
15590.0 4.3790169707358094e-07
15600.0 1.555835914227049e-07
15604.26171875 3.544329585638651e-08
15610.0 1.734954020323163e-07
15620.0 4.1366434271997545e-07
15624.267578125 5.160105682150138e-07
15630.0 4.838732362489e-07
15640.0 4.282615344299182e-07
15644.2734375 4.0435554597659467e-07
15650.0 3.185189354536486e-07
15660.0 1.688647286195245e-07
15664.279296875 1.0495369624102601e-07
15670.0 1.2450340968288946e-07
15680.0 1.5853372241689101e-07
15684.2841796875 1.7315467654344028e-07
15690.0 6.398993757617458e-07
15700.0 1.455036636130358e-06
15704.2900390625 1.8042268960955677e-06
15710.0 1.524511995324228e-06
15720.0 1.0362985707711088e-06
15724.294921875 8.263624320388706e-07
15730.0 6.661048957981812e-07
15740.0 3.8564824395525935e-07
15744.30078125 2.6530195924377305e-07
15750.0 2.894123659238813e-07
15760.0 3.314238777239446e-07
15764.3056640625 3.494861426064412e-07
15770.0 3.931074000100861e-07
15780.0 4.695892873360911e-07
15784.310546875 5.026937882063411e-07
15790.0 7.1326252535027e-07
15800.0 1.0823460064215402e-06
15804.3173828125 1.241481867296214e-06
15810.0 9.582536476440814e-07
15820.0 4.610004628674912e-07
15824.322265625 2.460221062151492e-07
15830.0 3.064121972078319e-07
15840.0 4.12611300391466e-07
15844.328125 4.585108103659059e-07
15850.0 5.013055419962315e-07
15860.0 5.771340600954916e-07
15864.3330078125 6.097582064597958e-07
15870.0 6.28130035301586e-07
15880.0 6.604982939941833e-07
15884.3388671875 6.745223313885962e-07
15890.0 7.0672834239689e-07
15900.0 7.641858798792835e-07
15904.34375 7.888449941207893e-07
15910.0 7.476286389928674e-07
15920.0 6.748712922135145e-07
15924.3486328125 6.432761896072207e-07
15930.0 6.388303718646841e-07
15940.0 6.30974783130306e-07
15944.35546875 6.277935398630918e-07
15950.0 4.655067705087454e-07
15960.0 1.7789828917598154e-07
15964.3603515625 5.266862324485092e-08
15970.0 1.2574407658418896e-07
15980.0 2.5511802665633593e-07
15984.3662109375 3.115250256434509e-07
15990.0 2.528232934683429e-07
16000.0 1.4891722202125216e-07
16004.37109375 1.0346977775644697e-07
16010.0 2.2456214514215608e-07
16020.0 4.3936801626219857e-07
16024.376953125 5.332586585517394e-07
16030.0 6.473082546195284e-07
16040.0 8.498307329213795e-07
16044.3818359375 9.3845068072578e-07
16050.0 7.694947779710014e-07
16060.0 4.696184268313045e-07
16064.3876953125 3.3792924073281723e-07
16070.0 3.5863692045184563e-07
16080.0 3.9547837558223417e-07
16084.392578125 4.1163877907509637e-07
16090.0 5.273758611363317e-07
16100.0 7.334666991329488e-07
16104.3984375 8.23989143558813e-07
16110.0 6.800399793836415e-07
16120.0 4.2344290950766766e-07
16124.404296875 3.105858397838858e-07
16130.0 4.3758142962228374e-07
16140.0 6.641929181474217e-07
16144.4091796875 7.639713162618749e-07
16150.0 6.308684435935923e-07
16160.0 3.934952239806854e-07
16164.4150390625 2.8859550715099954e-07
16170.0 3.448571407511627e-07
16180.0 4.454432280024982e-07
16184.419921875 4.898395160442088e-07
16190.0 4.10846950512358e-07
16200.0 2.6949728259293684e-07
16204.42578125 2.070091304907376e-07
16210.0 2.9408927446078833e-07
16220.0 4.5002870494549425e-07
16224.4306640625 5.190052845104423e-07
16230.0 5.406268640549049e-07
16240.0 5.793789502675859e-07
16244.435546875 5.965386839391133e-07
16250.0 6.908929044192722e-07
16260.0 8.601535687370378e-07
16264.4423828125 9.352198867820379e-07
16270.0 1.009858900231927e-06
16280.0 1.1439163690611381e-06
16284.447265625 1.203435049995509e-06
16290.0 1.1464510825073619e-06
16300.0 1.0440104688920887e-06
16304.453125 9.984678322101436e-07
16310.0 1.0860605464491031e-06
16320.0 1.243688337836768e-06
16324.4580078125 1.3138403766497102e-06
16330.0 9.955027116623624e-07
16340.0 4.2212556184865245e-07
16344.4638671875 1.666065717760939e-07
16350.0 1.4803297678275186e-07
16360.0 1.1454344202556816e-07
16364.46875 9.95631850633303e-08
16370.0 3.6666365872194747e-07
16380.0 8.48772848161798e-07
16384.474609375 1.0641339816508165e-06
16390.0 1.1341954718871678e-06
16400.0 1.2607632816941174e-06
16404.48046875 1.317723086348759e-06
16410.0 1.0770590186164655e-06
16420.0 6.414261637084926e-07
16424.484375 4.4623544730771786e-07
16430.0 3.9119295083925025e-07
16440.0 2.91488605896743e-07
16444.490234375 2.4675652666812447e-07
16450.0 3.4145338830651844e-07
16460.0 5.12706978853416e-07
16464.49609375 5.897767991954519e-07
16470.0 4.878496586041231e-07
16480.0 3.0282653562264756e-07
16484.501953125 2.1960053943607144e-07
16490.0 2.863189502357641e-07
16500.0 4.0755757719593236e-07
16504.5078125 4.621629464789985e-07
16510.0 3.804006141991111e-07
16520.0 2.3166572554148324e-07
16524.513671875 1.6452168812052691e-07
16530.0 1.8329846720302374e-07
16540.0 2.176405797840705e-07
16544.517578125 2.331414704743435e-07
16550.0 1.968685253964665e-07
16560.0 1.3076685065095515e-07
16564.5234375 1.0089192642743126e-07
16570.0 4.2383358761459265e-07
16580.0 1.012045373030787e-06
16584.529296875 1.2784070610439782e-06
16590.0 9.464287363863069e-07
16600.0 3.4016034988573345e-07
16604.533203125 6.549063398322461e-08
16610.0 8.773570925287261e-08
16620.0 1.2811181022227534e-07
16624.5390625 1.463910797588546e-07
16630.0 1.7436400793581578e-07
16640.0 2.2533753000334492e-07
16644.544921875 2.483978659408031e-07
16650.0 3.4626270069245317e-07
16660.0 5.243061299239986e-07
16664.55078125 6.051007045991263e-07
16670.0 7.859564048842573e-07
16680.0 1.116224953735463e-06
16684.556640625 1.2654880766544758e-06
16690.0 1.1291630842276825e-06
16700.0 8.8109301413366e-07
16704.5625 7.684282367447822e-07
16710.0 7.627210556235669e-07
16720.0 7.515708723122227e-07
16724.56640625 7.468203091602881e-07
16730.0 7.672569908340851e-07
16740.0 8.046758945906242e-07
16744.572265625 8.213524781982542e-07
16750.0 8.410422984993519e-07
16760.0 8.77891325956917e-07
16764.578125 8.946787572792692e-07
16770.0 9.780355293810446e-07
16780.0 1.1299531694845378e-06
16784.58203125 1.1996484913845845e-06
16790.0 9.02773759732977e-07
16800.0 3.571897842506999e-07
16804.58984375 1.0833268084806922e-07
16810.0 8.308478735097525e-08
16820.0 3.664415449031941e-08
16824.59375 1.5402408251610113e-08
16830.0 2.3719212257525196e-07
16840.0 6.45440804630447e-07
16844.599609375 8.31982675235167e-07
16850.0 8.137683154040652e-07
16860.0 7.809770056054018e-07
16864.60546875 7.65608237311681e-07
16870.0 6.15228125486157e-07
16880.0 3.3855093018562347e-07
16884.611328125 2.115617011979844e-07
16890.0 2.1122723797087314e-07
16900.0 2.1040731054027446e-07
16904.615234375 2.1012154592179882e-07
16910.0 3.899386392756508e-07
16920.0 7.215274184663138e-07
16924.62109375 8.742013840124439e-07
16930.0 7.017512449854765e-07
16940.0 3.823678992266242e-07
16944.626953125 2.355967545753552e-07
16950.0 3.151721379511752e-07
16960.0 4.6208772194465177e-07
16964.6328125 5.297284463109263e-07
16970.0 4.580339589844194e-07
16980.0 3.2562323897163337e-07
16984.638671875 2.643758242860778e-07
16990.0 2.7545302597499634e-07
17000.0 2.962600428984969e-07
17004.642578125 3.056271639379306e-07
17010.0 7.578582652761544e-07
17020.0 1.597018281242086e-06
17024.6484375 1.983878986453707e-06
17030.0 1.5987976232154623e-06
17040.0 8.847314714002774e-07
17044.654296875 5.550724385864685e-07
17050.0 8.901230563808577e-07
17060.0 1.5114783306426772e-06
17064.66015625 1.7996924693960707e-06
17070.0 1.5625648544750043e-06
17080.0 1.1201603263816578e-06
17084.6640625 9.153403610911528e-07
17090.0 1.0423538572866177e-06
17100.0 1.2797516851254352e-06
17104.669921875 1.3892970720670418e-06
17110.0 1.0829175296649082e-06
17120.0 5.125776930246437e-07
17124.67578125 2.480098001676397e-07
17130.0 2.400244493276424e-07
17140.0 2.2489535770865842e-07
17144.681640625 2.1786291512497111e-07
17150.0 3.9184016231526354e-07
17160.0 7.170774061474877e-07
17164.6875 8.681863340914694e-07
17170.0 6.430002914449758e-07
17180.0 2.224648631084411e-07
17184.69140625 2.6688128902791566e-08
17190.0 9.75534181411436e-08
17200.0 2.2995200570918393e-07
17204.697265625 2.9055678784839717e-07
17210.0 2.5674363926666336e-07
17220.0 1.9421816515548212e-07
17224.703125 1.6544754849763698e-07
17230.0 2.2821524969709743e-07
17240.0 3.4403678833916575e-07
17244.708984375 3.9744381842701734e-07
17250.0 3.164470943578025e-07
17260.0 1.6652370220674274e-07
17264.71484375 9.726519958378573e-08
17270.0 1.352956290661879e-07
17280.0 2.0587163937982116e-07
17284.71875 2.383907169769898e-07
17290.0 2.3334269893748986e-07
17300.0 2.2393058571391912e-07
17304.724609375 2.1955007463819621e-07
17310.0 2.9283705340085635e-07
17320.0 4.2855191674223763e-07
17324.73046875 4.912942781588013e-07
17330.0 4.0563974145691656e-07
17340.0 2.467036312868426e-07
17344.736328125 1.7315373667067466e-07
17350.0 3.3997832271023824e-07
17360.0 6.491959860355796e-07
17364.740234375 7.923346489853884e-07
17370.0 6.200987738944868e-07
17380.0 3.0029519793871066e-07
17384.74609375 1.5200990940809397e-07
17390.0 2.516143633389911e-07
17400.0 4.3645082288950184e-07
17404.751953125 5.186072607529019e-07
17410.0 7.877834805892527e-07
17420.0 1.2755544431413454e-06
17424.7578125 1.4961046789784232e-06
17430.0 1.1537863661651195e-06
17440.0 5.313544930577325e-07
17444.763671875 2.48891529036069e-07
17450.0 4.0130457163614725e-07
17460.0 6.764171209111006e-07
17464.767578125 8.002402393079252e-07
17470.0 7.284306605406012e-07
17480.0 5.974226890727155e-07
17484.7734375 5.377586164488225e-07
17490.0 4.5204413795375866e-07
17500.0 2.968072929814128e-07
17504.779296875 2.2666017756767116e-07
17510.0 2.807859398893688e-07
17520.0 3.7708988870430315e-07
17524.78515625 4.1976273233574994e-07
17530.0 3.8270195649320474e-07
17540.0 3.1538092649736814e-07
17544.7890625 2.848764416967207e-07
17550.0 2.3124988571763976e-07
17560.0 1.352523475655788e-07
17564.796875 9.241443138548367e-08
17570.0 8.980268478322052e-08
17580.0 8.4799095010171e-08
17584.80078125 8.240445636768855e-08
17590.0 1.0290350979173998e-07
17600.0 1.3798170472762074e-07
17604.806640625 1.549859598086725e-07
17610.0 1.5272809621578217e-07
17620.0 1.4828660820794756e-07
17624.8125 1.46105350232217e-07
17630.0 1.586331486275427e-07
17640.0 1.8076844988622583e-07
17644.81640625 1.9048761467214948e-07
17650.0 1.4634938783575336e-07
17660.0 6.669387719150681e-08
17664.822265625 3.0964431539766015e-08
17670.0 5.681927855900175e-08
17680.0 1.0266548566011141e-07
17684.828125 1.2288145130174325e-07
17690.0 1.2843943635860045e-07
17700.0 1.3750644747571458e-07
17704.833984375 1.4124016066565838e-07
17710.0 1.3545057102824838e-07
17720.0 1.2450419059397202e-07
17724.83984375 1.1932922594681628e-07
17730.0 9.015036338020466e-08
17740.0 3.896198189334216e-08
17744.845703125 1.6753947789864482e-08
17750.0 5.447834307271271e-08
17760.0 1.1800170258777213e-07
17764.849609375 1.442372694745298e-07
17770.0 1.295789964043051e-07
17780.0 1.0328609933522356e-07
17784.85546875 9.167122918610281e-08
17790.0 8.476162603586952e-08
17800.0 7.184595015721837e-08
17804.861328125 6.939495722834144e-08
17810.0 8.130672696797954e-08
17820.0 1.0295168978546313e-07
17824.865234375 1.1265250762863926e-07
17830.0 1.1377562334949107e-07
17840.0 1.156241834018092e-07
17844.87109375 1.1630214815453273e-07
17850.0 1.2736194734509297e-07
17860.0 1.4680161378371294e-07
17864.876953125 1.5542184427721516e-07
17870.0 1.3721557122611863e-07
17880.0 1.0378720257999747e-07
17884.8828125 8.860711028758438e-08
17890.0 9.349910954998479e-08
17900.0 1.0166771544660876e-07
17904.888671875 1.0510519630656613e-07
17910.0 1.1280802049338049e-07
17920.0 1.2560089050328928e-07
17924.89453125 1.3090586630981888e-07
17930.0 1.3488680569655348e-07
17940.0 1.406107419041812e-07
17944.8984375 1.4257653108283306e-07
17950.0 1.5343222715224512e-07
17960.0 1.7020798045330376e-07
17964.904296875 1.7645570875848839e-07
17970.0 1.6914895491973793e-07
17980.0 1.5420408171381867e-07
17984.91015625 1.4676162961720795e-07
17990.0 1.4506691004013732e-07
18000.0 1.387897157144231e-07
18001.0 0.0
18002.0 0.0
18004.9140625 0.0
18024.921875 0.0
18044.92578125 0.0
18064.931640625 0.0
18084.9375 0.0
18104.943359375 0.0
18124.947265625 0.0
18144.953125 0.0
18164.958984375 0.0
18184.96484375 0.0
18200.0 0.0
18204.970703125 0.0
18224.974609375 0.0
18244.98046875 0.0
18264.986328125 0.0
18284.9921875 0.0
18304.99609375 0.0
18325.001953125 0.0
18345.0078125 0.0
18365.013671875 0.0
18385.01953125 0.0
18400.0 0.0
18405.0234375 0.0
18425.029296875 0.0
18445.03515625 0.0
18465.041015625 0.0
18485.046875 0.0
18505.05078125 0.0
18525.056640625 0.0
18545.0625 0.0
18565.068359375 0.0
18585.072265625 0.0
18600.0 0.0
18605.078125 0.0
18625.083984375 0.0
18645.08984375 0.0
18665.095703125 0.0
18685.099609375 0.0
18705.10546875 0.0
18725.111328125 0.0
18745.1171875 0.0
18765.12109375 0.0
18785.12890625 0.0
18800.0 0.0
18805.1328125 0.0
18825.138671875 0.0
18845.14453125 0.0
18865.1484375 0.0
18885.154296875 0.0
18905.16015625 0.0
18925.166015625 0.0
18945.171875 0.0
18965.177734375 0.0
18985.181640625 0.0
19000.0 0.0
19005.1875 0.0
19006.1875 0.0
19007.1875 0.0
19200.0 0.0
19400.0 0.0
19600.0 0.0
19800.0 0.0
20000.0 0.0
20001.0 0.0
20002.0 0.0
30000.0 0.0
30010.0 0.0
