WAVELENGTH	THROUGHPUT
1989.3538818359375	0.0
1990.0	2.1628911472839753e-09
1990.6463623046875	2.3163960410813944e-09
2000.0	1.677879985546598e-10
2000.648193359375	1.3841156921430332e-11
2010.0	7.2169241835312245e-09
2010.64990234375	7.723262426583168e-09
2020.0	5.374148249800625e-09
2020.6517333984375	5.208141629513936e-09
2030.0	3.740569381351044e-09
2030.6534423828125	3.637106805427513e-09
2040.0	3.5436034755277014e-09
2040.6552734375	3.5369341294225503e-09
2050.0	4.752418810815874e-09
2050.656982421875	4.8394219070320866e-09
2060.0	4.780349566191188e-09
2060.658935546875	4.776060282113478e-09
2070.0	1.3045124935493638e-09
2070.660888671875	1.0556696522004547e-09
2080.0	8.488932747765521e-11
2080.662841796875	1.518706021353863e-11
2090.0	2.513456667195265e-09
2090.664794921875	2.6934915571481235e-09
2100.0	1.9610562427471848e-10
2100.666748046875	1.558435229372204e-11
2110.0	1.0751899154704822e-09
2110.668701171875	1.1536045668252528e-09
2120.0	2.0496937273985257e-09
2120.670654296875	2.115980363071788e-09
2130.0	2.3745454131399833e-09
2130.672607421875	2.3937966443007937e-09
2140.0	1.5233222114530298e-09
2140.674560546875	1.4582572682018375e-09
2150.0	3.310539562062705e-10
2150.676513671875	2.4667667551289245e-10
2160.0	3.4761495151431995e-11
2160.6787109375	1.885218743187103e-11
2170.0	3.696300568604853e-09
2170.6806640625	3.972837572432604e-09
2180.0	5.8491671065345534e-09
2180.682861328125	5.990455420930187e-09
2190.0	8.113838756720867e-10
2190.684814453125	4.194435692520688e-10
2200.0	8.661647294931592e-11
2200.68701171875	6.136322332712707e-11
2210.0	4.446070428928271e-09
2210.68896484375	4.78043274906173e-09
2220.0	3.607848538800976e-10
2220.691162109375	2.2512698383172227e-11
2230.0	7.651049348503915e-09
2230.693115234375	8.232833661885367e-09
2240.0	3.3361673596992006e-09
2240.6953125	2.9610603200241635e-09
2250.0	8.77865931102758e-09
2250.697509765625	9.224871788214966e-09
2260.0	6.823030305636903e-10
2260.69970703125	2.485625026562506e-11
2270.0	3.622429453239578e-09
2270.701904296875	3.899889163922515e-09
2280.0	4.182257793923756e-09
2280.7041015625	4.203644502577721e-09
2290.0	2.8624482742302498e-09
2290.706298828125	2.7585231148445066e-09
2300.0	3.893626581974452e-09
2300.70849609375	3.9802035055908e-09
2310.0	4.202150258227693e-09
2310.71044921875	4.219255761708057e-09
2320.0	4.855935250067879e-09
2320.712890625	4.905044692934766e-09
2330.0	3.8111599691954625e-10
2330.715087890625	2.820726427969307e-11
2340.0	4.199404001828643e-09
2340.71728515625	4.525983123793365e-09
2350.0	4.266769822400367e-09
2350.719482421875	4.246316357620048e-09
2360.0	3.886345508238809e-09
2360.7216796875	3.857642906517066e-09
2370.0	1.0998987731989279e-08
2370.723876953125	1.1563436434067486e-08
2380.0	7.230871798333187e-09
2380.72607421875	6.887282816881416e-09
2390.0	3.3000633143521818e-09
2390.728515625	3.01446853410731e-09
2400.0	2.511049022037613e-10
2400.730712890625	3.079721978082027e-11
2410.0	7.962099730543084e-09
2410.73291015625	8.588734093554203e-09
2420.0	1.3039344225236554e-09
2420.735107421875	7.265174640827952e-10
2430.0	5.044305222973492e-09
2430.737548828125	5.386773254961361e-09
2440.0	5.79127542349254e-09
2440.73974609375	5.823848386945403e-09
2450.0	5.073630264880072e-09
2450.7421875	5.013629515940734e-09
2460.0	4.0047606849668326e-10
2460.744384765625	3.046849166477792e-11
2470.0	8.608735561355941e-09
2470.74658203125	9.298921466747167e-09
2480.0	5.424842879555885e-09
2480.7490234375	5.112049302582341e-09
2490.0	1.0314991856746435e-08
2490.751220703125	1.0735663904296675e-08
2500.0	8.341347709182299e-10
2500.753662109375	3.009678366180562e-11
2510.0	2.960269806029587e-09
2510.756103515625	3.1984318216068677e-09
2520.0	5.77095716432032e-09
2520.75830078125	5.9802827626987605e-09
2530.0	8.554395113103489e-09
2530.760498046875	8.765329901502524e-09
2540.0	6.91913821523986e-10
2540.762939453125	2.9345151611014013e-11
2550.0	1.0068896592264153e-08
2550.765380859375	1.0894848253029208e-08
2560.0	1.1129320284973633e-09
2560.767578125	3.056763658777441e-10
2570.0	8.624495535452363e-09
2570.77001953125	9.313950857696437e-09
2580.0	8.858012982410036e-09
2580.7724609375	8.819449542711481e-09
2590.0	1.7582879603925327e-09
2590.77490234375	1.1696974190365719e-09
2600.0	1.1636643216308472e-10
2600.777099609375	2.8193507627394003e-11
2610.0	8.669585306653974e-09
2610.779541015625	9.390961519043285e-09
2620.0	1.195833198366043e-09
2620.781982421875	5.094236278867148e-10
2630.0	6.461180594311362e-11
2630.7841796875	2.7211473011711197e-11
2640.0	4.014731000002217e-09
2640.78662109375	4.3508713850619e-09
2650.0	5.459232436122767e-09
2650.7890625	5.553308707653602e-09
2660.0	4.038252143921097e-09
2660.79150390625	3.9095336301908244e-09
2670.0	6.257806031025311e-09
2670.793701171875	6.457255660385248e-09
2680.0	2.2493819343699845e-09
2680.796142578125	1.8903215039346262e-09
2690.0	6.003864557388502e-10
2690.798583984375	4.898293527281163e-10
2700.0	1.2695759770145992e-08
2700.801025390625	1.3757463384957799e-08
2710.0	6.570935536816929e-09
2710.803466796875	5.9444605813510945e-09
2720.0	5.071642794943876e-09
2720.805908203125	4.995182602325592e-09
2730.0	4.250502765971002e-09
2730.808349609375	4.1847456024410694e-09
2740.0	3.617292909613262e-10
2740.810791015625	2.4925174985684306e-11
2750.0	2.4917478042638593e-11
2750.81298828125	2.491496295664097e-11
2760.0	2.4413250382288815e-09
2760.815673828125	2.6557977581275078e-09
2770.0	2.399977708028107e-10
2770.818115234375	2.4877389106151636e-11
2780.0	4.428342434485179e-09
2780.8203125	4.821255469248655e-09
2790.0	1.5965991303245912e-09
2790.822998046875	1.3079554590049453e-09
2800.0	1.0386979299074194e-08
2800.8251953125	1.12077582135051e-08
2810.0	9.26392278878751e-09
2810.827880859375	9.087005966514072e-09
2820.0	8.31414188322548e-09
2820.830078125	8.244545303186296e-09
2830.0	9.89035449083073e-09
2830.83251953125	1.0038829877222806e-08
2840.0	8.253115126657751e-09
2840.835205078125	8.090589106007461e-09
2850.0	4.360655719015989e-09
2850.837646484375	4.018500409453946e-09
2860.0	9.782883606560662e-09
2860.840087890625	1.0312546925387763e-08
2870.0	7.373192717885997e-09
2870.842529296875	7.102629002765465e-09
2880.0	5.088620786765762e-09
2880.844970703125	4.901732715867221e-09
2890.0	1.2732365927081256e-09
2890.847412109375	9.365345781475516e-10
2900.0	6.907204215859658e-09
2900.849853515625	7.466207217974076e-09
2910.0	1.4059300787496401e-08
2910.852294921875	1.467697151331399e-08
2920.0	9.883312297480698e-09
2920.854736328125	9.43305939695915e-09
2930.0	7.3585482960368154e-09
2930.857421875	7.161979430328571e-09
2940.0	3.794216039450622e-09
2940.85986328125	3.475613721054094e-09
2950.0	9.963649963906656e-09
2950.8623046875	1.0580321737981579e-08
2960.0	9.45536131110259e-10
2960.86474609375	2.6901720240686294e-11
2970.0	2.7062743993672513e-11
2970.8671875	2.7080122502994508e-11
2980.0	9.072327212137359e-09
2980.86962890625	9.939183763031273e-09
2990.0	6.099381712914163e-09
2990.872314453125	5.7305816699186034e-09
3000.0	5.850947210976164e-09
3000.874755859375	5.858740777931297e-09
3010.0	6.9301725351648295e-09
3010.877197265625	7.033702542590455e-09
3020.0	1.7287824395845574e-08
3020.879638671875	1.8277271849332383e-08
3030.0	1.2349960454785509e-08
3030.882080078125	1.1775283596378698e-08
3040.0	3.006527811930954e-09
3040.884765625	2.1559953848676974e-09
3050.0	3.6736058850632113e-09
3050.88720703125	3.821112953864214e-09
3060.0	3.6501335479510294e-10
3060.8896484375	2.7686064094143613e-11
3070.0	5.8747119544744016e-09
3070.89208984375	6.447117602167517e-09
3080.0	6.018114561954959e-10
3080.894775390625	2.7697820370871776e-11
3090.0	7.547145398823383e-09
3090.897216796875	8.287913228971839e-09
3100.0	7.704911826002585e-10
3100.899658203125	2.7708796001630835e-11
3110.0	2.7724816377808364e-11
3110.902099609375	2.7726394492585622e-11
3120.0	2.7742296005822456e-11
3120.90478515625	2.7741630751810316e-11
3130.0	2.7734935147439503e-11
3130.9072265625	2.7736501010255523e-11
3140.0	1.6194097523555912e-08
3140.909912109375	1.781142337592036e-08
3150.0	3.466761918077985e-09
3150.912353515625	2.0275706479114927e-09
3160.0	2.107624635208689e-10
3160.914794921875	2.7761073598567965e-11
3170.0	2.77540208631723e-11
3170.917236328125	2.7755564498857426e-11
3180.0	1.7773250487460225e-08
3180.919921875	1.9570036553206496e-08
3190.0	4.975198642114739e-09
3190.92236328125	3.4933500025253383e-09
3200.0	4.863139620185157e-09
3200.9248046875	5.0018401243629764e-09
3210.0	1.4015763670129388e-08
3210.927490234375	1.4936910125774547e-08
3220.0	3.197452477786817e-08
3220.929931640625	3.371715842413446e-08
3230.0	1.6895333943314597e-08
3230.9326171875	1.516936626283558e-08
3240.0	1.0724073406887944e-08
3240.93505859375	1.0265058232160537e-08
3250.0	9.859060700056369e-10
3250.9375	2.7629575057490897e-11
3260.0	2.761578143477259e-11
3260.940185546875	2.7612045757668855e-11
3270.0	2.75760302181997e-11
3270.942626953125	2.7574587845610006e-11
3280.0	7.634750806706334e-09
3280.9453125	8.427559240696513e-09
3290.0	9.664236011388284e-09
3290.94775390625	9.794312436853408e-09
3300.0	1.0736874957107021e-08
3300.9501953125	1.0834848884227911e-08
3310.0	7.869311658328389e-09
3310.952880859375	7.558150992359118e-09
3320.0	7.463326527657552e-10
3320.955322265625	2.7446499324848604e-11
3330.0	1.3933669679303135e-08
3330.9580078125	1.5405781371175683e-08
3340.0	4.12517858963758e-09
3340.96044921875	2.9273720138151068e-09
3350.0	3.061577013767611e-10
3350.962890625	2.7353872507853538e-11
3360.0	1.3233342262976683e-08
3360.965576171875	1.4642296377352215e-08
3370.0	2.4308210415248723e-08
3370.968017578125	2.534456030555876e-08
3380.0	8.971150239958218e-09
3380.970703125	7.211820412026859e-09
3390.0	2.292412608627789e-08
3390.97314453125	2.461720738216819e-08
3400.0	1.0471625121795388e-08
3400.975830078125	8.938052055372983e-09
3410.0	8.933741288982561e-10
3410.978271484375	2.703523146826289e-11
3420.0	2.6894671160617688e-11
3420.98095703125	2.6877072071201195e-11
3430.0	9.804365137562773e-09
3430.9833984375	1.0864179428845914e-08
3440.0	1.0892492235405969e-09
3440.986083984375	2.653972302710689e-11
3450.0	2.637653237898899e-11
3450.988525390625	2.636093205260395e-11
3460.0	5.295635140376196e-09
3460.9912109375	5.871217544301613e-09
3470.0	7.270265699310097e-09
3470.99365234375	7.423481080072916e-09
3480.0	7.580768987014723e-10
3480.996337890625	2.5840469538370606e-11
3490.0	2.5697768732626288e-11
3490.998779296875	2.567969131401007e-11
3500.0	1.710224002990974e-09
3501.00146484375	1.8964818429382357e-09
3510.0	2.1208913802855652e-10
3511.00390625	2.5339806574360995e-11
3520.0	2.4881096853266362e-08
3521.006591796875	2.764470564900232e-08
3530.0	2.795394524586433e-09
3531.009033203125	2.4999517727566392e-11
3540.0	1.4944999678926718e-08
3541.01171875	1.66131229860043e-08
3550.0	1.6972330267407074e-09
3551.014404296875	2.4658815573563e-11
3560.0	2.449596193335529e-11
3561.016845703125	2.4477540836824402e-11
3570.0	6.587320552378625e-09
3571.019287109375	7.327086835773785e-09
3580.0	1.0966447329952853e-08
3581.02197265625	1.137679548943376e-08
3590.0	7.918464365068892e-09
3591.024658203125	7.527363689196487e-09
3600.0	7.896628156902335e-10
3601.027099609375	2.3817948083140572e-11
3610.0	9.550863256324892e-09
3611.02978515625	1.0647576152313679e-08
3620.0	1.1232709340083493e-09
3621.0322265625	2.394236839718571e-11
3630.0	2.3988920505351296e-11
3631.034912109375	2.3993923430511328e-11
3640.0	4.9964350758076565e-09
3641.03759765625	5.573597889207656e-09
3650.0	3.307422297444447e-08
3651.0400390625	3.6271442058445045e-08
3660.0	8.714568533495144e-09
3661.04248046875	5.5024027905236034e-09
3670.0	3.238106561951112e-08
3671.045166015625	3.552308179474997e-08
3680.0	2.6113485052645046e-08
3681.0478515625	2.5010198128356518e-08
3690.0	1.9297593068777293e-08
3691.05029296875	1.8627719878276055e-08
3700.0	1.9878065149764786e-09
3701.052978515625	2.4397659721604915e-11
3710.0	1.4699677083470669e-08
3711.0556640625	1.6436191930109727e-08
3720.0	5.0829169181559385e-09
3721.05810546875	3.7356340732173215e-09
3730.0	5.99042562479175e-09
3731.060791015625	6.25844756171323e-09
3740.0	6.884347018493065e-10
3741.063232421875	2.4616861576020834e-11
3750.0	2.467969293556756e-11
3751.06591796875	2.4684906084065804e-11
3760.0	2.672352230093585e-08
3761.068603515625	2.992605696704685e-08
3770.0	6.288512754891708e-08
3771.071044921875	6.684252776151521e-08
3780.0	4.022022082387712e-08
3781.07373046875	3.701248645513461e-08
3790.0	2.0095217594556972e-08
3791.076416015625	1.805282845308684e-08
3800.0	1.6874441881656244e-08
3801.078857421875	1.67370598487771e-08
3810.0	2.24774872299617e-08
3811.08154296875	2.3177408279216587e-08
3820.0	1.477589266087601e-08
3821.083984375	1.3750019469468675e-08
3830.0	1.525314289572578e-09
3831.086669921875	2.5444537142750604e-11
3840.0	6.604124693430066e-09
3841.08935546875	7.413448994406806e-09
3850.0	2.036895701737624e-09
3851.091796875	1.3736389461661664e-09
3860.0	4.66532057840622e-08
3861.094482421875	5.2247780819397354e-08
3870.0	5.7829135494655695e-09
3871.09716796875	2.6054825912889746e-11
3880.0	2.74043004450946e-08
3881.099609375	3.0804715818854334e-08
3890.0	3.434970809408322e-09
3891.102294921875	2.6367465515329604e-11
3900.0	9.763130195748874e-09
3901.10498046875	1.0980014724065286e-08
3910.0	3.82010548902792e-08
3911.107421875	4.160745428370778e-08
3920.0	2.312241033101479e-08
3921.110107421875	2.08021321490087e-08
3930.0	8.954005202181451e-09
3931.11279296875	7.463552922286227e-09
3940.0	4.734324882724498e-08
3941.115478515625	5.237479070561618e-08
3950.0	5.9056955781089635e-09
3951.117919921875	2.728749851590965e-11
3960.0	2.741618476088711e-11
3961.12060546875	2.7435043230227932e-11
3970.0	3.127960726971152e-08
3971.123291015625	3.525386856344284e-08
3980.0	1.761497127890934e-08
3981.125732421875	1.5366250634381663e-08
3990.0	1.766205901399024e-09
3991.12841796875	2.7891963980829633e-11
4000.0	1.6566608658311128e-08
4001.131103515625	1.8678176577011324e-08
4010.0	4.942384764813454e-09
4011.133544921875	3.1843427826531427e-09
4020.0	7.31820757094075e-09
4021.13623046875	7.849444118545086e-09
4030.0	3.897307588913848e-09
4031.138916015625	3.3882664701237583e-09
4040.0	1.1421745454063719e-08
4041.1416015625	1.2458750075323185e-08
4050.0	1.0455471114440571e-08
4051.14404296875	1.0197228628175155e-08
4060.0	1.128188162955005e-08
4061.146728515625	1.1421574112000092e-08
4070.0	1.0387017411184428e-08
4071.1494140625	1.0252425668410784e-08
4080.0	1.4186140327621834e-08
4081.15185546875	1.4700511265061008e-08
4090.0	1.1705853848283739e-08
4091.154541015625	1.131287397794099e-08
4100.0	2.0300326315884513e-09
4101.1572265625	8.132792016934591e-10
4110.0	6.007158861643902e-09
4111.15966796875	6.690238543675407e-09
4120.0	7.8638423805106e-09
4121.16259765625	8.017789651274948e-09
4130.0	8.932288272205234e-09
4131.1650390625	9.053058275469392e-09
4140.0	1.1967597043573435e-08
4141.16748046875	1.2353431534183297e-08
4150.0	2.805428435191693e-09
4151.17041015625	1.5380364103755951e-09
4160.0	4.458082747040243e-09
4161.1728515625	4.846506868147137e-09
4170.0	1.2638295112482771e-08
4171.17529296875	1.367760307376998e-08
4180.0	7.951765079790831e-09
4181.17822265625	7.186619374065232e-09
4190.0	6.6559055800145255e-09
4191.1806640625	6.584012114416396e-09
4200.0	7.400391255374159e-09
4201.18359375	7.510139563959587e-09
4210.0	8.235482644830525e-09
4211.18603515625	8.333223428699371e-09
4220.0	4.7772572925253574e-09
4221.1884765625	4.297356753797307e-09
4230.0	5.389184297021053e-10
4231.19140625	2.9403525620915135e-11
4240.0	6.176817777476847e-09
4241.19384765625	7.011122727311918e-09
4250.0	6.202250420082096e-09
4251.1962890625	6.09283794746887e-09
4260.0	4.350312666095608e-09
4261.19921875	4.111998369112072e-09
4270.0	7.228816488925051e-09
4271.20166015625	7.654953850866388e-09
4280.0	4.517788514000652e-09
4281.20458984375	4.087696983319511e-09
4290.0	9.100742878766718e-09
4291.20703125	9.790620261459405e-09
4300.0	8.883431460237904e-09
4301.20947265625	8.757460928081577e-09
4310.0	1.215072109654022e-08
4311.21240234375	1.2619329989173188e-08
4320.0	1.1519031882719339e-08
4321.21484375	1.1366719641743053e-08
4330.0	1.024749328869638e-08
4331.2177734375	1.009319182127999e-08
4340.0	9.45283817179013e-09
4341.22021484375	9.362690434300166e-09
4350.0	3.2316454039302104e-09
4351.22265625	2.3767379450315868e-09
4360.0	3.178460171533883e-10
4361.2255859375	2.999096426646862e-11
4370.0	7.832693539032145e-09
4371.22802734375	8.927051986233861e-09
4380.0	9.01671524786155e-09
4381.23046875	9.028365114973487e-09
4390.0	1.149403787376238e-08
4391.2333984375	1.1841257946071011e-08
4400.0	8.66705616071829e-09
4401.23583984375	8.219016856018705e-09
4410.0	1.3646414235406143e-08
4411.23876953125	1.4414515878402956e-08
4420.0	1.9384819877860466e-08
4421.2412109375	2.009196938744183e-08
4430.0	1.0666381169772322e-08
4431.244140625	9.324143871882921e-09
4440.0	1.190279629820579e-09
4441.24658203125	3.036053320600484e-11
4450.0	7.90162411665453e-09
4451.2490234375	9.026595960598116e-09
4460.0	1.1897456180102583e-08
4461.251953125	1.2310147528387925e-08
4470.0	1.3120044463564087e-08
4471.25439453125	1.3235041481109963e-08
4480.0	2.2204684405569928e-09
4481.25732421875	6.343825688282971e-10
4490.0	1.0704820032067256e-08
4491.259765625	1.2158250492714737e-08
4500.0	1.7974609465516627e-08
4501.26220703125	1.8813492739643155e-08
4510.0	1.3181079742332155e-08
4511.26513671875	1.2366412702137344e-08
4520.0	1.8368080380956322e-08
4521.267578125	1.9238192984817896e-08
4530.0	1.5437893969519786e-08
4531.2705078125	1.4884653380171691e-08
4540.0	5.117166397344087e-09
4541.27294921875	3.6920245637055167e-09
4550.0	1.445731556401561e-08
4551.275390625	1.6031492202687762e-08
4560.0	1.922101268425973e-08
4561.2783203125	1.9690748516923273e-08
4570.0	8.276115082035602e-09
4571.28076171875	6.59677540222525e-09
4580.0	1.0846964030662083e-08
4581.28369140625	1.1473061133174817e-08
4590.0	1.4875465820631144e-08
4591.2861328125	1.537779924603996e-08
4600.0	1.607745358294479e-08
4601.28857421875	1.61809718628853e-08
4610.0	1.2936366800476324e-08
4611.29150390625	1.2456429626442101e-08
4620.0	1.3982195637803567e-08
4621.2939453125	1.4207649304658347e-08
4630.0	5.678823196805729e-09
4631.296875	4.4074977305658465e-09
4640.0	1.7243796586188377e-08
4641.29931640625	1.916083594863441e-08
4650.0	2.521398576134028e-09
4651.3017578125	3.101075490446643e-11
4660.0	1.5580019711471016e-08
4661.3046875	1.791310442461986e-08
4670.0	9.106032622541164e-09
4671.30712890625	7.782500921513339e-09
4680.0	7.074116029784826e-09
4681.31005859375	6.966454134878273e-09
4690.0	6.323152540173194e-09
4691.3125	6.225953780652255e-09
4700.0	4.867803550578126e-09
4701.3154296875	4.6620849914440305e-09
4710.0	4.0176632901532546e-09
4711.31787109375	3.9198394034422375e-09
4720.0	1.1642992262688081e-08
4721.3203125	1.2817881522921965e-08
4730.0	2.342978702802384e-09
4731.3232421875	7.454948352876434e-10
4740.0	1.2100910819873858e-08
4741.32568359375	1.3838019702475256e-08
4750.0	8.89583474828126e-09
4751.32861328125	8.137029712032379e-09
4760.0	5.3029982558456555e-09
4761.3310546875	4.8678239537912015e-09
4770.0	6.318463311754022e-09
4771.333984375	6.54176651150481e-09
4780.0	5.131589925591294e-09
4781.33642578125	4.914044457903743e-09
4790.0	7.037183116521624e-09
4791.3388671875	7.365405004500644e-09
4800.0	1.0596855780983924e-08
4801.341796875	1.1097650377803995e-08
4810.0	1.6035545845269225e-08
4811.34423828125	1.6804370065565464e-08
4820.0	4.130724248025796e-09
4821.34716796875	2.1556128439506915e-09
4830.0	1.3173067448882605e-08
4831.349609375	1.4891876158654986e-08
4840.0	9.647782548332191e-09
4841.3525390625	8.827640452920063e-09
4850.0	1.2231438029601115e-09
4851.35498046875	3.1299873025438527e-11
4860.0	1.0415246024021965e-08
4861.357421875	1.2046094625424008e-08
4870.0	1.665601195510002e-09
4871.3603515625	3.1314684171698057e-11
4880.0	3.132110224462808e-11
4881.36279296875	3.1322134434986146e-11
4890.0	9.030222081381627e-09
4891.36572265625	1.0454692950730517e-08
4900.0	7.635312608699902e-09
4901.3681640625	7.187239343961186e-09
4910.0	1.0124266717048305e-09
4911.37109375	3.137153304094569e-11
4920.0	9.248126962346032e-10
4921.37353515625	1.0670637735972268e-09
4930.0	3.537567151412967e-09
4931.3759765625	3.931726610849785e-09
4940.0	1.1097897859681305e-08
4941.37890625	1.2243992618923695e-08
4950.0	4.513633392945767e-09
4951.38134765625	3.274698379045203e-09
4960.0	4.37023168933789e-09
4961.38427734375	4.546231616116067e-09
4970.0	9.135885976274905e-09
4971.38671875	9.87478206106897e-09
4980.0	1.835475068717031e-09
4981.3896484375	5.381118322227775e-10
4990.0	1.0353128862770748e-08
4991.39208984375	1.1941793356996975e-08
5000.0	4.5860576696379906e-09
5001.39501953125	3.3921305673973252e-09
5010.0	5.576733123130231e-10
5011.3974609375	9.735984817180418e-11
5020.0	1.5047320878100154e-09
5021.39990234375	1.7337535174562235e-09
5030.0	5.6553653016515875e-09
5031.40283203125	6.294845083059607e-09
5040.0	2.723550458397907e-09
5041.4052734375	2.139933094606672e-09
5050.0	3.88646455962726e-10
5051.408203125	1.0177418725189223e-10
5060.0	1.0427584390432166e-08
5061.41064453125	1.2122530043981105e-08
5070.0	1.7397561888139241e-09
5071.41357421875	3.14351782959577e-11
5080.0	1.206610221804051e-09
5081.416015625	1.4003673149820778e-09
5090.0	5.97061876471425e-09
5091.4189453125	6.7259146140471855e-09
5100.0	1.8314645171436422e-09
5101.42138671875	1.0209226077462191e-09
5110.0	1.7227573867264485e-10
5111.42431640625	3.140617188914744e-11
5120.0	5.803736441731299e-09
5121.4267578125	6.763867870895951e-09
5130.0	4.672229646988944e-09
5131.42919921875	4.324149015057124e-09
5140.0	1.8631498306144744e-09
5141.43212890625	1.451505031906177e-09
5150.0	3.907172917201224e-09
5151.4345703125	4.318246578834458e-09
5160.0	6.473300294488109e-10
5161.4375	3.139634039159264e-11
5170.0	3.139019603523643e-11
5171.43994140625	3.138914179600615e-11
5180.0	3.138287518215687e-11
5181.44287109375	3.138181223872666e-11
5190.0	2.2287385748338697e-09
5191.4453125	2.599788992163743e-09
5200.0	5.1854537508938725e-09
5201.4482421875	5.623084566682598e-09
5210.0	6.581737261158762e-09
5211.45068359375	6.744317929089343e-09
5220.0	1.8801536274413527e-09
5221.45361328125	1.0533102490193026e-09
5230.0	2.0616442138490516e-09
5231.4560546875	2.2334119823281257e-09
5240.0	3.595395062921462e-09
5241.45849609375	3.82784998210994e-09
5250.0	4.464148910189652e-09
5251.46142578125	4.572997816068901e-09
5260.0	3.946622412916938e-09
5261.4638671875	3.8392561043090306e-09
5270.0	9.370824977674593e-09
5271.466796875	1.0321160523152473e-08
5280.0	3.139000607706953e-09
5281.46923828125	1.9026097523242433e-09
5290.0	3.066726849770213e-10
5291.47216796875	3.131054222592134e-11
5300.0	5.823364363857235e-09
5301.474609375	6.824718733192199e-09
5310.0	3.548741504444866e-09
5311.4775390625	2.9810877750625446e-09
5320.0	4.676775397931192e-10
5321.47998046875	3.1292540976708606e-11
5330.0	3.1287395086525404e-11
5331.48291015625	3.128648477985587e-11
5340.0	1.0076417842016024e-09
5341.4853515625	1.1778811367516828e-09
5350.0	2.017951658549746e-10
5351.48779296875	3.127411232811565e-11
5360.0	2.1867568250481562e-09
5361.49072265625	2.564161355106205e-09
5370.0	4.0930410063978707e-10
5371.4931640625	3.126100969242374e-11
5380.0	3.1255291455244795e-11
5381.49609375	3.1254293230728395e-11
5390.0	3.124861946708939e-11
5391.49853515625	3.124761969028586e-11
5400.0	4.637903422307208e-09
5401.50146484375	5.451318691485959e-09
5410.0	8.460138808456807e-10
5411.50390625	3.1234081356741177e-11
5420.0	2.1249433607426816e-09
5421.5068359375	2.496191357216617e-09
5430.0	2.759564067941208e-09
5431.50927734375	2.8063509366966054e-09
5440.0	4.5066254407804076e-10
5441.51220703125	3.121242628876176e-11
5450.0	1.0109033239886614e-10
5451.5146484375	1.135569240094421e-10
5460.0	2.1058965988491888e-09
5461.517578125	2.4621290748228582e-09
5470.0	4.005264666407366e-10
5471.52001953125	3.1189014206162583e-11
5480.0	3.118209491482186e-11
5481.5224609375	3.118083819481104e-11
5490.0	3.6510386099713784e-09
5491.525390625	4.302195559046516e-09
5500.0	3.643377146468688e-09
5501.52783203125	3.52465956588581e-09
5510.0	1.372828229724429e-09
5511.53076171875	9.84119086775367e-10
5520.0	1.3634430092054058e-08
5521.533203125	1.5924009608214096e-08
5530.0	3.2973445704242245e-09
5531.5361328125	1.0070162224617253e-09
5540.0	8.55978921878103e-09
5541.53857421875	9.932404439014446e-09
5550.0	1.5566489682975692e-09
5551.54150390625	3.112783354082329e-11
5560.0	3.859372534230218e-09
5561.5439453125	4.5579707630498875e-09
5570.0	8.346581047444895e-09
5571.546875	9.038270955398923e-09
5580.0	4.443942338530886e-09
5581.54931640625	3.6032793914463898e-09
5590.0	8.529569652929538e-09
5591.55224609375	9.434208056223874e-09
5600.0	3.885000916948304e-09
5601.5546875	2.8640143813042624e-09
5610.0	9.649594686296087e-09
5611.5576171875	1.0900759299590293e-08
5620.0	3.1293377461475262e-09
5621.56005859375	1.693650271432525e-09
5630.0	2.907637819225507e-10
5631.56298828125	3.103476572578189e-11
5640.0	4.1880752728176455e-10
5641.5654296875	4.907170231041766e-10
5650.0	1.0302796253520781e-10
5651.56787109375	3.100101933574185e-11
5660.0	3.882239448527465e-09
5661.57080078125	4.599285189626553e-09
5670.0	6.237434958757892e-09
5671.57373046875	6.5431035000439425e-09
5680.0	5.989655656418343e-09
5681.576171875	5.886183544321266e-09
5690.0	1.6210497712423336e-09
5691.57861328125	8.222150941303372e-10
5700.0	1.5596738173199543e-10
5701.58154296875	3.0915519596025785e-11
5710.0	2.413080149256075e-09
5711.583984375	2.861049754504081e-09
5720.0	6.701493072680457e-09
5721.5869140625	7.424238145622677e-09
5730.0	5.796161134722868e-09
5731.58935546875	5.489761405696593e-09
5740.0	7.329492640547192e-09
5741.59228515625	7.677592415030151e-09
5750.0	4.636642107613888e-09
5751.5947265625	4.060175643056038e-09
5760.0	1.2704187630464547e-08
5761.59765625	1.4346304328974967e-08
5770.0	1.3195780424930308e-08
5771.60009765625	1.2976799466180042e-08
5780.0	4.736007634300022e-09
5781.60302734375	3.1642264843531608e-09
5790.0	1.0937949789560286e-08
5791.60546875	1.2423415733818672e-08
5800.0	2.022428720853206e-09
5801.6083984375	3.0716652624591625e-11
5810.0	2.322780253641492e-09
5811.61083984375	2.7625144364725815e-09
5820.0	2.651992684741884e-09
5821.61376953125	2.6303844580987264e-09
5830.0	9.493964301804075e-09
5831.6162109375	1.0816611058806904e-08
5840.0	1.7759198634173199e-09
5841.619140625	3.0627184403276745e-11
5850.0	7.461375020565708e-10
5851.62158203125	8.845228369667745e-10
5860.0	1.1403664834283523e-08
5861.62451171875	1.344242215962848e-08
5870.0	2.211360939405828e-09
5871.626953125	3.058985581430909e-11
5880.0	3.132588017441378e-09
5881.6298828125	3.736174399825059e-09
5890.0	1.3012136469247683e-08
5891.63232421875	1.4820387862655763e-08
5900.0	4.16521476483482e-09
5901.634765625	2.0840982834551566e-09
5910.0	8.569249323650012e-09
5911.6376953125	9.838660503850475e-09
5920.0	8.502819529987688e-09
5921.640625	8.24084511505543e-09
5930.0	1.3393708543657331e-08
5931.64306640625	1.4406127858182673e-08
5940.0	1.492355223211679e-08
5941.6455078125	1.5025402714283925e-08
5950.0	8.089342590833829e-09
5951.6484375	6.721311689783399e-09
5960.0	1.3418856186921058e-08
5961.65087890625	1.4742275055049914e-08
5970.0	5.829374557289479e-09
5971.65380859375	4.064000299272461e-09
5980.0	2.1774360086144717e-09
5981.65673828125	1.8036638188865477e-09
5990.0	1.2644946988536871e-08
5991.6591796875	1.4800080485143346e-08
6000.0	1.2771892024225371e-08
6001.66162109375	1.2369589167563559e-08
6010.0	8.816978108032758e-09
6011.66455078125	8.107514398398523e-09
6020.0	7.589436387671999e-09
6021.6669921875	7.485788730999338e-09
6030.0	1.332348862172165e-08
6031.669921875	1.4491499416157584e-08
6040.0	5.795674446680876e-09
6041.67236328125	4.0514346728104796e-09
6050.0	6.229281048772219e-09
6051.67529296875	6.667533812461305e-09
6060.0	5.416673386958369e-09
6061.677734375	5.164506119104002e-09
6070.0	8.644092106524618e-09
6071.6806640625	9.347000979567059e-09
6080.0	1.1320233129142395e-08
6081.68310546875	1.17195613154209e-08
6090.0	8.902708420936416e-09
6091.68603515625	8.330301224793464e-09
6100.0	1.4308586573585288e-09
6101.6884765625	3.0433998887519825e-11
6110.0	1.2738489658543063e-08
6111.69140625	1.5325366909429584e-08
6120.0	9.37893226796774e-09
6121.69384765625	8.16629374348467e-09
6130.0	5.902936839337882e-09
6131.69677734375	5.440438480301394e-09
6140.0	7.370645947449655e-09
6141.69921875	7.76577408943135e-09
6150.0	5.065255051539781e-09
6151.7021484375	4.510669170143622e-09
6160.0	7.377181955125347e-09
6161.70458984375	7.966863434758151e-09
6170.0	1.1899513631487869e-08
6171.70751953125	1.2709247995893829e-08
6180.0	2.702481777820511e-09
6181.7099609375	6.38414081656257e-10
6190.0	5.744991210324787e-09
6191.712890625	6.800419457562351e-09
6200.0	4.478920953187215e-09
6201.71533203125	3.997673974708176e-09
6210.0	1.9440248566590942e-09
6211.71826171875	1.5185554383170735e-09
6220.0	2.8654003240991095e-10
6221.720703125	3.048980172769176e-11
6230.0	7.45735301795812e-09
6231.7236328125	9.004066560323502e-09
6240.0	1.0682100258125353e-08
6241.72607421875	1.1030552059066467e-08
6250.0	1.9310516000513228e-09
6251.72900390625	3.049413797045168e-11
6260.0	3.922491875706499e-09
6261.7314453125	4.7375130918786666e-09
6270.0	8.468713730026261e-10
6271.734375	3.051471553291268e-11
6280.0	5.329401845466704e-09
6281.73681640625	6.443199774423467e-09
6290.0	7.155243389766063e-09
6291.73974609375	7.304119057974741e-09
6300.0	8.037768446550695e-09
6301.7421875	8.193635783842443e-09
6310.0	4.730671139893065e-09
6311.7451171875	3.998604591807955e-09
6320.0	8.84189738048119e-09
6321.74755859375	9.867540201574753e-09
6330.0	1.1229592694155196e-08
6331.75048828125	1.1516869304377037e-08
6340.0	3.4548859640137418e-09
6341.7529296875	1.7429994499880747e-09
6350.0	5.495664230568925e-09
6351.755859375	6.294869153038886e-09
6360.0	3.4846631923601235e-09
6361.75830078125	2.885123801867636e-09
6370.0	5.292894578557431e-09
6371.76123046875	5.806697841222884e-09
6380.0	1.1582771972339219e-09
6381.763671875	1.6378356261405875e-10
6390.0	4.23337714341535e-09
6391.7666015625	5.106495907299484e-09
6400.0	2.323704536788143e-09
6401.76904296875	1.7256258857794894e-09
6410.0	9.340092543440372e-09
6411.77197265625	1.0978099701161313e-08
6420.0	4.166320583404785e-09
6421.7744140625	2.698614935980072e-09
6430.0	1.2295810930390811e-09
6431.77734375	9.120507078003366e-10
6440.0	1.0907993945816434e-09
6441.77978515625	1.1294905402188231e-09
6450.0	2.6863792508403685e-09
6451.78271484375	3.0235748941275223e-09
6460.0	9.066156028395579e-09
6461.78515625	1.0379380450661148e-08
6470.0	6.524050650263748e-09
6471.7880859375	5.684835910825568e-09
6480.0	1.0118149506316397e-08
6481.79052734375	1.1084796044926357e-08
6490.0	2.6137089872784926e-09
6491.79345703125	7.629476420648048e-10
6500.0	3.851257690800038e-09
6501.7958984375	4.5258979615662994e-09
6510.0	1.2158950715517303e-09
6511.798828125	4.913161277992153e-10
6520.0	9.623283651308782e-09
6521.80126953125	1.1623899219816872e-08
6530.0	4.8332062140713974e-09
6531.80419921875	3.343100521921866e-09
6540.0	8.573098191525826e-09
6541.806640625	9.724058002835484e-09
6550.0	1.1290282155852253e-08
6551.8095703125	1.1635609123501136e-08
6560.0	8.03894176828905e-09
6561.81201171875	7.24341422541324e-09
6570.0	7.564114196361905e-09
6571.81494140625	7.636192366669973e-09
6580.0	8.858064108205158e-09
6581.8173828125	9.128889715764792e-09
6590.0	1.6835041936544948e-09
6591.8203125	2.999256016570078e-11
6600.0	6.822637904689374e-10
6601.82275390625	8.273712268846736e-10
6610.0	7.0143987842673446e-09
6611.82568359375	8.393365955355473e-09
6620.0	1.0325635937163234e-08
6621.828125	1.0757025252191551e-08
6630.0	8.314348746274771e-09
6631.8310546875	7.76618019715263e-09
6640.0	1.2173561071436394e-08
6641.83349609375	1.3161892811001533e-08
6650.0	1.6984302791720255e-08
6651.83642578125	1.784200200204701e-08
6660.0	2.1484717599402795e-08
6661.8388671875	2.2299928242477665e-08
6670.0	2.536635504686251e-08
6671.841796875	2.606039443121123e-08
6680.0	1.975248805449802e-08
6681.84423828125	1.8329563752346343e-08
6690.0	2.9201484616100816e-08
6691.84716796875	3.1653471456291706e-08
6700.0	1.6411286110425047e-08
6701.849609375	1.2965792583868941e-08
6710.0	1.4440454120960862e-08
6711.8525390625	1.4774901647604233e-08
6720.0	1.7212251745645608e-08
6721.85498046875	1.77631141221503e-08
6730.0	1.779344492774348e-08
6731.85791015625	1.78031615723616e-08
6740.0	1.598883952407268e-08
6741.8603515625	1.5575175089029114e-08
6750.0	1.9674552125164046e-08
6751.86328125	2.060757924497092e-08
6760.0	2.016877286627249e-08
6761.86572265625	2.007166920929128e-08
6770.0	4.716226770009308e-08
6771.86865234375	5.3372033846293716e-08
6780.0	9.627428729214438e-08
6781.87109375	1.0610761274661278e-07
6790.0	3.0672637099824586e-07
6791.8740234375	3.528920728195573e-07
6800.0	8.346308787801864e-07
6801.87646484375	9.456304178527657e-07
6810.0	1.5942579272670325e-06
6811.87939453125	1.7437054742288906e-06
6820.0	2.4612171802813677e-06
6821.88232421875	2.6274499253861723e-06
6830.0	3.212262686344738e-06
6831.884765625	3.347890544570007e-06
6840.0	3.483414113472015e-06
6841.8876953125	3.5143007611858256e-06
6850.0	3.1714886192294967e-06
6851.89013671875	3.0923440385393164e-06
6860.0	2.5259910783147618e-06
6861.892578125	2.3936881769009686e-06
6870.0	1.724737179830222e-06
6871.8955078125	1.569036680771633e-06
6880.0	9.927483699113425e-07
6881.8984375	8.580215587447305e-07
6890.0	5.400193428632004e-07
6891.90087890625	4.6547715212880004e-07
6900.0	3.7208482919237095e-07
6901.90380859375	3.5025187654401986e-07
6910.0	2.999440956009051e-07
6911.90625	2.88122669917118e-07
6920.0	2.560705168493664e-07
6921.9091796875	2.484838420446861e-07
6930.0	2.2793716040512647e-07
6931.91162109375	2.2313310950641812e-07
6940.0	2.1556109300238622e-07
6941.91455078125	2.137365436204758e-07
6950.0	2.0944004993455926e-07
6951.9169921875	2.0845879748068686e-07
6960.0	1.969384069853758e-07
6961.919921875	1.942075264522044e-07
6970.0	1.9896014443103452e-07
6971.92236328125	2.000553517902429e-07
6980.0	1.981459861203803e-07
6981.92529296875	1.9772515965344764e-07
6990.0	2.043104098055398e-07
6991.927734375	2.0587935896563367e-07
7000.0	2.1368624457679482e-07
7001.9306640625	2.154687747587433e-07
7010.0	2.2123013957781015e-07
7011.93310546875	2.2264202509469805e-07
7020.0	2.3583538968347727e-07
7021.93603515625	2.3895189960028924e-07
7030.0	2.493516125265588e-07
7031.9384765625	2.518667222211309e-07
7040.0	2.4992120553550305e-07
7041.94140625	2.494540310587733e-07
7050.0	2.6783142175763275e-07
7051.94384765625	2.72202715797507e-07
7060.0	2.5553488127044786e-07
7061.94677734375	2.515664811511005e-07
7070.0	2.520073510797438e-07
7071.94921875	2.520706094475458e-07
7080.0	2.5093190001495976e-07
7081.9521484375	2.506991707242261e-07
7090.0	2.2021242698500678e-07
7091.95458984375	2.1279689730282306e-07
7100.0	2.043643212385016e-07
7101.95751953125	2.0235563320138244e-07
7110.0	1.6023736657780764e-07
7111.9599609375	1.5000798725755602e-07
7120.0	1.4468384165476656e-07
7121.962890625	1.433636346464779e-07
7130.0	1.1935237609376894e-07
7131.96533203125	1.1352533926481672e-07
7140.0	9.276663361068082e-08
7141.96826171875	8.768357165370923e-08
7150.0	7.057555363539846e-08
7151.970703125	6.640723292398445e-08
7160.0	6.96641433955553e-08
7161.9736328125	7.044974778697329e-08
7170.0	6.212320492815152e-08
7171.97607421875	6.009228741634989e-08
7180.0	5.526601066899007e-08
7181.97900390625	5.4079675303974645e-08
7190.0	4.864288668073813e-08
7191.98193359375	4.7295831141960754e-08
7200.0	4.823863414660825e-08
7201.984375	4.847932115941277e-08
7210.0	5.1882838242628184e-08
7211.9873046875	5.271453349873979e-08
7220.0	5.3509557377806395e-08
7221.98974609375	5.371541120948798e-08
7230.0	5.394524224155229e-08
7231.99267578125	5.398845082827593e-08
7240.0	5.862648746979973e-08
7241.9951171875	5.978700835268446e-08
7250.0	5.387746591623879e-08
7251.998046875	5.239881925579886e-08
7260.0	5.825887723764499e-08
7262.00048828125	5.972735718334768e-08
7270.0	6.703276397636472e-08
7272.00341796875	6.885524952122901e-08
7280.0	6.509838701551192e-08
7282.005859375	6.41481772173042e-08
7290.0	6.179174509004171e-08
7292.0087890625	6.121307193054089e-08
7300.0	5.064320696083577e-08
7302.01123046875	4.79846713559622e-08
7310.0	5.157403455249893e-08
7312.01416015625	5.24839423989821e-08
7320.0	5.413189454325131e-08
7322.0166015625	5.453667620156495e-08
7330.0	5.500455300333203e-08
7332.01953125	5.5132037763605035e-08
7340.0	5.9401615792717275e-08
7342.02197265625	6.046834607399096e-08
7350.0	5.946603900549016e-08
7352.02490234375	5.922325194696366e-08
7360.0	6.289275136692906e-08
7362.02734375	6.381046879580358e-08
7370.0	6.615887817414555e-08
7372.0302734375	6.67658627816761e-08
7380.0	7.04192020932478e-08
7382.03271484375	7.133451852732519e-08
7390.0	8.252309256434337e-08
7392.03564453125	8.538335998729813e-08
7400.0	8.556929599191439e-08
7402.0380859375	8.560118317746242e-08
7410.0	1.0061249963657807e-07
7412.041015625	1.0446093175901921e-07
7420.0	1.083413032889735e-07
7422.04345703125	1.0931380746280145e-07
7430.0	1.2295598138482572e-07
7432.04638671875	1.264840640177185e-07
7440.0	1.4135535904722785e-07
7442.04931640625	1.451477112932323e-07
7450.0	1.475871727504551e-07
7452.0517578125	1.4824065172325802e-07
7460.0	1.6177842333303012e-07
7462.0546875	1.6523584713907504e-07
7470.0	1.4646915283165976e-07
7472.05712890625	1.4165636492341457e-07
7480.0	1.4164909981917712e-07
7482.06005859375	1.4162139283133773e-07
7490.0	1.3014890094764534e-07
7492.0625	1.2720494971173043e-07
7500.0	1.151770181611516e-07
7502.0654296875	1.1202939478980743e-07
7510.0	1.0629674006259452e-07
7512.06787109375	1.048288578760955e-07
7520.0	8.848733441225979e-08
7522.07080078125	8.422142869267715e-08
7530.0	8.135780708215507e-08
7532.0732421875	8.062717491978375e-08
7540.0	7.680236071008703e-08
7542.076171875	7.57901572272309e-08
7550.0	7.308312000833824e-08
7552.07861328125	7.238941668168525e-08
7560.0	7.886199478227737e-08
7562.08154296875	8.054141653946796e-08
7570.0	7.553051100556628e-08
7572.083984375	7.42313658978995e-08
7580.0	7.744127533395517e-08
7582.0869140625	7.826964710936482e-08
7590.0	9.665640650048835e-08
7592.08984375	1.0150857703602352e-07
7600.0	1.086750268821361e-07
7602.09228515625	1.1054266819355751e-07
7610.0	1.3031659596879634e-07
7612.09521484375	1.3553122583311608e-07
7620.0	1.378674872672001e-07
7622.09765625	1.385100890203504e-07
7630.0	1.6585091007714044e-07
7632.1005859375	1.730179954887987e-07
7640.0	1.820156306894846e-07
7642.10302734375	1.844310243950952e-07
7650.0	1.8798532134242315e-07
7652.10595703125	1.8889241527147175e-07
7660.0	1.8046848817979288e-07
7662.1083984375	1.7826435542183173e-07
7670.0	1.8560094930123226e-07
7672.111328125	1.875181160104767e-07
7680.0	1.7590601488113387e-07
7682.11376953125	1.7284448452479696e-07
7690.0	1.3575630015960567e-07
7692.11669921875	1.2582625335707542e-07
7700.0	1.177518725516214e-07
7702.119140625	1.1559343332536176e-07
7710.0	1.0116422499410477e-07
7712.1220703125	9.731956426781342e-08
7720.0	1.00954834850018e-07
7722.12451171875	1.0191056567823808e-07
7730.0	8.926232381118637e-08
7732.12744140625	8.588153940076352e-08
7740.0	8.760724512107899e-08
7742.1298828125	8.805465877578937e-08
7750.0	8.188638796968922e-08
7752.1328125	8.023956340774951e-08
7760.0	7.649405216128166e-08
7762.13525390625	7.546777007270945e-08
7770.0	8.559537876212601e-08
7772.13818359375	8.833216478883412e-08
7780.0	8.286750144939206e-08
7782.140625	8.140362647033626e-08
7790.0	9.09889105417791e-08
7792.1435546875	9.35717118144175e-08
7800.0	9.254048129790473e-08
7802.14599609375	9.227785345106382e-08
7810.0	9.231902793962908e-08
7812.14892578125	9.231198502753783e-08
7820.0	1.0277123472147318e-07
7822.1513671875	1.0564032652934688e-07
7830.0	1.0627712351175944e-07
7832.154296875	1.0645167509657743e-07
7840.0	1.1710554238798459e-07
7842.1572265625	1.2001978635856718e-07
7850.0	1.1288746735477652e-07
7852.15966796875	1.1095451443176294e-07
7860.0	1.1320789418993597e-07
7862.16259765625	1.1380432319491877e-07
7870.0	1.110842545159911e-07
7872.1650390625	1.1035781570785367e-07
7880.0	1.0741394799627935e-07
7882.16796875	1.0658154327637118e-07
7890.0	9.865260105984112e-08
7892.17041015625	9.646605578333125e-08
7900.0	8.755071656416528e-08
7902.17333984375	8.510493913055988e-08
7910.0	8.366389947505114e-08
7912.17578125	8.324831871709209e-08
7920.0	8.047240690781657e-08
7922.1787109375	7.971879150237324e-08
7930.0	9.997894429205957e-08
7932.18115234375	1.0558417329348536e-07
7940.0	1.0421059098402746e-07
7942.18408203125	1.0382859614845249e-07
7950.0	1.0094711347011567e-07
7952.1865234375	1.001647256774609e-07
7960.0	8.620369924994788e-08
7962.189453125	8.22914301736971e-08
7970.0	1.0380301147833964e-07
7972.19189453125	1.0980887926384568e-07
7980.0	8.82838339645995e-08
7982.19482421875	8.22817508212527e-08
7990.0	7.93439892159088e-08
7992.19775390625	7.850715156501615e-08
8000.0	7.16769105088373e-08
8002.2001953125	6.975991797233327e-08
8010.0	8.912334322598795e-08
8012.203125	9.4549137954485e-08
8020.0	1.2569620542102542e-07
8022.20556640625	1.3445804571512594e-07
8030.0	1.7742149334813324e-07
8032.20849609375	1.8956903065637575e-07
8040.0	2.3943728106416117e-07
8042.2109375	2.534711891517962e-07
8050.0	3.016624608776717e-07
8052.2138671875	3.152824239373824e-07
8060.0	3.300802378598047e-07
8062.21630859375	3.343348978557577e-07
8070.0	3.3304770844681573e-07
8072.21923828125	3.326135646009124e-07
8080.0	3.028272913892794e-07
8082.2216796875	2.9436820770428557e-07
8090.0	2.714265262954878e-07
8092.224609375	2.649543125366205e-07
8100.0	2.0570120036819483e-07
8102.2275390625	1.8876675063762595e-07
8110.0	1.5370726309746908e-07
8112.22998046875	1.4370429939089448e-07
8120.0	1.0937365706075248e-07
8122.23291015625	9.958363135367544e-08
8130.0	8.462574355223807e-08
8132.2353515625	8.03245783203711e-08
8140.0	5.2196211597389e-08
8142.23828125	4.4133743989993677e-08
8150.0	3.202017990756224e-08
8152.24072265625	2.8548870151944494e-08
8160.0	3.4823857225137975e-08
8162.24365234375	3.662181378441159e-08
8170.0	2.2999648633656723e-08
8172.24609375	1.9077545154348985e-08
8180.0	2.8895988642210827e-08
8182.2490234375	3.173373196727759e-08
8190.0	9.362402803372631e-09
8192.251953125	2.8938731011972263e-09
8200.0	1.5465227510414467e-08
8202.25390625	1.9101397427130192e-08
8210.0	6.631735355295989e-09
8212.2568359375	3.0200465567938447e-09
8220.0	1.3190768351262122e-08
8222.259765625	1.6141251264838012e-08
8230.0	9.776686515072756e-09
8232.2626953125	7.92784797867958e-09
8240.0	8.969179637775843e-09
8242.2646484375	9.274278026622206e-09
8250.0	6.634878312632727e-09
8252.267578125	5.8632194614897205e-09
8260.0	1.2301871254377742e-08
8262.2705078125	1.4182493015735557e-08
8270.0	7.456740768247511e-09
8272.2734375	5.490065216619435e-09
8280.0	8.100080205523223e-09
8282.2763671875	8.86376489714188e-09
8290.0	7.690415230526973e-09
8292.2783203125	7.3460904710201565e-09
8300.0	3.8786262281689685e-09
8302.28125	2.8596658101937034e-09
8310.0	2.269082906285022e-09
8312.2841796875	2.0956817822069878e-09
8320.0	1.2367968313562543e-08
8322.287109375	1.5395935667977018e-08
8330.0	3.5201725761923886e-09
8332.2890625	1.468934460274672e-11
8340.0	1.462778565654555e-11
8342.2919921875	1.4612605223270516e-11
8350.0	5.16840080936296e-09
8352.294921875	6.694434825933037e-09
8360.0	8.159404102317856e-09
8362.2978515625	8.593846189938509e-09
8370.0	8.379953978129624e-09
8372.2998046875	8.316382229973536e-09
8380.0	7.4027694723218554e-09
8382.302734375	7.1325541421017695e-09
8390.0	1.1892634754511103e-08
8392.3056640625	1.3308948920455507e-08
8400.0	1.2508173213948302e-08
8402.30859375	1.2271199198759348e-08
8410.0	3.4028738485820613e-09
8412.310546875	7.519743075361936e-10
8420.0	1.0872216533461271e-08
8422.3134765625	1.3901798654247659e-08
8430.0	7.013099787601076e-09
8432.31640625	4.948427577079537e-09
8440.0	6.926725067162584e-09
8442.3193359375	7.521423679097388e-09
8450.0	4.00031776088973e-09
8452.322265625	2.9406786709345614e-09
8460.0	1.0559643717325047e-08
8462.32421875	1.285588577090896e-08
8470.0	8.627408908309846e-09
8472.3271484375	7.350689177100043e-09
8480.0	2.1145295418483423e-09
8482.330078125	5.31042320197546e-10
8490.0	2.571162632570204e-09
8492.3330078125	3.189825717129186e-09
8500.0	4.0979459456184316e-07
8502.3349609375	5.329509613074786e-07
8510.0	1.2405231273543741e-07
8512.337890625	1.3516518201310962e-11
8520.0	1.345993492868092e-11
8522.3408203125	1.3442654290786828e-11
8530.0	3.5832772588269654e-07
8532.34375	4.6747085486041587e-07
8540.0	1.3039755421417418e-07
8542.3466796875	2.755174943771786e-08
8550.0	1.1965193054112313e-06
8552.3486328125	1.553234408161523e-06
8560.0	9.162714656444319e-07
8562.3515625	7.216020035468373e-07
8570.0	4.047781251435982e-07
8572.3544921875	3.078662860030738e-07
8580.0	8.680634364991861e-07
8582.357421875	1.0397288253373671e-06
8590.0	2.4419054945511504e-07
8592.359375	1.2945519636520767e-11
8600.0	1.2887890783159038e-11
8602.3623046875	1.2870053497601436e-11
8610.0	4.4721489397700444e-07
8612.365234375	5.850164763515511e-07
8620.0	1.8565121786402272e-06
8622.3681640625	2.2484188415518415e-06
8630.0	6.871793504582881e-07
8632.3701171875	2.0531652962742734e-07
8640.0	4.8568502153497745e-08
8642.373046875	1.2609537862492457e-11
8650.0	1.2570326855649541e-11
8652.3759765625	1.2558046091452204e-11
8660.0	1.2518445518512368e-11
8662.37890625	1.2508864395858613e-11
8670.0	9.656786783915421e-07
8672.3818359375	1.266204629382022e-06
8680.0	1.486485657396623e-06
8682.3837890625	1.5551063774027162e-06
8690.0	1.2206789185332066e-06
8692.38671875	1.1163190437251175e-06
8700.0	1.2517083899871515e-06
8702.3896484375	1.2940057977942192e-06
8710.0	4.564836364130147e-07
8712.392578125	1.943883857153598e-07
8720.0	7.305375541052939e-07
8722.39453125	8.984865355132808e-07
8730.0	2.2616447825365222e-07
8732.3974609375	1.519388775977766e-08
8740.0	5.992464802703473e-07
8742.400390625	7.827933985013417e-07
8750.0	1.1541044423340036e-06
8752.4033203125	1.2709659049058198e-06
8760.0	6.410354161645919e-07
8762.4052734375	4.4262927755894996e-07
8770.0	1.0625947766140181e-07
8772.408203125	1.1934376127220353e-11
8780.0	4.36728078973082e-07
8782.4111328125	5.747449001379952e-07
8790.0	8.719647344063598e-07
8792.4140625	9.66033447497294e-07
8800.0	7.526517290464604e-07
8802.416015625	6.848099371746929e-07
8810.0	7.55212035076424e-07
8812.4189453125	7.776942246219696e-07
8820.0	1.2231358981657675e-06
8822.421875	1.3643227739785508e-06
8830.0	8.139388982785642e-07
8832.4248046875	6.392228651080526e-07
8840.0	1.087904656110344e-06
8842.427734375	1.2309714136979781e-06
8850.0	7.664012330530231e-07
8852.4296875	6.18079673272462e-07
8860.0	1.200616850516896e-06
8862.4326171875	1.3868316312461449e-06
8870.0	1.4243621094752966e-06
8872.435546875	1.4366976093930742e-06
8880.0	1.5672710515619847e-06
8882.4384765625	1.6087828028369186e-06
8890.0	1.2103223454326629e-06
8892.4404296875	1.082395937702298e-06
8900.0	1.7785034831869777e-06
8902.443359375	2.0022440935661876e-06
8910.0	2.0203733915554316e-06
8912.4462890625	2.026181158712841e-06
8920.0	1.7959556626721407e-06
8922.44921875	1.7217009500627503e-06
8930.0	1.7843949593527518e-06
8932.4521484375	1.8046124639361885e-06
8940.0	2.588467482169729e-06
8942.4541015625	2.8424910321411724e-06
8950.0	2.8469563670711726e-06
8952.45703125	2.8476835686810157e-06
8960.0	3.113620566817128e-06
8962.4599609375	3.1997861312238886e-06
8970.0	3.043430930681543e-06
8972.462890625	2.9926262156266878e-06
8980.0	3.332256801854956e-06
8982.46484375	3.4425972765756645e-06
8990.0	3.618673213212869e-06
8992.4677734375	3.6759221829428832e-06
9000.0	4.297348980666665e-06
9002.470703125	4.498431506070046e-06
9010.0	4.830460476990919e-06
9012.4736328125	4.939833776234191e-06
9020.0	5.537976823356673e-06
9022.4765625	5.731999806276948e-06
9030.0	6.013107287801142e-06
9032.478515625	6.105842719677411e-06
9040.0	6.548953859343344e-06
9042.4814453125	6.6939809793774035e-06
9050.0	7.80205522840136e-06
9052.484375	8.16537647025278e-06
9060.0	9.146672235764645e-06
9062.4873046875	9.468864737455868e-06
9070.0	1.0754835161999362e-05
9072.4892578125	1.1177536427171129e-05
9080.0	3.5517323521417425e-05
9090.0	6.755157056815891e-05
9100.0	9.904598289771238e-05
9110.0	0.0001300314077076535
9120.0	0.00016050452538223138
9130.0	0.00019046082763062258
9140.0	0.0002198965611204449
9150.0	0.0002488075939067578
9160.0	0.0002771894590958813
9170.0	0.00030503788769132884
9180.0	0.0003323485061206467
9190.0	0.0003594734036217346
9200.0	0.00038572106797984636
9210.0	0.0004111509416557112
9220.0	0.0004359919121042665
9230.0	0.0004602404629799038
9240.0	0.00048410199863924765
9250.0	0.0005073829860629782
9256.5390625	0.0005222908132697432
9258.5400390625	0.0004154641281002279
9260.0	0.0005059242411793761
9260.5400390625	0.000539317271749288
9262.541015625	0.000727629449664082
9264.5419921875	0.0008283323437115449
9266.5419921875	0.0008576061870338419
9268.54296875	0.0006749917065084016
9270.0	0.0008215477400627865
9270.54296875	0.0008760494763914876
9272.5439453125	0.0007208038689998606
9274.5439453125	0.0007792312948275973
9276.544921875	0.0007266531390174245
9278.544921875	0.0005764750152604097
9280.0	0.0005907459711438807
9280.5458984375	0.000596088101586798
9282.546875	0.0010041471984982683
9284.546875	0.0008425772311708193
9286.5478515625	0.0010160846706200875
9288.5478515625	0.000977592842985167
9290.0	0.001250427626316998
9290.548828125	0.001353323406606615
9292.548828125	0.0010871889657652197
9294.5498046875	0.001227048083483571
9296.5498046875	0.0015923153145940715
9298.55078125	0.0016472343531666984
9300.0	0.001702853444360212
9300.5517578125	0.0017240767489332307
9302.5517578125	0.0024618143916801363
9304.552734375	0.002676461331337534
9306.552734375	0.0035298034012763435
9308.5537109375	0.00420646389287532
9310.0	0.00470421124981762
9310.5537109375	0.0048941171055938175
9312.5546875	0.006193878673578902
9314.5546875	0.007783994505788933
9316.5556640625	0.010092195697540692
9318.556640625	0.012576202923997266
9320.0	0.015241023919484356
9320.556640625	0.016266420021806588
9322.5576171875	0.019881777433032145
9324.5576171875	0.026317158931355365
9326.55859375	0.032358342879343874
9328.55859375	0.04083578616454081
9330.0	0.04634586748711065
9330.5595703125	0.048480032815574586
9332.5595703125	0.05614694793848682
9334.560546875	0.062255042103159366
9336.5615234375	0.06626249165051079
9338.5615234375	0.0685450348147581
9340.0	0.06877400687797619
9340.5625	0.06886322107161184
9342.5625	0.06846311278847801
9344.5634765625	0.06691493832186557
9346.5634765625	0.06505281389441087
9348.564453125	0.06400930394030067
9350.0	0.06266022010918408
9350.564453125	0.06213089447605457
9352.5654296875	0.06139751783660415
9354.5654296875	0.06064961295732802
9356.56640625	0.06078437204187773
9358.5673828125	0.06096626376900821
9360.0	0.061357955723440494
9360.5673828125	0.06151260705883236
9362.568359375	0.062002651130375834
9364.568359375	0.06332238957583891
9366.5693359375	0.06404840956094202
9368.5693359375	0.06515543571198834
9370.0	0.06565966798999562
9370.5703125	0.06586004868330157
9372.5703125	0.06682883287180998
9374.5712890625	0.06723827754299341
9376.572265625	0.0675548534511065
9378.572265625	0.06786701510319636
9380.0	0.06780969275734487
9380.5732421875	0.06778659912486304
9382.5732421875	0.0674644092909482
9384.57421875	0.06685760708745046
9386.57421875	0.06622515685498694
9388.5751953125	0.06563056309079109
9390.0	0.06523767827062764
9390.576171875	0.06507906586261292
9392.576171875	0.06510687632561124
9394.5771484375	0.0644745336038393
9396.5771484375	0.06414737792431821
9398.578125	0.06390168616784563
9400.0	0.06387757059896769
9400.578125	0.06386377649654873
9402.5791015625	0.06304871698158866
9404.5791015625	0.06217985029170626
9406.580078125	0.06024199210810929
9408.5810546875	0.058528465063517256
9410.0	0.05583479310634557
9410.5810546875	0.0547347020192629
9412.58203125	0.05058793381125489
9414.58203125	0.04527563837961559
9416.5830078125	0.03978287218363365
9418.5830078125	0.03435169063950584
9420.0	0.030241750546573222
9420.583984375	0.02855269778724542
9422.583984375	0.02347663622112341
9424.5849609375	0.018970565533847922
9426.5849609375	0.016023336717308267
9428.5859375	0.01244135689747489
9430.0	0.01107999094395562
9430.5869140625	0.010516972743520701
9432.5869140625	0.008153564351397554
9434.587890625	0.006775436570101232
9436.587890625	0.005369712795741037
9438.5888671875	0.004288598041621058
9440.0	0.0037624363800687413
9440.5888671875	0.0035434808530921125
9442.58984375	0.00305177056763802
9444.58984375	0.002773337990747639
9446.5908203125	0.0022569413629186094
9448.591796875	0.0018812600031892655
9450.0	0.0017093433626399295
9450.591796875	0.0016372992068935074
9452.5927734375	0.0013513755040836831
9454.5927734375	0.001127760443228692
9456.59375	0.0011431366385839703
9458.59375	0.0010287224153731178
9460.0	0.0009577510831381789
9460.5947265625	0.000927821665638938
9462.5947265625	0.0009220356478128936
9464.595703125	0.0008500866075339948
9466.5966796875	0.0007722391663181975
9468.5966796875	0.0007688137572089079
9470.0	0.0007616878841850946
9480.0	0.0007115538680303556
9490.0	0.000662554639572273
9500.0	0.0006146995648215321
9510.0	0.0005716017108749881
9520.0	0.0005292093721354909
9530.0	0.0004875298578645532
9540.0	0.00044656745083562923
9550.0	0.0004063279727380447
9560.0	0.00036681722840449076
9570.0	0.000328041075778919
9580.0	0.00029000487074039115
9590.0	0.0002527149513415181
9600.0	0.00021617647015142362
9610.0	0.00018051617489967377
9620.0	0.000145271678661623
9630.0	0.00011100816071759324
9640.0	7.75416458382273e-05
9650.0	4.48813459441398e-05
9660.0	1.3032511057236047e-05
9662.6494140625	4.731002075377006e-06
9670.0	3.866964989984567e-06
9672.65234375	3.559080855613921e-06
9680.0	3.0452199754224067e-06
9682.6552734375	2.8618351038117102e-06
9690.0	2.5823860166309037e-06
9692.6572265625	2.4825118519525765e-06
9700.0	2.126082124262895e-06
9702.66015625	1.9986155428151486e-06
9710.0	1.8471771069595668e-06
9712.6630859375	1.7928915559899047e-06
9720.0	1.6443193590277447e-06
9722.666015625	1.5910018516809649e-06
9730.0	1.4431510513560435e-06
9732.66796875	1.390056751470225e-06
9740.0	1.2845081734231741e-06
9742.6708984375	1.2465429355322379e-06
9750.0	1.1589835237528087e-06
9752.673828125	1.1274420730849716e-06
9760.0	1.0709529230565498e-06
9762.6767578125	1.0505536676932403e-06
9770.0	1.0112197309806566e-06
9772.6796875	9.969758788833134e-07
9780.0	9.497991751699148e-07
9782.681640625	9.327191458859693e-07
9790.0	7.954885438731567e-07
9792.6845703125	7.459096297164164e-07
9800.0	7.757808782082151e-07
9802.6875	7.86381444026459e-07
9810.0	7.266572194284229e-07
9812.6904296875	7.050045174192246e-07
9820.0	6.844989216558979e-07
9822.6923828125	6.77016282145411e-07
9830.0	6.27882024841168e-07
9832.6953125	6.100950164094647e-07
9840.0	6.072891688143128e-07
9842.6982421875	6.062096693115909e-07
9850.0	6.07899186923752e-07
9852.701171875	6.084471915291174e-07
9860.0	6.095317744125334e-07
9862.703125	6.098580133452378e-07
9870.0	5.65360003854158e-07
9872.7060546875	5.491166363898635e-07
9880.0	5.168082965556074e-07
9882.708984375	5.049875742258022e-07
9890.0	4.5839438064020897e-07
9892.7119140625	4.4136267756188275e-07
9900.0	4.464954491075038e-07
9902.71484375	4.481778702171805e-07
9910.0	4.1710550769812997e-07
9912.716796875	4.0583732013972915e-07
9920.0	3.6323763467235433e-07
9922.7197265625	3.4762909954287476e-07
9930.0	3.169561112840993e-07
9932.72265625	3.0569700728257383e-07
9940.0	2.9492743777053717e-07
9942.7255859375	2.90940425743674e-07
9950.0	2.836883896004395e-07
9952.7275390625	2.8098592769061103e-07
9960.0	2.472080948597702e-07
9962.73046875	2.3479360158503413e-07
9970.0	2.3499958598095733e-07
9972.7333984375	2.350307834960848e-07
9980.0	2.0884622288073144e-07
9982.736328125	1.9920050773748165e-07
9990.0	1.5646183169137443e-07
9992.7392578125	1.4074215234424986e-07
10000.0	1.6115432584885214e-07
10002.7412109375	1.6880260743531518e-07
10010.0	1.2868608396647105e-07
10012.744140625	1.1386582084332587e-07
10020.0	1.1443383434559435e-07
10022.7470703125	1.146234800677395e-07
10030.0	9.391508612907448e-08
10032.75	8.622016063979896e-08
10040.0	8.289603623893698e-08
10042.751953125	8.167617083388916e-08
10050.0	7.678926920553756e-08
10052.7548828125	7.496594841869071e-08
10060.0	6.132952014286696e-08
10062.7578125	5.6268708848359625e-08
10070.0	5.9347866377928744e-08
10072.759765625	6.047444396973228e-08
10080.0	4.294655058768247e-08
10082.7626953125	3.644302125869871e-08
10090.0	2.731006461462192e-08
10092.765625	2.3917882732926282e-08
10100.0	2.345209618493127e-08
10102.7685546875	2.3272966397511422e-08
10110.0	2.5872946595487464e-08
10112.771484375	2.6830065228313307e-08
10120.0	3.266628356698558e-08
10122.7744140625	3.481172073383416e-08
10130.0	1.1519355990818e-08
10132.77734375	2.8780682044024476e-09
10140.0	1.3843291077555374e-08
10142.779296875	1.7908921724332902e-08
10150.0	1.525124835861189e-08
10152.7822265625	1.4258853216093945e-08
10160.0	1.3406799374288599e-08
10162.78515625	1.3084973761642848e-08
10170.0	6.346806615352338e-09
10172.7880859375	3.842724120717013e-09
10180.0	2.9444520202780373e-09
10182.7900390625	2.609774214330275e-09
10190.0	1.2734571894682615e-08
10192.79296875	1.648243455797042e-08
10200.0	1.231049916383466e-08
10202.7958984375	1.0815251023702786e-08
10210.0	3.4699077250735e-09
10212.7978515625	6.942172695707537e-10
10220.0	9.807118087937122e-09
10222.80078125	1.3254069700035936e-08
10230.0	3.6423936137644576e-09
10232.8037109375	1.2933298088629866e-12
10240.0	8.541363633433416e-09
10242.806640625	1.1776049884025606e-08
10250.0	7.302566494754064e-09
10252.80859375	5.60491530967733e-09
10260.0	4.506470970566109e-09
10262.8115234375	4.088718225933802e-09
10270.0	1.1260626349724495e-09
10272.8154296875	1.146969966530594e-12
10280.0	6.001150329328351e-09
10282.8173828125	8.277587499376616e-09
10290.0	8.592451256426523e-09
10292.8203125	8.709395915849312e-09
10300.0	5.34125853941288e-09
10302.8232421875	4.059888533549416e-09
10310.0	4.751626642846939e-09
10312.826171875	5.012828171615184e-09
10320.0	5.349692897778772e-09
10322.828125	5.475666889167176e-09
10330.0	1.50868334022601e-09
10332.8310546875	9.282386764322557e-13
10340.0	6.475031672100886e-11
10342.833984375	8.894011546517403e-11
10350.0	2.352680883322141e-09
10352.8359375	3.2111790742539507e-09
10360.0	6.299800748896891e-09
10362.8388671875	7.468860319264357e-09
10370.0	3.977176608857199e-09
10372.841796875	2.650251877579209e-09
10380.0	1.9881531802479343e-09
10382.84375	1.7359851538049897e-09
10390.0	5.431123338152358e-09
10392.8466796875	6.826655751210859e-09
10400.0	3.642831691136106e-09
10402.849609375	2.4528772105876954e-09
10410.0	6.3041337822758134e-09
10412.8525390625	7.79826253708366e-09
10420.0	2.3551311704649023e-09
10422.85546875	2.4065181605911504e-10
10430.0	2.3770298320761194e-09
10432.8583984375	3.2067190921346076e-09
10440.0	8.984280262937077e-10
10442.861328125	6.056723371933792e-13
10450.0	2.2013262460680755e-09
10452.86328125	3.055699162732975e-09
10460.0	8.557846181556162e-10
10462.8662109375	5.683445464999917e-13
10470.0	1.9302109577302663e-09
10472.869140625	2.6807572183447146e-09
10480.0	8.615686182261562e-10
10482.8720703125	1.5290296296203354e-10
10490.0	2.4051660119544666e-10
10492.8740234375	2.7455057447582405e-10
10500.0	2.4686198171250136e-09
10502.876953125	3.3210326783075864e-09
10510.0	9.307306797602707e-10
10512.8798828125	4.766540036114032e-13
10520.0	3.1602700601631326e-09
10522.8818359375	4.389220971752901e-09
10530.0	3.2261750658327814e-09
10532.884765625	2.771971443121977e-09
10540.0	1.2140246998524777e-09
10542.8876953125	6.070834194924394e-10
10550.0	5.504128103412511e-10
10552.890625	5.278933734643029e-10
10560.0	1.4798785096027783e-10
10562.892578125	3.8585330167427576e-13
10570.0	2.4328823227892112e-09
10572.896484375	3.376483889486125e-09
10580.0	1.2746854032556942e-09
10582.8994140625	4.5773242087698366e-10
10590.0	4.127275562423276e-10
10592.9013671875	3.9495894122349177e-10
10600.0	2.42680166146364e-09
10602.904296875	3.24119582610865e-09
10610.0	2.1446703805142775e-09
10612.9072265625	1.706625936347965e-09
10620.0	4.883315723155252e-10
10622.91015625	3.0207304641128715e-13
10630.0	2.9685351102753925e-13
10632.912109375	2.947116273092718e-13
10640.0	4.3282578641600917e-11
10642.9150390625	6.049297334002743e-11
10650.0	3.3673017780109317e-10
10652.91796875	4.475528865298042e-10
10660.0	1.2843161240791728e-10
10662.919921875	2.723872098031012e-13
10670.0	8.25325309735878e-10
10672.9228515625	1.1566329101238398e-09
10680.0	1.7333763081465095e-09
10682.92578125	1.964879767407842e-09
10690.0	5.639887106137222e-10
10692.9287109375	2.504458673794031e-13
10700.0	2.451108338901218e-13
10702.9306640625	2.429886074804592e-13
10710.0	1.2140843482867317e-09
10712.93359375	1.7024888952453917e-09
10720.0	8.061473036933374e-10
10722.9365234375	4.4485089929422603e-10
10730.0	1.2977655585429122e-10
10732.939453125	2.7547537475233715e-12
10740.0	1.2702951072877248e-09
10742.9423828125	1.780969046715301e-09
10750.0	2.0953730004598228e-09
10752.9453125	2.221495183542344e-09
10760.0	6.389126603720315e-10
10762.9482421875	1.9955680559770042e-13
10770.0	1.94521402073862e-13
10772.9501953125	1.92348966912838e-13
10780.0	7.951293530875501e-10
10782.953125	1.115469771046909e-09
10790.0	2.164812423550436e-09
10792.9560546875	2.587156646449527e-09
10800.0	1.4968799514208216e-09
10802.9580078125	1.0597119920208902e-09
10810.0	1.0245683841050717e-09
10812.9609375	1.0096012701099186e-09
10820.0	2.9223086243693735e-10
10822.9638671875	1.6048900177927215e-13
10830.0	8.406567765323382e-10
10832.966796875	1.183014951853294e-09
10840.0	8.819947181434865e-10
10842.96875	7.587092806534497e-10
10850.0	8.753868341063503e-10
10852.9716796875	9.228920220409265e-10
10860.0	6.792298313527294e-10
10862.974609375	5.79612469413723e-10
10870.0	8.893036269576638e-10
10872.9765625	1.0151565396725183e-09
10880.0	1.2031804889719242e-09
10882.98046875	1.2788093018210237e-09
10890.0	1.3815524940692145e-09
10892.9833984375	1.4231895669503762e-09
10900.0	1.1112820517756277e-09
10902.986328125	9.835759953033113e-10
10910.0	5.826000425395302e-10
10912.98828125	4.1898953113152946e-10
10920.0	1.5904894748096414e-10
10922.9912109375	5.317085002543112e-11
10930.0	1.5434287506424478e-11
10932.994140625	1.0210822252355825e-13
10940.0	4.0619889136891626e-10
10942.99609375	5.707236659458491e-10
10950.0	1.0438566732784714e-09
10952.9990234375	1.2342570042916832e-09
10960.0	7.288415423299381e-10
10963.001953125	5.240555537136099e-10
10970.0	4.1776510846037863e-10
10973.0048828125	3.7438789969221854e-10
10980.0	1.4765882304814182e-10
10983.0068359375	5.6158185947044236e-11
10990.0	1.0185923093834374e-10
10993.009765625	1.2007169765844145e-10
11000.0	2.0818869025616598e-10
11003.0126953125	2.450390912126393e-10
11006.0263671875	0.0
