# WAVELENGTH THROUGHPUT
500.0 0.0
998.0 0.0
999.0 0.0
1000.0 0.0
1010.0 0.0
1020.0 0.0
1030.0 0.0
1040.0 0.0
1050.0 0.0
1060.0 0.0
1070.0 0.0
1080.0 0.0
1090.0 0.0
1100.0 0.0
1110.0 0.0
1120.0 0.0
1130.0 0.0
1140.0 0.0
1150.0 0.0
1160.0 0.0
1170.0 0.0
1180.0 0.0
1190.0 0.0
1200.0 0.0
1210.0 0.0
1220.0 0.0
1230.0 0.0
1240.0 0.0
1250.0 0.0
1260.0 0.0
1270.0 0.0
1280.0 0.0
1290.0 0.0
1300.0 0.0
1310.0 0.0
1320.0 0.0
1330.0 0.0
1340.0 0.0
1350.0 0.0
1360.0 0.0
1370.0 0.0
1380.0 0.0
1390.0 0.0
1400.0 0.0
1410.0 0.0
1420.0 0.0
1430.0 0.0
1440.0 0.0
1450.0 0.0
1460.0 0.0
1470.0 0.0
1480.0 0.0
1490.0 0.0
1500.0 0.0
1510.0 0.0
1520.0 0.0
1530.0 0.0
1540.0 0.0
1550.0 0.0
1560.0 0.0
1570.0 0.0
1580.0 0.0
1590.0 0.0
1600.0 0.0
1610.0 0.0
1620.0 0.0
1630.0 0.0
1640.0 0.0
1650.0 0.0
1660.0 0.0
1670.0 0.0
1680.0 0.0
1690.0 0.0
1700.0 0.0
1710.0 0.0
1720.0 0.0
1730.0 0.0
1740.0 0.0
1750.0 0.0
1760.0 0.0
1770.0 0.0
1780.0 0.0
1790.0 0.0
1800.0 0.0
1810.0 0.0
1820.0 0.0
1830.0 0.0
1840.0 0.0
1850.0 0.0
1860.0 0.0
1870.0 0.0
1880.0 0.0
1890.0 0.0
1900.0 0.0
1910.0 0.0
1920.0 0.0
1930.0 0.0
1940.0 0.0
1950.0 0.0
1960.0 0.0
1970.0 0.0
1980.0 0.0
1988.0 0.0
1989.0 0.0
1990.0 0.0
2000.0 0.0
2010.0 0.0
2020.0 0.0
2030.0 0.0
2040.0 0.0
2050.0 0.0
2060.0 0.0
2070.0 0.0
2080.0 0.0
2090.0 0.0
2100.0 0.0
2110.0 0.0
2120.0 0.0
2130.0 0.0
2140.0 0.0
2150.0 0.0
2160.0 0.0
2170.0 0.0
2180.0 0.0
2190.0 0.0
2200.0 0.0
2210.0 0.0
2220.0 0.0
2230.0 0.0
2240.0 0.0
2250.0 0.0
2260.0 0.0
2270.0 0.0
2280.0 0.0
2290.0 0.0
2300.0 0.0
2310.0 0.0
2320.0 0.0
2330.0 0.0
2340.0 0.0
2350.0 0.0
2360.0 0.0
2370.0 0.0
2380.0 0.0
2390.0 0.0
2400.0 0.0
2410.0 0.0
2420.0 0.0
2430.0 0.0
2440.0 0.0
2450.0 0.0
2460.0 0.0
2470.0 0.0
2480.0 0.0
2490.0 0.0
2500.0 0.0
2510.0 0.0
2520.0 0.0
2530.0 0.0
2540.0 0.0
2550.0 0.0
2560.0 0.0
2570.0 0.0
2580.0 0.0
2590.0 0.0
2600.0 0.0
2610.0 0.0
2620.0 0.0
2630.0 0.0
2640.0 0.0
2650.0 0.0
2660.0 0.0
2670.0 0.0
2680.0 0.0
2690.0 0.0
2700.0 0.0
2710.0 0.0
2720.0 0.0
2730.0 0.0
2740.0 0.0
2750.0 0.0
2760.0 0.0
2770.0 0.0
2780.0 0.0
2790.0 0.0
2800.0 0.0
2810.0 0.0
2820.0 0.0
2830.0 0.0
2840.0 0.0
2850.0 0.0
2860.0 0.0
2870.0 0.0
2880.0 0.0
2890.0 0.0
2900.0 0.0
2910.0 0.0
2920.0 0.0
2930.0 0.0
2940.0 0.0
2950.0 0.0
2960.0 0.0
2970.0 0.0
2980.0 0.0
2990.0 0.0
3000.0 0.0
3010.0 0.0
3020.0 0.0
3030.0 0.0
3040.0 0.0
3050.0 0.0
3060.0 0.0
3070.0 0.0
3080.0 0.0
3090.0 0.0
3100.0 0.0
3110.0 0.0
3120.0 0.0
3130.0 0.0
3140.0 0.0
3150.0 0.0
3160.0 0.0
3170.0 0.0
3180.0 0.0
3190.0 0.0
3200.0 0.0
3210.0 0.0
3220.0 0.0
3230.0 0.0
3240.0 0.0
3250.0 0.0
3260.0 0.0
3270.0 0.0
3280.0 0.0
3290.0 0.0
3300.0 0.0
3310.0 0.0
3320.0 0.0
3330.0 0.0
3340.0 0.0
3350.0 0.0
3360.0 0.0
3370.0 0.0
3380.0 0.0
3390.0 0.0
3400.0 0.0
3410.0 0.0
3420.0 0.0
3430.0 0.0
3440.0 0.0
3450.0 0.0
3460.0 0.0
3470.0 0.0
3480.0 0.0
3490.0 0.0
3500.0 0.0
3510.0 0.0
3520.0 0.0
3530.0 0.0
3540.0 0.0
3550.0 0.0
3560.0 0.0
3570.0 0.0
3580.0 0.0
3590.0 0.0
3600.0 0.0
3610.0 0.0
3620.0 0.0
3630.0 0.0
3640.0 0.0
3650.0 0.0
3660.0 0.0
3670.0 0.0
3680.0 0.0
3690.0 0.0
3700.0 0.0
3710.0 0.0
3720.0 0.0
3730.0 0.0
3740.0 0.0
3750.0 0.0
3760.0 0.0
3770.0 0.0
3780.0 0.0
3790.0 0.0
3800.0 0.0
3810.0 0.0
3820.0 0.0
3830.0 0.0
3840.0 0.0
3850.0 0.0
3860.0 0.0
3870.0 0.0
3880.0 0.0
3890.0 0.0
3900.0 0.0
3910.0 0.0
3920.0 0.0
3930.0 0.0
3940.0 0.0
3950.0 0.0
3960.0 0.0
3970.0 0.0
3980.0 0.0
3990.0 0.0
3998.0 0.0
3999.0 0.0
4000.0 0.0
4010.0 0.0
4020.0 0.0
4030.0 0.0
4040.0 0.0
4050.0 0.0
4060.0 0.0
4070.0 0.0
4080.0 0.0
4090.0 0.0
4100.0 0.0
4110.0 0.0
4120.0 0.0
4130.0 0.0
4140.0 0.0
4150.0 0.0
4160.0 0.0
4170.0 0.0
4180.0 0.0
4190.0 0.0
4200.0 0.0
4210.0 0.0
4220.0 0.0
4230.0 0.0
4240.0 0.0
4250.0 0.0
4260.0 0.0
4270.0 0.0
4280.0 0.0
4290.0 0.0
4300.0 0.0
4310.0 0.0
4320.0 0.0
4330.0 0.0
4340.0 0.0
4350.0 0.0
4360.0 0.0
4370.0 0.0
4380.0 0.0
4390.0 0.0
4400.0 0.0
4410.0 0.0
4420.0 0.0
4430.0 0.0
4440.0 0.0
4450.0 0.0
4460.0 0.0
4470.0 0.0
4480.0 0.0
4490.0 0.0
4500.0 0.0
4510.0 0.0
4520.0 0.0
4530.0 0.0
4540.0 0.0
4550.0 0.0
4560.0 0.0
4570.0 0.0
4580.0 0.0
4590.0 0.0
4600.0 0.0
4610.0 0.0
4620.0 0.0
4630.0 0.0
4640.0 0.0
4650.0 0.0
4660.0 0.0
4670.0 0.0
4680.0 0.0
4690.0 0.0
4700.0 0.0
4710.0 0.0
4720.0 0.0
4730.0 0.0
4740.0 0.0
4750.0 0.0
4760.0 0.0
4770.0 0.0
4780.0 0.0
4790.0 0.0
4800.0 0.0
4810.0 0.0
4820.0 0.0
4830.0 0.0
4840.0 0.0
4850.0 0.0
4860.0 0.0
4870.0 0.0
4880.0 0.0
4890.0 0.0
4900.0 0.0
4910.0 0.0
4920.0 0.0
4930.0 0.0
4940.0 0.0
4950.0 0.0
4960.0 0.0
4970.0 0.0
4980.0 0.0
4990.0 0.0
5000.0 0.0
5010.0 0.0
5020.0 0.0
5030.0 0.0
5040.0 0.0
5050.0 0.0
5060.0 0.0
5070.0 0.0
5080.0 0.0
5090.0 0.0
5100.0 0.0
5110.0 0.0
5120.0 0.0
5130.0 0.0
5140.0 0.0
5150.0 0.0
5160.0 0.0
5170.0 0.0
5180.0 0.0
5190.0 0.0
5200.0 0.0
5210.0 0.0
5220.0 0.0
5230.0 0.0
5240.0 0.0
5250.0 0.0
5260.0 0.0
5270.0 0.0
5280.0 0.0
5290.0 0.0
5300.0 0.0
5310.0 0.0
5320.0 0.0
5330.0 0.0
5340.0 0.0
5350.0 0.0
5360.0 0.0
5370.0 0.0
5380.0 0.0
5390.0 0.0
5400.0 0.0
5410.0 0.0
5420.0 0.0
5430.0 0.0
5440.0 0.0
5450.0 0.0
5460.0 0.0
5470.0 0.0
5480.0 0.0
5490.0 0.0
5500.0 0.0
5510.0 0.0
5520.0 0.0
5530.0 0.0
5540.0 0.0
5550.0 0.0
5560.0 0.0
5570.0 0.0
5580.0 0.0
5590.0 0.0
5600.0 0.0
5610.0 0.0
5620.0 0.0
5630.0 0.0
5640.0 0.0
5650.0 0.0
5660.0 0.0
5670.0 0.0
5680.0 0.0
5690.0 0.0
5700.0 0.0
5710.0 0.0
5720.0 0.0
5730.0 0.0
5740.0 0.0
5750.0 0.0
5760.0 0.0
5770.0 0.0
5780.0 0.0
5790.0 0.0
5800.0 0.0
5810.0 0.0
5820.0 0.0
5830.0 0.0
5840.0 0.0
5850.0 0.0
5860.0 0.0
5870.0 0.0
5880.0 0.0
5890.0 0.0
5900.0 0.0
5910.0 0.0
5920.0 0.0
5930.0 0.0
5940.0 0.0
5950.0 0.0
5960.0 0.0
5970.0 0.0
5980.0 0.0
5990.0 0.0
6000.0 0.0
6010.0 0.0
6020.0 0.0
6030.0 0.0
6040.0 0.0
6050.0 0.0
6060.0 0.0
6070.0 0.0
6080.0 0.0
6090.0 0.0
6100.0 0.0
6110.0 0.0
6120.0 0.0
6130.0 0.0
6140.0 0.0
6150.0 0.0
6160.0 0.0
6170.0 0.0
6180.0 0.0
6190.0 0.0
6200.0 0.0
6210.0 0.0
6220.0 0.0
6230.0 0.0
6240.0 0.0
6250.0 0.0
6260.0 0.0
6270.0 0.0
6280.0 0.0
6290.0 0.0
6300.0 0.0
6310.0 0.0
6320.0 0.0
6330.0 0.0
6340.0 0.0
6350.0 0.0
6360.0 0.0
6370.0 0.0
6380.0 0.0
6390.0 0.0
6400.0 0.0
6410.0 0.0
6420.0 0.0
6430.0 0.0
6440.0 0.0
6450.0 0.0
6460.0 0.0
6470.0 0.0
6480.0 0.0
6490.0 0.0
6500.0 0.0
6510.0 0.0
6520.0 0.0
6530.0 0.0
6540.0 0.0
6550.0 0.0
6560.0 0.0
6570.0 0.0
6580.0 0.0
6590.0 0.0
6600.0 0.0
6610.0 0.0
6620.0 0.0
6630.0 0.0
6640.0 0.0
6650.0 0.0
6660.0 0.0
6670.0 0.0
6680.0 0.0
6690.0 0.0
6700.0 0.0
6710.0 0.0
6720.0 0.0
6730.0 0.0
6740.0 0.0
6750.0 0.0
6760.0 0.0
6770.0 0.0
6780.0 0.0
6790.0 0.0
6800.0 0.0
6810.0 0.0
6820.0 0.0
6830.0 0.0
6840.0 0.0
6850.0 0.0
6860.0 0.0
6870.0 0.0
6880.0 0.0
6890.0 0.0
6900.0 0.0
6910.0 0.0
6920.0 0.0
6930.0 0.0
6940.0 0.0
6950.0 0.0
6960.0 0.0
6970.0 0.0
6980.0 0.0
6990.0 0.0
7000.0 0.0
7010.0 0.0
7020.0 0.0
7030.0 0.0
7040.0 0.0
7050.0 0.0
7060.0 0.0
7070.0 0.0
7080.0 0.0
7090.0 0.0
7100.0 0.0
7110.0 0.0
7120.0 0.0
7130.0 0.0
7140.0 0.0
7150.0 0.0
7160.0 0.0
7170.0 0.0
7180.0 0.0
7190.0 0.0
7200.0 0.0
7210.0 0.0
7220.0 0.0
7230.0 0.0
7240.0 0.0
7250.0 0.0
7260.0 0.0
7270.0 0.0
7280.0 0.0
7290.0 0.0
7300.0 0.0
7310.0 0.0
7320.0 0.0
7330.0 0.0
7340.0 0.0
7350.0 0.0
7360.0 0.0
7370.0 0.0
7380.0 0.0
7390.0 0.0
7400.0 0.0
7410.0 0.0
7420.0 0.0
7430.0 0.0
7440.0 0.0
7450.0 0.0
7450.0517578125 0.0
7451.0517578125 0.0
7452.0517578125 0.0
7460.0 0.0
7470.0 0.0
7480.0 0.0
7490.0 0.0
7500.0 0.0
7502.0654296875 0.0
7510.0 0.0
7520.0 0.0
7530.0 0.0
7540.0 0.0
7550.0 0.0
7552.07861328125 0.0
7560.0 0.0
7570.0 0.0
7580.0 0.0
7590.0 0.0
7600.0 0.0
7602.09228515625 0.0
7610.0 0.0
7620.0 0.0
7630.0 0.0
7640.0 0.0
7650.0 0.0
7652.10595703125 0.0
7660.0 0.0
7670.0 0.0
7680.0 0.0
7690.0 0.0
7700.0 0.0
7702.119140625 0.0
7710.0 0.0
7720.0 0.0
7730.0 0.0
7740.0 0.0
7750.0 0.0
7752.1328125 0.0
7760.0 0.0
7770.0 0.0
7780.0 0.0
7790.0 0.0
7800.0 0.0
7802.14599609375 0.0
7810.0 0.0
7820.0 0.0
7830.0 0.0
7840.0 0.0
7850.0 0.0
7860.0 0.0
7870.0 0.0
7880.0 0.0
7890.0 0.0
7900.0 0.0
7910.0 0.0
7920.0 0.0
7930.0 0.0
7940.0 0.0
7950.0 0.0
7960.0 0.0
7970.0 0.0
7980.0 0.0
7990.0 0.0
7998.0 0.0
7999.0 0.0
8000.0 5.973386410590691e-05
8010.0 5.9712123087629594e-05
8020.0 5.969750632210974e-05
8030.0 5.96864702558561e-05
8040.0 5.966848693009342e-05
8050.0 5.9651005473416996e-05
8060.0 5.963333262636402e-05
8070.0 5.961527140344726e-05
8080.0 5.9596925149352285e-05
8090.0 5.957829238362758e-05
8100.0 5.955916257468153e-05
8110.0 5.9539738624521145e-05
8120.0 5.951982492097623e-05
8130.0 5.949961432770823e-05
8140.0 5.947900596004668e-05
8150.0 5.945789428772157e-05
8160.0 5.943649135153649e-05
8170.0 5.9414681790366504e-05
8180.0 5.93923700170191e-05
8190.0 5.948559901568366e-05
8200.0 5.957832338255593e-05
8210.0 5.965862198742339e-05
8220.0 5.973848543998793e-05
8230.0 5.981782917224527e-05
8240.0 5.9854132448619855e-05
8250.0 5.9889874940012655e-05
8260.0 5.9924968672320685e-05
8270.0 5.995931083034061e-05
8280.0 5.999310863267605e-05
8290.0 6.002622763264592e-05
8300.0 6.005859302269045e-05
8310.0 6.009040238269351e-05
8320.0 6.0121535207368776e-05
8330.0 6.015189832888771e-05
8340.0 6.0181703551644866e-05
8350.0 6.021072036757438e-05
8360.0 6.023917475255548e-05
8370.0 6.013938916846688e-05
8380.0 6.0039187316307355e-05
8390.0 5.993877788961561e-05
8400.0 5.9838051822298086e-05
8410.0 5.972533091072334e-05
8420.0 5.96122775812325e-05
8430.0 5.9499099502777004e-05
8440.0 5.938569261828439e-05
8450.0 5.927204786071118e-05
8460.0 5.9158281207865294e-05
8470.0 5.904428990928121e-05
8480.0 5.8930251225358794e-05
8490.0 5.8816748965563424e-05
8500.0 5.870452126734305e-05
8510.0 5.862898135771644e-05
8520.0 5.855445655945523e-05
8530.0 5.8480089619136306e-05
8540.0 5.8405499922318014e-05
8550.0 5.826442242400044e-05
8560.0 5.8123157849342794e-05
8570.0 5.7981536554713704e-05
8580.0 5.783973854730913e-05
8590.0 5.7697668195092505e-05
8600.0 5.755523222251401e-05
8610.0 5.740337945544158e-05
8620.0 5.725129321871555e-05
8630.0 5.709899205945372e-05
8640.0 5.703419607551087e-05
8650.0 5.696872556208062e-05
8660.0 5.69024737401105e-05
8670.0 5.6835620525164855e-05
8680.0 5.676808941171525e-05
8690.0 5.6699862884977494e-05
8700.0 5.663097598331047e-05
8710.0 5.6561297177584545e-05
8720.0 5.649103002449955e-05
8730.0 5.668598605162455e-05
8740.0 5.6880335328113e-05
8750.0 5.707407341166443e-05
8760.0 5.726717802530356e-05
8770.0 5.745955425898056e-05
8780.0 5.7651381347674854e-05
8790.0 5.784255603940591e-05
8800.0 5.803305635297529e-05
8810.0 5.814182467108641e-05
8820.0 5.824951864161905e-05
8830.0 5.835634198210678e-05
8840.0 5.8560760188278715e-05
8850.0 5.876449834347843e-05
8860.0 5.896756423311588e-05
8870.0 5.916993382086923e-05
8880.0 5.937151715896206e-05
8890.0 5.9572479959099704e-05
8900.0 5.9772714708722336e-05
8910.0 5.9736736134807826e-05
8920.0 5.969990980344271e-05
8930.0 5.971156254026938e-05
8940.0 5.967307040903808e-05
8950.0 5.9633632561769725e-05
8960.0 5.964278815684748e-05
8970.0 5.960204143717162e-05
8980.0 5.961034956979663e-05
8990.0 5.956912232643336e-05
9000.0 5.9527320383797984e-05
9010.0 5.9396173088968734e-05
9020.0 5.921663152922612e-05
9030.0 5.908689257673307e-05
9040.0 5.8958568394662026e-05
9050.0 5.8830781550241704e-05
9060.0 5.8752199621222454e-05
9070.0 5.8625150168472846e-05
9080.0 5.85472222142199e-05
9090.0 5.8420769839556353e-05
9100.0 5.829473245732632e-05
9110.0 5.8217346227956504e-05
9120.0 5.8091771507170165e-05
9130.0 5.80147105897686e-05
9140.0 5.788940794946124e-05
9150.0 5.7812552781158454e-05
9160.0 5.768749490521551e-05
9170.0 5.7610664464717175e-05
9180.0 5.74857276423359e-05
9190.0 5.74087937882596e-05
9200.0 5.728387452601657e-05
9210.0 5.716802064128215e-05
9220.0 5.7004440862652386e-05
9230.0 5.688872164917148e-05
9240.0 5.677512475830174e-05
9250.0 5.670887753168851e-05
9260.0 5.659484477918593e-05
9270.0 5.6527963980137565e-05
9280.0 5.641331544145912e-05
9290.0 5.634568537915424e-05
9300.0 5.623040922282807e-05
9310.0 5.616195745968907e-05
9320.0 5.6045946328434536e-05
9330.0 5.5976547305187635e-05
9340.0 5.5859623773105476e-05
9350.0 5.57892035076557e-05
9360.0 5.567128949744013e-05
9370.0 5.559983132247402e-05
9380.0 5.548082082746284e-05
9390.0 5.5408055434650396e-05
9400.0 5.5334705464390825e-05
9410.0 5.5162230842807866e-05
9420.0 5.503589764784884e-05
9430.0 5.486279713918866e-05
9440.0 5.47660628253265e-05
9450.0 5.462250186967765e-05
9460.0 5.452445182165207e-05
9470.0 5.442566726964684e-05
9480.0 5.428030691624161e-05
9490.0 5.418013266038451e-05
9500.0 5.407921149569871e-05
9510.0 5.392340388837504e-05
9520.0 5.381249610937394e-05
9530.0 5.365540899716633e-05
9540.0 5.354303708378401e-05
9550.0 5.3429806627960816e-05
9560.0 5.3270543584638934e-05
9570.0 5.315570933199844e-05
9580.0 5.303994553582677e-05
9590.0 5.2878439428755086e-05
9600.0 5.2760937444744535e-05
9610.0 5.2623275844272894e-05
9620.0 5.244017283512786e-05
9630.0 5.230087127784044e-05
9640.0 5.2181604081342633e-05
9650.0 5.2016962465485936e-05
9660.0 5.189574752681019e-05
9670.0 5.17734069097101e-05
9680.0 5.160609300136995e-05
9690.0 5.1481689059167734e-05
9700.0 5.135624212129929e-05
9710.0 5.1186089261917256e-05
9720.0 5.10585403203709e-05
9730.0 5.092980844833347e-05
9740.0 5.075672664967205e-05
9750.0 5.062578741176378e-05
9760.0 5.049370263387818e-05
9770.0 5.036046616164955e-05
9780.0 5.018320385479686e-05
9790.0 5.004766767231954e-05
9800.0 4.9910926281979946e-05
9810.0 4.9747032528368525e-05
9820.0 4.953975772922357e-05
9830.0 4.937386286069979e-05
9840.0 4.9232163742690955e-05
9850.0 4.908922946756948e-05
9860.0 4.89031539776694e-05
9870.0 4.8757788781738725e-05
9880.0 4.861109069960437e-05
9890.0 4.846307151772226e-05
9900.0 4.82724385530607e-05
9910.0 4.8121991649186454e-05
9920.0 4.7970177838471423e-05
9930.0 4.7817006159396635e-05
9940.0 4.7662496067436435e-05
9950.0 4.7466075863854406e-05
9960.0 4.730896709379738e-05
9970.0 4.715055205188507e-05
9980.0 4.699083685421763e-05
9990.0 4.682969911409686e-05
10000.0 4.6627197810191396e-05
10002.7412109375 4.658955913749994e-05
10010.0 4.664353789219969e-05
10020.0 4.6717180358399656e-05
10030.0 4.679011699490521e-05
10040.0 4.6862400266643905e-05
10050.0 4.6893745421757225e-05
10060.0 4.696459090303217e-05
10070.0 4.703477844637526e-05
10080.0 4.710431252964054e-05
10090.0 4.7173186984935135e-05
10100.0 4.7241462092558456e-05
10110.0 4.730907253004952e-05
10120.0 4.7335445569561546e-05
10130.0 4.740179495200617e-05
10140.0 4.746754265897779e-05
10150.0 4.753268281050778e-05
10160.0 4.7597349937996174e-05
10170.0 4.766139855283913e-05
10180.0 4.772484336055818e-05
10190.0 4.774684874585934e-05
10200.0 4.780921608903049e-05
10210.0 4.787429695720429e-05
10220.0 4.793896933899339e-05
10230.0 4.8003104141150965e-05
10240.0 4.806675636291837e-05
10250.0 4.812992051925302e-05
10260.0 4.819267585073646e-05
10270.0 4.825494998086981e-05
10280.0 4.831679792199686e-05
10290.0 4.833666499243531e-05
10300.0 4.8397621040742105e-05
10310.0 4.845821439654234e-05
10320.0 4.851838979917563e-05
10330.0 4.857814204553852e-05
10340.0 4.8637534067718945e-05
10350.0 4.869663224826327e-05
10360.0 4.875535402973138e-05
10370.0 4.881372855352018e-05
10380.0 4.8871727678406816e-05
10390.0 4.892949610743468e-05
10400.0 4.8986903647593936e-05
10410.0 4.904583117525736e-05
10420.0 4.910452988115232e-05
10430.0 4.916292736811256e-05
10440.0 4.922109409334946e-05
10450.0 4.927903657838541e-05
10460.0 4.929425039971303e-05
10470.0 4.93516779675055e-05
10480.0 4.940892625704017e-05
10490.0 4.946595405543653e-05
10500.0 4.952280108351048e-05
10510.0 4.9539408147590826e-05
10520.0 4.955587584828712e-05
10530.0 4.957214536361308e-05
10540.0 4.9588282180856e-05
10550.0 4.9604206632038846e-05
10560.0 4.9620005057565074e-05
10570.0 4.9635736118068114e-05
10580.0 4.965126135310677e-05
10590.0 4.966671903320369e-05
10600.0 4.96821123189651e-05
10610.0 4.969380007875693e-05
10620.0 4.9705423020445136e-05
10630.0 4.9716984839257125e-05
10640.0 4.972854062393425e-05
10650.0 4.9740028276863694e-05
10660.0 4.97515130834269e-05
10670.0 4.976301269705266e-05
10680.0 4.9774503021342e-05
10690.0 4.9828837586743525e-05
10700.0 4.984041572499663e-05
10710.0 4.985198781169537e-05
10720.0 4.986362679079466e-05
10730.0 4.987534290269805e-05
10740.0 4.9887122242556564e-05
10750.0 4.989896859368262e-05
10760.0 4.9910958231879784e-05
10770.0 4.9923081032380156e-05
10780.0 4.9935277482219035e-05
10790.0 4.9947680280654164e-05
10800.0 4.996021596954679e-05
10810.0 4.9975247891352256e-05
10820.0 4.999049405010986e-05
10830.0 5.0005937395672965e-05
10840.0 5.002152590885227e-05
10850.0 5.0037395273478976e-05
10860.0 5.0053469290553293e-05
10870.0 5.011287510938941e-05
10880.0 5.0129515908049904e-05
10890.0 5.0146361577042135e-05
10900.0 5.016356268811059e-05
10910.0 5.0180969601756026e-05
10920.0 5.019871843444177e-05
10930.0 5.021682349802498e-05
10940.0 5.0235274309047735e-05
10950.0 5.025406414422623e-05
10960.0 5.027313440750877e-05
10970.0 5.029262850964016e-05
10980.0 5.0355759977038096e-05
10990.0 5.037609873994809e-05
11000.0 5.038652340731562e-05
11010.0 5.040310010851727e-05
11020.0 5.0419680879533906e-05
11030.0 5.0436265721065244e-05
11040.0 5.045285463381109e-05
11050.0 5.0469447618471356e-05
11060.0 5.048604467574602e-05
11070.0 5.054599774406113e-05
11080.0 5.056261720272582e-05
11090.0 5.0579240739603035e-05
11100.0 5.059586835539364e-05
11110.0 5.061250005079859e-05
11120.0 5.062913582651892e-05
11130.0 5.064577568325571e-05
11140.0 5.0662419621710166e-05
11150.0 5.0722533710769156e-05
11160.0 5.0739200096822795e-05
11170.0 5.0755870570200656e-05
11180.0 5.0772545131604836e-05
11190.0 5.078922378173746e-05
11200.0 5.0805906521300794e-05
11210.0 5.086879597487394e-05
11220.0 5.0888158022177684e-05
11230.0 5.0907524987494014e-05
11240.0 5.092689687142082e-05
11250.0 5.094627367455587e-05
11260.0 5.096565539749693e-05
11270.0 5.0985042040841756e-05
11280.0 5.104810382590218e-05
11290.0 5.106751691920431e-05
11300.0 5.108693493891759e-05
11310.0 5.110635788564019e-05
11320.0 5.112578575997023e-05
11330.0 5.1145218562505726e-05
11340.0 5.1208421004387224e-05
11350.0 5.122788029579594e-05
11360.0 5.124734452142108e-05
11370.0 5.12668136818612e-05
11380.0 5.1286287777714646e-05
11390.0 5.134961994309455e-05
11400.0 5.136912056531321e-05
11410.0 5.1392356699454416e-05
11420.0 5.14156001507272e-05
11430.0 5.143885092046938e-05
11440.0 5.1462109010019e-05
11450.0 5.152934349002803e-05
11460.0 5.155263609837374e-05
11470.0 5.157593603679586e-05
11480.0 5.159924330663377e-05
11490.0 5.1622557909227004e-05
11500.0 5.168994310049207e-05
11510.0 5.171054803717397e-05
11520.0 5.173115808080352e-05
11530.0 5.17517732318492e-05
11540.0 5.177239349077938e-05
11550.0 5.183717524349848e-05
11560.0 5.185782330821348e-05
11570.0 5.18784764865738e-05
11580.0 5.189913477904795e-05
11590.0 5.191979818610451e-05
11600.0 5.198470580617208e-05
11610.0 5.200571377637152e-05
11620.0 5.20267269458038e-05
11630.0 5.204774531490372e-05
11640.0 5.21130848025513e-05
11650.0 5.213413146995339e-05
11660.0 5.215518334275404e-05
11670.0 5.217624042138824e-05
11680.0 5.219730270629087e-05
11690.0 5.22627756489231e-05
11700.0 5.228386626746604e-05
11710.0 5.230496209801026e-05
11720.0 5.232606314099075e-05
11730.0 5.2391641251793704e-05
11740.0 5.241277065632807e-05
11750.0 5.2433905279032724e-05
11760.0 5.245504512034279e-05
11770.0 5.247619018069335e-05
11780.0 5.2541907349189514e-05
11790.0 5.256308080859379e-05
11800.0 5.2584259492775016e-05
11810.0 5.2598231214001436e-05
11820.0 5.265682563752376e-05
11830.0 5.267081222312e-05
11840.0 5.268480031591966e-05
11850.0 5.2698789915810235e-05
11860.0 5.275745496050658e-05
11870.0 5.27714594329432e-05
11880.0 5.278546541341011e-05
11890.0 5.279947290179466e-05
11900.0 5.285820327828069e-05
11910.0 5.287222564597188e-05
11920.0 5.288624952251946e-05
11930.0 5.290027490781072e-05
11940.0 5.291430180173296e-05
11950.0 5.297310557825334e-05
11960.0 5.2987147357875616e-05
11970.0 5.3001190647066686e-05
11980.0 5.301523544571378e-05
11990.0 5.307410995423246e-05
12000.0 5.3088169646748286e-05
12010.0 5.310874288877587e-05
12020.0 5.3129321558602966e-05
12030.0 5.319479252583833e-05
12040.0 5.321539944211316e-05
12050.0 5.323601179307896e-05
12060.0 5.3256629579504916e-05
12070.0 5.332221461230638e-05
12080.0 5.334286068092626e-05
12090.0 5.336351219190302e-05
12100.0 5.338416914600656e-05
12110.0 5.34498630175535e-05
12120.0 5.347054828754638e-05
12130.0 5.3491239007567433e-05
12140.0 5.351193517838729e-05
12150.0 5.3577732634947784e-05
12160.0 5.359845715329396e-05
12170.0 5.3619187129344514e-05
12180.0 5.3639922563870715e-05
12190.0 5.3705834478401176e-05
12200.0 5.3726598296269996e-05
12210.0 5.374243340739166e-05
12220.0 5.380348671844061e-05
12230.0 5.38193413041948e-05
12240.0 5.3835198968455734e-05
12250.0 5.385105971156047e-05
12260.0 5.3912186573097895e-05
12270.0 5.392806680746516e-05
12280.0 5.394395012427523e-05
12290.0 5.395983652386548e-05
12300.0 5.402104779413507e-05
12310.0 5.403695370480583e-05
12320.0 5.4052862701858366e-05
12330.0 5.406877478563031e-05
12340.0 5.4130059728700215e-05
12350.0 5.414599134019951e-05
12360.0 5.416192604202169e-05
12370.0 5.417786383450483e-05
12380.0 5.423923333413093e-05
12390.0 5.4255190674181144e-05
12400.0 5.427115110849827e-05
12410.0 5.429362197437696e-05
12420.0 5.436159162216682e-05
12430.0 5.4384092891967006e-05
12440.0 5.440659995426848e-05
12450.0 5.442911280966493e-05
12460.0 5.449719437293876e-05
12470.0 5.451973766384551e-05
12480.0 5.4542286754476894e-05
12490.0 5.456484164542676e-05
12500.0 5.463304611163944e-05
12510.0 5.464331859825636e-05
12520.0 5.465358747483096e-05
12530.0 5.4663852738906283e-05
12540.0 5.471978702831725e-05
12550.0 5.473005362918499e-05
12560.0 5.4740316607157234e-05
12570.0 5.479627974654252e-05
12580.0 5.480654403244942e-05
12590.0 5.481680468505006e-05
12600.0 5.4827061701881914e-05
12610.0 5.488073375820327e-05
12620.0 5.4888672893403954e-05
12630.0 5.4896608566519475e-05
12640.0 5.4904540775593415e-05
12650.0 5.4958226591437614e-05
12660.0 5.496615847047489e-05
12670.0 5.4974086876708375e-05
12680.0 5.498201180817897e-05
12690.0 5.5035722192219734e-05
12700.0 5.504364676141404e-05
12710.0 5.505156784706865e-05
12720.0 5.505948544722193e-05
12730.0 5.511320938296644e-05
12740.0 5.512112658697151e-05
12750.0 5.512904029668457e-05
12760.0 5.5136950510141395e-05
12770.0 5.514485722537756e-05
12780.0 5.5198608603394856e-05
12790.0 5.520651488328002e-05
12800.0 5.5214417656136906e-05
12810.0 5.521319539194426e-05
12820.0 5.525782873851369e-05
12830.0 5.5256598153219997e-05
12840.0 5.525536391463755e-05
12850.0 5.525412602253536e-05
12860.0 5.529873416782089e-05
12870.0 5.529748793470117e-05
12880.0 5.529623804433752e-05
12890.0 5.5294984496499436e-05
12900.0 5.533957829636669e-05
12910.0 5.5338316387347796e-05
12920.0 5.533705081713042e-05
12930.0 5.533578158548451e-05
12940.0 5.538035003211524e-05
12950.0 5.5379072419372744e-05
12960.0 5.537779114147858e-05
12970.0 5.537650619820311e-05
12980.0 5.537521758931686e-05
12990.0 5.541976680091173e-05
13000.0 5.5418469787267204e-05
13010.0 5.5436046483997704e-05
13020.0 5.54536274825423e-05
13030.0 5.551709682449064e-05
13040.0 5.5534700978544017e-05
13050.0 5.5552309440285406e-05
13060.0 5.5569922210486866e-05
13070.0 5.558753928992056e-05
13080.0 5.565111202539691e-05
13090.0 5.5668752291249975e-05
13100.0 5.568639687221525e-05
13110.0 5.5704045769065886e-05
13120.0 5.572169898257517e-05
13130.0 5.578538621029283e-05
13140.0 5.580306264463767e-05
13150.0 5.5820743401528044e-05
13160.0 5.583842848173827e-05
13170.0 5.590220594501407e-05
13180.0 5.591991427365564e-05
13190.0 5.593762693150955e-05
13200.0 5.595534391935115e-05
13210.0 5.5961404112355316e-05
13220.0 5.6013601071714916e-05
13230.0 5.601966707242274e-05
13240.0 5.602573347915516e-05
13250.0 5.603180029191895e-05
13260.0 5.603786751072082e-05
13270.0 5.604393513556753e-05
13280.0 5.609617501407865e-05
13290.0 5.6102248449981494e-05
13300.0 5.610832229228392e-05
13310.0 5.6114396540992715e-05
13320.0 5.612047119611466e-05
13330.0 5.617273759650914e-05
13340.0 5.617881806450016e-05
13350.0 5.6184898939259066e-05
13360.0 5.6190980220792585e-05
13370.0 5.6197061909107477e-05
13380.0 5.620314400421047e-05
13390.0 5.625545336052704e-05
13400.0 5.62615412718525e-05
13410.0 5.6237052888984706e-05
13420.0 5.62125651571645e-05
13430.0 5.618807807663726e-05
13440.0 5.6163591647648263e-05
13450.0 5.618523711851284e-05
13460.0 5.6160731873147804e-05
13470.0 5.613622728059274e-05
13480.0 5.611172334109305e-05
13490.0 5.608722005489406e-05
13500.0 5.606271742224114e-05
13510.0 5.607685694612802e-05
13520.0 5.60449790533233e-05
13530.0 5.601310890833264e-05
13540.0 5.598124651019649e-05
13550.0 5.594939185795542e-05
13560.0 5.591754495064996e-05
13570.0 5.5885705787320756e-05
13580.0 5.589969592997084e-05
13590.0 5.586784614411507e-05
13600.0 5.583600410570845e-05
13603.71875 5.5784995126090444e-05
13610.0 5.569009393758325e-05
13620.0 5.553918115099749e-05
13623.7236328125 5.548304127475383e-05
13630.0 5.539718152312728e-05
13640.0 5.5260500914786236e-05
13643.73046875 5.520954974506767e-05
13650.0 7.587574202801508e-05
13660.0 0.00010879461336706218
13663.7353515625 0.00012102576887712541
13670.0 0.00016213771574766269
13680.0 0.00022749722672601414
13683.740234375 0.00025185932173388373
13690.0 0.00027540246506918233
13700.0 0.00031285856924009447
13703.74609375 0.0003268412077494138
13710.0 0.0003739384892807063
13720.0 0.00044893902312488865
13723.7509765625 0.00047697389758557976
13730.0 0.000523626371943177
13740.0 0.000597974608336489
13743.7568359375 0.0006260009188450419
13750.0 0.0006891028806363154
13760.0 0.0007892490346216861
13763.76171875 0.0008267890906530359
13770.0 0.00100596110513144
13780.0 0.001291994323080782
13783.767578125 0.0013993828807612482
13790.0 0.001593534016188039
13800.0 0.001903764221036142
13803.7734375 0.0020208570390846474
13810.0 0.0022436331868347947
13820.0 0.002600274937264376
13823.7783203125 0.00273465971762679
13830.0 0.0031859202063515457
13840.0 0.003924460750459722
13843.7841796875 0.004204707638159182
13850.0 0.004988750071793501
13860.0 0.0062593245393644985
13863.7890625 0.006740526207615865
13870.0 0.008070059021834258
13880.0 0.010217615088392354
13883.794921875 0.011034833793794817
13890.0 0.013306614796851244
13900.0 0.01697959203460277
13903.7998046875 0.018379077116322435
13910.0 0.02267205535170222
13920.0 0.029618288641445226
13923.8056640625 0.03226902729446872
13930.0 0.0417474557165047
13940.0 0.057098396321596995
13943.810546875 0.06296393637838602
13950.0 0.07895255171990762
13960.0 0.10486732989109027
13963.8173828125 0.11478697286916152
13970.0 0.14209720728524425
13980.0 0.1864108780768638
13983.822265625 0.2033948285433212
13990.0 0.23993363824407024
14000.0 0.2992677233818625
14003.8271484375 0.32191677962975107
14010.0 0.3511544291256712
14020.0 0.39859506956277163
14023.8330078125 0.4168039430364119
14030.0 0.4353899464398788
14040.0 0.46557564488528647
14043.837890625 0.4771763008146245
14050.0 0.4834891025266651
14060.0 0.49374942793411164
14063.84375 0.49769843703213024
14070.0 0.4989188602347199
14080.0 0.5013133184940675
14083.8486328125 0.5020786924579672
14090.0 0.5020099999523551
14100.0 0.5018974802180237
14103.85546875 0.5018538175144107
14110.0 0.5014603494331866
14120.0 0.5008183046308535
14123.8603515625 0.5005698924934283
14130.0 0.5010435960782811
14140.0 0.5018157073554874
14143.865234375 0.5021143333829133
14150.0 0.5031175875240342
14160.0 0.5047548794491548
14163.87109375 0.5053893340782354
14170.0 0.5072659791586233
14180.0 0.5103321263614771
14183.8759765625 0.5115219552740694
14190.0 0.5142243957703526
14200.0 0.5182198642554059
14203.8818359375 0.5197525621057459
14210.0 0.5224761821450762
14220.0 0.5269283490615996
14223.88671875 0.5286589389161198
14230.0 0.5311076876423884
14240.0 0.5351137264472815
14243.892578125 0.5366732483844354
14250.0 0.5383352017585782
14260.0 0.5410566720865095
14263.8984375 0.5421177101184856
14270.0 0.5433691899468112
14280.0 0.5454204597840835
14283.904296875 0.5462214000178112
14290.0 0.5465007474413378
14300.0 0.5469590220537213
14303.9091796875 0.5471381715689534
14310.0 0.5471788948005345
14320.0 0.5472457150584069
14323.9140625 0.5472718554658508
14330.0 0.5473805636688962
14340.0 0.5475591585856381
14343.919921875 0.5476291572172173
14350.0 0.5476867070373405
14360.0 0.5477813234877349
14363.9248046875 0.5478184461368322
14370.0 0.548164738909169
14380.0 0.5487347669753764
14383.9306640625 0.5489588316650763
14390.0 0.5493557833606536
14400.0 0.5495600950477366
14403.935546875 0.5497763054370145
14410.0 0.5499398871996518
14420.0 0.5502095395534489
14423.9423828125 0.5503158172848353
14430.0 0.5504114057133948
14440.0 0.5505691395076148
14443.947265625 0.550631378957444
14450.0 0.5506929734295692
14460.0 0.5507946822464903
14463.9521484375 0.5508348604465408
14470.0 0.5503051496881601
14480.0 0.5494294173248019
14483.9580078125 0.5490828478005487
14490.0 0.5483682373711813
14500.0 0.54718569050918
14503.962890625 0.5466411722581589
14510.0 0.5455929061568418
14520.0 0.5443032309396572
14523.96875 0.5437911132673997
14530.0 0.5431809414456084
14540.0 0.5421686096350006
14543.9736328125 0.5417661216831415
14550.0 0.5411892293064631
14560.0 0.5402313319704894
14563.98046875 0.5398498297103593
14570.0 0.5395924146356168
14580.0 0.5387229162326462
14583.9853515625 0.5385523894210815
14590.0 0.5387826250764884
14600.0 0.5391655467117976
14603.9912109375 0.5392945212106308
14610.0 0.5399090078559735
14620.0 0.5409319899656153
14623.99609375 0.54134090049304
14630.0 0.5421234390328191
14640.0 0.5434272626779646
14644.0009765625 0.543770678093009
14650.0 0.5444697260269082
14660.0 0.546081433198437
14664.0068359375 0.5467274131701335
14670.0 0.5474757739562551
14680.0 0.5487248840567108
14684.01171875 0.5492261393215444
14690.0 0.5496558384470123
14700.0 0.5503736239652521
14704.017578125 0.5504806030139899
14710.0 0.5501371632336065
14720.0 0.550014684011533
14724.0234375 0.5499653708053819
14730.0 0.5494568524508622
14740.0 0.5486056267890773
14744.029296875 0.5482625112862076
14750.0 0.5474527295023037
14760.0 0.5456475344996419
14764.0341796875 0.5451004199279854
14770.0 0.5436058942743338
14780.0 0.541099756000978
14784.0390625 0.5400871590155811
14790.0 0.5388430448415138
14800.0 0.5363140316951084
14804.044921875 0.5354480772742903
14810.0 0.5342229949462619
14820.0 0.5321653139025299
14824.0498046875 0.5313318239627061
14830.0 0.5302071495162018
14840.0 0.5278821247128938
14844.0556640625 0.5271158408183244
14850.0 0.52664173305952
14860.0 0.525843949998601
14864.060546875 0.5255199334038375
14870.0 0.525395366497692
14880.0 0.5247532886629471
14884.0673828125 0.5246679946464997
14890.0 0.5249587973905022
14900.0 0.5254490445966026
14904.072265625 0.5256487118289923
14910.0 0.526370970036009
14920.0 0.5271550784887652
14924.078125 0.5276517372111323
14930.0 0.5284891028578017
14940.0 0.5299033910708809
14944.0830078125 0.5304809424699705
14950.0 0.531682472863526
14960.0 0.5332734990142677
14964.087890625 0.5341032256365329
14970.0 0.5352702121414098
14980.0 0.5372444888050947
14984.09375 0.5378711021577831
14990.0 0.5386422468518217
15000.0 0.5403921839094539
15004.0986328125 0.5410033063620151
15010.0 0.5417672943778578
15020.0 0.542612695620107
15024.10546875 0.5431431403169599
15030.0 0.5437728885614015
15040.0 0.5448405869945022
15044.1103515625 0.5450939680025838
15050.0 0.5451442949170381
15060.0 0.5456800405014306
15064.1162109375 0.5459004297002173
15070.0 0.5462481432925842
15080.0 0.5463863848258534
15084.12109375 0.5466294164297484
15090.0 0.5467960845717225
15100.0 0.5470793560003843
15104.1259765625 0.5470092648433484
15110.0 0.5467297947107015
15120.0 0.546706903846079
15124.1318359375 0.546697422890531
15130.0 0.546569951122556
15140.0 0.545900095336255
15144.13671875 0.545810344550206
15150.0 0.5453907139241603
15160.0 0.5446753405375085
15164.142578125 0.5441921301109048
15170.0 0.543217636832448
15180.0 0.5420058990934132
15184.1484375 0.5413170051288411
15190.0 0.5403137838968184
15200.0 0.5390493569028127
15204.154296875 0.5385058517668395
15210.0 0.5376122122891974
15220.0 0.5356391652762557
15224.1591796875 0.5350046130251266
15230.0 0.5338885390642981
15240.0 0.5315367426751894
15244.1650390625 0.5307424863896139
15250.0 0.5294375459048277
15260.0 0.5272025502331644
15264.169921875 0.5260885246161993
15270.0 0.524532591534344
15280.0 0.5223030566484943
15284.1748046875 0.5211915777682607
15290.0 0.5197701187888831
15300.0 0.5177652779077286
15304.1806640625 0.5167474953305266
15310.0 0.5155073999617242
15320.0 0.5138082605390115
15324.185546875 0.5129183512393312
15330.0 0.5120964600709741
15340.0 0.5111114597623506
15344.1923828125 0.5105200202201521
15350.0 0.5100340420267933
15360.0 0.5096236918408434
15364.197265625 0.5094515257106556
15370.0 0.5095615404183366
15380.0 0.5093250289902281
15384.203125 0.5094044700593793
15390.0 0.5099398365052671
15400.0 0.5104355432466686
15404.2080078125 0.5108343166958752
15410.0 0.5116504313306526
15420.0 0.5126291915426024
15424.212890625 0.5132215707180545
15430.0 0.5141133919215249
15440.0 0.5152215479330727
15444.21875 0.5158703310419805
15450.0 0.5168686874265045
15460.0 0.5181597952296099
15464.2236328125 0.5187037979273998
15470.0 0.5194932357064842
15480.0 0.5212940748054988
15484.23046875 0.5218700501274305
15490.0 0.5222342560524914
15500.0 0.5233030955880815
15504.2353515625 0.5236286378191298
15510.0 0.5237915767418792
15520.0 0.524514293527883
15524.2412109375 0.5246335462484467
15530.0 0.5246401572187891
15540.0 0.5250929652545729
15544.24609375 0.525097466207821
15550.0 0.5250414153167231
15560.0 0.5249434213164744
15564.251953125 0.5250898116379941
15570.0 0.5250099380412634
15580.0 0.5244284184738875
15584.2568359375 0.5243693280979562
15590.0 0.5243974275293605
15600.0 0.5240037972401412
15604.26171875 0.5240127303651217
15610.0 0.5239325231080505
15620.0 0.5233503486299057
15624.267578125 0.5231020010970777
15630.0 0.5229370364265246
15640.0 0.5230915100083874
15644.2734375 0.5229683466801094
15650.0 0.5228490947835557
15660.0 0.5226404569495351
15664.279296875 0.5227406033703165
15670.0 0.5230575574386801
15680.0 0.52316773334626
15684.2841796875 0.5234047611610182
15690.0 0.5235077487521586
15700.0 0.5232436598488452
15704.2900390625 0.5231302671080594
15710.0 0.5230551321856166
15720.0 0.5233676568628762
15724.294921875 0.523310806749272
15730.0 0.5231745103019895
15740.0 0.5229352566535693
15744.30078125 0.5230236700461933
15750.0 0.5229593983413543
15760.0 0.522401689382642
15764.3056640625 0.5221615978515461
15770.0 0.5217536970726763
15780.0 0.5210378345201416
15784.310546875 0.5209209981412977
15790.0 0.520631447715256
15800.0 0.5196788216088098
15804.3173828125 0.5192767415559324
15810.0 0.518897687905604
15820.0 0.5186743080786318
15824.322265625 0.5183862075185258
15830.0 0.5179031525320765
15840.0 0.5170529234995875
15844.328125 0.5166851986485699
15850.0 0.5162333413591905
15860.0 0.5158792327607581
15864.3330078125 0.5155343238907362
15870.0 0.5151281048849266
15880.0 0.5144116977700967
15884.3388671875 0.5141010433726128
15890.0 0.5137701049808048
15900.0 0.5136269596453309
15904.34375 0.5133731281216863
15910.0 0.5130574775878555
15920.0 0.5124995871136429
15924.3486328125 0.5122570699336343
15930.0 0.5120158283145935
15940.0 0.5115888664545584
15944.35546875 0.5115949883658545
15950.0 0.5112933735238977
15960.0 0.510318837626738
15964.3603515625 0.509894207413656
15970.0 0.5093452900189692
15980.0 0.508372782020174
15984.3662109375 0.5079485123650674
15990.0 0.5071962001530127
16000.0 0.5063001604949828
16004.37109375 0.5057260883031699
16010.0 0.5048410486186196
16020.0 0.5032704496165372
16024.376953125 0.5025836517185419
16030.0 0.5016143853838834
16040.0 0.49989253858380034
16044.3818359375 0.499138839272993
16050.0 0.49818775439811397
16060.0 0.49692843639665485
16064.3876953125 0.4961867129962951
16070.0 0.4955143319007234
16080.0 0.4943174531936642
16084.392578125 0.4937921450462387
16090.0 0.4932377298802855
16100.0 0.49224982220905494
16104.3984375 0.49181564795220517
16110.0 0.49142173997695954
16120.0 0.4907188625496413
16124.404296875 0.49040947335140805
16130.0 0.4903330040512948
16140.0 0.49019583288988033
16144.4091796875 0.49013516312251454
16150.0 0.49014415132833217
16160.0 0.49058914232956446
16164.4150390625 0.4905958456694635
16170.0 0.4908331361772309
16180.0 0.4912566503561068
16184.419921875 0.49144332793313716
16190.0 0.49162140978296304
16200.0 0.49193934320139093
16204.42578125 0.49203963918491345
16210.0 0.49210862814639317
16220.0 0.4922314045937992
16224.4306640625 0.492285353291468
16230.0 0.49199813842170814
16240.0 0.4914825347259663
16244.435546875 0.4912539019310391
16250.0 0.4906136432379497
16260.0 0.4894642126078108
16264.4423828125 0.48895412694806645
16270.0 0.4879218569189678
16280.0 0.4860669258671133
16284.447265625 0.485243027909927
16290.0 0.48404671766880686
16300.0 0.48189537516378367
16304.453125 0.48093859808455025
16310.0 0.47928590033415447
16320.0 0.47631099282806977
16324.4580078125 0.4749866411085243
16330.0 0.4734256928094689
16340.0 0.4706133831270669
16344.4638671875 0.4693598022825165
16350.0 0.4678343645040094
16360.0 0.4650830696470974
16364.46875 0.463670515495103
16370.0 0.46231259347534154
16380.0 0.46027404753995055
16384.474609375 0.4593631091440105
16390.0 0.4590260034964506
16400.0 0.45841617201048523
16404.48046875 0.45826412537388916
16410.0 0.4584346700501018
16420.0 0.4587428504488844
16424.484375 0.45888073402487467
16430.0 0.45964075016562966
16440.0 0.4610170121488701
16444.490234375 0.4616342418302932
16450.0 0.46292560866424054
16460.0 0.4648480341612595
16464.49609375 0.4658984389066935
16470.0 0.4673336727745611
16480.0 0.4699385305035343
16484.501953125 0.47110999832942807
16490.0 0.4723760499683256
16500.0 0.47467618585680116
16504.5078125 0.47571197141912136
16510.0 0.4763744463281468
16520.0 0.4775790023078977
16524.513671875 0.47792647505485597
16530.0 0.4775744978975587
16540.0 0.4773658534241747
16544.517578125 0.4772714851053999
16550.0 0.47666956183456477
16560.0 0.47557209439680587
16564.5234375 0.4750758973791206
16570.0 0.4738946269956123
16580.0 0.4713090531055783
16584.529296875 0.4703341164141298
16590.0 0.469022348462883
16600.0 0.4666262070841217
16604.533203125 0.46500705569010226
16610.0 0.46328675469113784
16620.0 0.45972882439901763
16624.5390625 0.4583106873417899
16630.0 0.4570866793872349
16640.0 0.4548512677974947
16644.544921875 0.4538378861470394
16650.0 0.45336256337341485
16660.0 0.4520742899477798
16664.55078125 0.4516774338810822
16670.0 0.45118893428580054
16680.0 0.45029196654144177
16684.556640625 0.44969387841868125
16690.0 0.44908329333725333
16700.0 0.4483753723528291
16704.5625 0.44805181434660435
16710.0 0.44717625587792686
16720.0 0.4451560617579274
16724.56640625 0.444423972682619
16730.0 0.4425061331535512
16740.0 0.43898898418682003
16744.572265625 0.4372003111719316
16750.0 0.4342085863240774
16760.0 0.4291236466273619
16764.578125 0.42680450518965746
16770.0 0.4238510428453132
16780.0 0.41803520290902846
16784.58203125 0.41556110310662053
16790.0 0.4133299434088091
16800.0 0.40884449421118707
16804.58984375 0.4069781199779868
16810.0 0.40436267147107474
16820.0 0.39954730807654226
16824.59375 0.39717197819000005
16830.0 0.3899076387150565
16840.0 0.3769034748922456
16844.599609375 0.3707871824494619
16850.0 0.3526598991555583
16860.0 0.3196018726491722
16864.60546875 0.3043140118120155
16870.0 0.2762613339992636
16880.0 0.22479850528860235
16884.611328125 0.2011772689163861
16890.0 0.17649718045029797
16900.0 0.13079732460919496
16904.615234375 0.10988107157137704
16910.0 0.09515377101542954
16920.0 0.06787366720766276
16924.62109375 0.05536800759092067
16930.0 0.04794605701580602
16940.0 0.03418321376468622
16944.626953125 0.02786624055060654
16950.0 0.024279960159708732
16960.0 0.01762151959234013
16964.6328125 0.014555601383891077
16970.0 0.012799508401314079
16980.0 0.009557713126564369
16984.638671875 0.008057484883242571
16990.0 0.007123001294397086
17000.0 0.005396368622681118
17004.642578125 0.004594897916885577
17010.0 0.0041165848832403545
17020.0 0.0032336444829214285
17024.6484375 0.002824350408920887
17030.0 0.0025243108528756777
17040.0 0.001967903516835126
17044.654296875 0.0017115913840788713
17050.0 0.0015741458663413841
17060.0 0.0013173287864401584
17064.66015625 0.0011990609968934602
17070.0 0.0010753185038659665
17080.0 0.0008441959807754381
17084.6640625 0.0007371898616629882
17090.0 0.0006480193054042041
17100.0 0.0004826637826994054
17104.669921875 0.00040572125317906777
17110.0 0.0003722840771373997
17120.0 0.0003100317244849956
17124.67578125 0.0002812676858510044
17130.0 0.00028064448527493057
17140.0 0.0002792006254675424
17144.681640625 0.0002785260264386293
17150.0 0.00023557402544963294
17160.0 0.00015559721509612924
17164.6875 0.00011828216656876214
17170.0 0.00011795607385821064
17180.0 0.00011734355229791358
17184.69140625 0.00011711130548670598
17190.0 0.00011684875582236082
17200.0 0.00011623925154851858
17204.697265625 0.00011551355687770534
17210.0 0.00010455883539206496
17220.0 8.42969630987523e-05
17224.703125 7.498137457514135e-05
17230.0 7.448055364533549e-05
17240.0 7.346323459683779e-05
17250.0 7.244998705252513e-05
17260.0 7.144081592827492e-05
17270.0 7.043570879891823e-05
17280.0 6.950480550384214e-05
17290.0 6.85069606015092e-05
17300.0 6.751316904028522e-05
17310.0 6.652343522754461e-05
17320.0 6.553774726400437e-05
17330.0 6.455610935422108e-05
17340.0 6.357850980885323e-05
17350.0 6.266903056926487e-05
17360.0 6.169864511602237e-05
17370.0 6.073228740859859e-05
17380.0 5.976996114551907e-05
17390.0 5.8811658774687955e-05
17400.0 5.785737295120871e-05
17410.0 5.6097073201090895e-05
17420.0 5.434476009893021e-05
17430.0 5.260043255760002e-05
17440.0 5.086407605312961e-05
17450.0 4.913568910196272e-05
17460.0 4.741525759213125e-05
17470.0 4.570277964423596e-05
17480.0 4.3998244312442565e-05
17490.0 4.230164105791524e-05
17500.0 4.06129674085889e-05
17510.0 3.893221027989846e-05
17520.0 3.725936680540008e-05
17530.0 3.55944243104497e-05
17540.0 3.3937379534809705e-05
17550.0 3.2288222264898875e-05
17560.0 3.0646942692063493e-05
17570.0 2.901353696647096e-05
17580.0 2.7387993435683208e-05
17590.0 2.5770307857534108e-05
17600.0 2.4134434333738605e-05
17610.0 2.318327647035515e-05
17620.0 2.2236589224214967e-05
17630.0 2.1294371550348065e-05
17640.0 2.035661798166953e-05
17650.0 1.9423323284020922e-05
17660.0 1.847427257293772e-05
17670.0 1.7550855792327377e-05
17680.0 1.6631886607889364e-05
17690.0 1.571736002267021e-05
17700.0 1.479092986096089e-05
17710.0 1.3886245450180702e-05
17720.0 1.2985992153101289e-05
17730.0 1.2090165209368017e-05
17740.0 1.1186277798483e-05
17750.0 1.0300256599195932e-05
17760.0 9.418650801811281e-06
17770.0 8.541455137822694e-06
17780.0 7.660031083021012e-06
17790.0 6.792605763753889e-06
17800.0 5.9295791875509246e-06
17810.0 5.687518765158787e-06
17820.0 5.453328949637419e-06
17830.0 5.214333598882717e-06
17840.0 4.9827023881970465e-06
17850.0 4.752222576052085e-06
17860.0 4.517688828829491e-06
17870.0 4.289760857866071e-06
17880.0 4.058278566305954e-06
17890.0 3.83289725445881e-06
17900.0 3.6044609133787876e-06
17910.0 3.381621422847931e-06
17920.0 3.156225531555361e-06
17930.0 2.935923028607305e-06
17940.0 2.71356209089764e-06
17950.0 2.495791745863891e-06
17960.0 2.2764602700190483e-06
17970.0 2.0612172572945973e-06
17980.0 1.8449097560813136e-06
17990.0 1.6321892541231273e-06
18000.0 1.4189002447913284e-06
18001.0 0.0
18002.0 0.0
18200.0 0.0
18224.703125 0.0
18400.0 0.0
18600.0 0.0
18800.0 0.0
19000.0 0.0
19200.0 0.0
19224.703125 0.0
19225.703125 0.0
19226.703125 0.0
19400.0 0.0
19600.0 0.0
19800.0 0.0
20000.0 0.0
20001.0 0.0
20002.0 0.0
30000.0 0.0
30010.0 0.0
