# WAVELENGTH THROUGHPUT
500.0 0.0
998.0 0.0
999.0 0.0
1000.0 0.0
1010.0 0.0
1020.0 0.0
1030.0 0.0
1040.0 0.0
1050.0 0.0
1060.0 0.0
1070.0 0.0
1080.0 0.0
1090.0 0.0
1100.0 0.0
1110.0 0.0
1120.0 0.0
1130.0 0.0
1140.0 0.0
1150.0 0.0
1160.0 0.0
1170.0 0.0
1180.0 0.0
1190.0 0.0
1200.0 0.0
1210.0 0.0
1220.0 0.0
1230.0 0.0
1240.0 0.0
1250.0 0.0
1260.0 0.0
1270.0 0.0
1280.0 0.0
1290.0 0.0
1300.0 0.0
1310.0 0.0
1320.0 0.0
1330.0 0.0
1340.0 0.0
1350.0 0.0
1360.0 0.0
1370.0 0.0
1380.0 0.0
1390.0 0.0
1400.0 0.0
1410.0 0.0
1420.0 0.0
1430.0 0.0
1440.0 0.0
1450.0 0.0
1460.0 0.0
1470.0 0.0
1480.0 0.0
1490.0 0.0
1500.0 0.0
1510.0 0.0
1520.0 0.0
1530.0 0.0
1540.0 0.0
1550.0 0.0
1560.0 0.0
1570.0 0.0
1580.0 0.0
1590.0 0.0
1600.0 0.0
1610.0 0.0
1620.0 0.0
1630.0 0.0
1640.0 0.0
1650.0 0.0
1660.0 0.0
1670.0 0.0
1680.0 0.0
1690.0 0.0
1700.0 0.0
1710.0 0.0
1720.0 0.0
1730.0 0.0
1740.0 0.0
1750.0 0.0
1760.0 0.0
1770.0 0.0
1780.0 0.0
1790.0 0.0
1800.0 0.0
1810.0 0.0
1820.0 0.0
1830.0 0.0
1840.0 0.0
1850.0 0.0
1860.0 0.0
1870.0 0.0
1880.0 0.0
1890.0 0.0
1900.0 0.0
1910.0 0.0
1920.0 0.0
1930.0 0.0
1940.0 0.0
1950.0 0.0
1960.0 0.0
1970.0 0.0
1980.0 0.0
1988.0 0.0
1989.0 0.0
1990.0 0.0
2000.0 0.0
2010.0 0.0
2020.0 0.0
2030.0 0.0
2040.0 0.0
2050.0 0.0
2060.0 0.0
2070.0 0.0
2080.0 0.0
2090.0 0.0
2100.0 0.0
2110.0 0.0
2120.0 0.0
2130.0 0.0
2140.0 0.0
2150.0 0.0
2160.0 0.0
2170.0 0.0
2180.0 0.0
2190.0 0.0
2200.0 0.0
2210.0 0.0
2220.0 0.0
2230.0 0.0
2240.0 0.0
2250.0 0.0
2260.0 0.0
2270.0 0.0
2280.0 0.0
2290.0 0.0
2300.0 0.0
2310.0 0.0
2320.0 0.0
2330.0 0.0
2340.0 0.0
2350.0 0.0
2360.0 0.0
2370.0 0.0
2380.0 0.0
2390.0 0.0
2400.0 0.0
2410.0 0.0
2420.0 0.0
2430.0 0.0
2440.0 0.0
2450.0 0.0
2460.0 0.0
2470.0 0.0
2480.0 0.0
2490.0 0.0
2500.0 0.0
2510.0 0.0
2520.0 0.0
2530.0 0.0
2540.0 0.0
2550.0 0.0
2560.0 0.0
2570.0 0.0
2580.0 0.0
2590.0 0.0
2600.0 0.0
2610.0 0.0
2620.0 0.0
2630.0 0.0
2640.0 0.0
2650.0 0.0
2660.0 0.0
2670.0 0.0
2680.0 0.0
2690.0 0.0
2700.0 0.0
2710.0 0.0
2720.0 0.0
2730.0 0.0
2740.0 0.0
2750.0 0.0
2760.0 0.0
2770.0 0.0
2780.0 0.0
2790.0 0.0
2800.0 0.0
2810.0 0.0
2820.0 0.0
2830.0 0.0
2840.0 0.0
2850.0 0.0
2860.0 0.0
2870.0 0.0
2880.0 0.0
2890.0 0.0
2900.0 0.0
2910.0 0.0
2920.0 0.0
2930.0 0.0
2940.0 0.0
2950.0 0.0
2960.0 0.0
2970.0 0.0
2980.0 0.0
2990.0 0.0
3000.0 0.0
3010.0 0.0
3020.0 0.0
3030.0 0.0
3040.0 0.0
3050.0 0.0
3060.0 0.0
3070.0 0.0
3080.0 0.0
3090.0 0.0
3100.0 0.0
3110.0 0.0
3120.0 0.0
3130.0 0.0
3140.0 0.0
3150.0 0.0
3160.0 0.0
3170.0 0.0
3180.0 0.0
3190.0 0.0
3200.0 0.0
3210.0 0.0
3220.0 0.0
3230.0 0.0
3240.0 0.0
3250.0 0.0
3260.0 0.0
3270.0 0.0
3280.0 0.0
3290.0 0.0
3300.0 0.0
3310.0 0.0
3320.0 0.0
3330.0 0.0
3340.0 0.0
3350.0 0.0
3360.0 0.0
3370.0 0.0
3380.0 0.0
3390.0 0.0
3400.0 0.0
3410.0 0.0
3420.0 0.0
3430.0 0.0
3440.0 0.0
3450.0 0.0
3460.0 0.0
3470.0 0.0
3480.0 0.0
3490.0 0.0
3500.0 0.0
3510.0 0.0
3520.0 0.0
3530.0 0.0
3540.0 0.0
3550.0 0.0
3560.0 0.0
3570.0 0.0
3580.0 0.0
3590.0 0.0
3600.0 0.0
3610.0 0.0
3620.0 0.0
3630.0 0.0
3640.0 0.0
3650.0 0.0
3660.0 0.0
3670.0 0.0
3680.0 0.0
3690.0 0.0
3700.0 0.0
3710.0 0.0
3720.0 0.0
3730.0 0.0
3740.0 0.0
3750.0 0.0
3760.0 0.0
3770.0 0.0
3780.0 0.0
3790.0 0.0
3800.0 0.0
3810.0 0.0
3820.0 0.0
3830.0 0.0
3840.0 0.0
3850.0 0.0
3860.0 0.0
3870.0 0.0
3880.0 0.0
3890.0 0.0
3900.0 0.0
3910.0 0.0
3920.0 0.0
3930.0 0.0
3940.0 0.0
3950.0 0.0
3960.0 0.0
3970.0 0.0
3980.0 0.0
3990.0 0.0
3998.0 0.0
3999.0 0.0
4000.0 0.0
4010.0 0.0
4020.0 0.0
4030.0 0.0
4040.0 0.0
4050.0 0.0
4060.0 0.0
4070.0 0.0
4080.0 0.0
4090.0 0.0
4100.0 0.0
4110.0 0.0
4120.0 0.0
4130.0 0.0
4140.0 0.0
4150.0 0.0
4160.0 0.0
4170.0 0.0
4180.0 0.0
4190.0 0.0
4200.0 0.0
4210.0 0.0
4220.0 0.0
4230.0 0.0
4240.0 0.0
4250.0 0.0
4260.0 0.0
4270.0 0.0
4280.0 0.0
4290.0 0.0
4300.0 0.0
4310.0 0.0
4320.0 0.0
4330.0 0.0
4340.0 0.0
4350.0 0.0
4360.0 0.0
4370.0 0.0
4380.0 0.0
4390.0 0.0
4400.0 0.0
4410.0 0.0
4420.0 0.0
4430.0 0.0
4440.0 0.0
4450.0 0.0
4460.0 0.0
4470.0 0.0
4480.0 0.0
4490.0 0.0
4500.0 0.0
4510.0 0.0
4520.0 0.0
4530.0 0.0
4540.0 0.0
4550.0 0.0
4560.0 0.0
4570.0 0.0
4580.0 0.0
4590.0 0.0
4600.0 0.0
4610.0 0.0
4620.0 0.0
4630.0 0.0
4640.0 0.0
4650.0 0.0
4660.0 0.0
4670.0 0.0
4680.0 0.0
4690.0 0.0
4700.0 0.0
4710.0 0.0
4720.0 0.0
4730.0 0.0
4740.0 0.0
4750.0 0.0
4760.0 0.0
4770.0 0.0
4780.0 0.0
4790.0 0.0
4800.0 0.0
4810.0 0.0
4820.0 0.0
4830.0 0.0
4840.0 0.0
4850.0 0.0
4860.0 0.0
4870.0 0.0
4880.0 0.0
4890.0 0.0
4900.0 0.0
4910.0 0.0
4920.0 0.0
4930.0 0.0
4940.0 0.0
4950.0 0.0
4960.0 0.0
4970.0 0.0
4980.0 0.0
4990.0 0.0
5000.0 0.0
5010.0 0.0
5020.0 0.0
5030.0 0.0
5040.0 0.0
5050.0 0.0
5060.0 0.0
5070.0 0.0
5080.0 0.0
5090.0 0.0
5100.0 0.0
5110.0 0.0
5120.0 0.0
5130.0 0.0
5140.0 0.0
5150.0 0.0
5160.0 0.0
5170.0 0.0
5180.0 0.0
5190.0 0.0
5200.0 0.0
5210.0 0.0
5220.0 0.0
5230.0 0.0
5240.0 0.0
5250.0 0.0
5260.0 0.0
5270.0 0.0
5280.0 0.0
5290.0 0.0
5300.0 0.0
5310.0 0.0
5320.0 0.0
5330.0 0.0
5340.0 0.0
5350.0 0.0
5360.0 0.0
5370.0 0.0
5380.0 0.0
5390.0 0.0
5400.0 0.0
5410.0 0.0
5420.0 0.0
5430.0 0.0
5440.0 0.0
5450.0 0.0
5460.0 0.0
5470.0 0.0
5480.0 0.0
5490.0 0.0
5500.0 0.0
5510.0 0.0
5520.0 0.0
5530.0 0.0
5540.0 0.0
5550.0 0.0
5560.0 0.0
5570.0 0.0
5580.0 0.0
5590.0 0.0
5600.0 0.0
5610.0 0.0
5620.0 0.0
5630.0 0.0
5640.0 0.0
5650.0 0.0
5660.0 0.0
5670.0 0.0
5680.0 0.0
5690.0 0.0
5700.0 0.0
5710.0 0.0
5720.0 0.0
5730.0 0.0
5740.0 0.0
5750.0 0.0
5760.0 0.0
5770.0 0.0
5780.0 0.0
5790.0 0.0
5800.0 0.0
5810.0 0.0
5820.0 0.0
5830.0 0.0
5840.0 0.0
5850.0 0.0
5860.0 0.0
5870.0 0.0
5880.0 0.0
5890.0 0.0
5900.0 0.0
5910.0 0.0
5920.0 0.0
5930.0 0.0
5940.0 0.0
5950.0 0.0
5960.0 0.0
5970.0 0.0
5980.0 0.0
5990.0 0.0
6000.0 0.0
6010.0 0.0
6020.0 0.0
6030.0 0.0
6040.0 0.0
6050.0 0.0
6060.0 0.0
6070.0 0.0
6080.0 0.0
6090.0 0.0
6100.0 0.0
6110.0 0.0
6120.0 0.0
6130.0 0.0
6140.0 0.0
6150.0 0.0
6160.0 0.0
6170.0 0.0
6180.0 0.0
6190.0 0.0
6200.0 0.0
6210.0 0.0
6220.0 0.0
6230.0 0.0
6240.0 0.0
6250.0 0.0
6260.0 0.0
6270.0 0.0
6280.0 0.0
6290.0 0.0
6300.0 0.0
6310.0 0.0
6320.0 0.0
6330.0 0.0
6340.0 0.0
6350.0 0.0
6360.0 0.0
6370.0 0.0
6380.0 0.0
6390.0 0.0
6400.0 0.0
6410.0 0.0
6420.0 0.0
6430.0 0.0
6440.0 0.0
6450.0 0.0
6460.0 0.0
6470.0 0.0
6480.0 0.0
6490.0 0.0
6500.0 0.0
6510.0 0.0
6520.0 0.0
6530.0 0.0
6540.0 0.0
6550.0 0.0
6560.0 0.0
6570.0 0.0
6580.0 0.0
6590.0 0.0
6600.0 0.0
6610.0 0.0
6620.0 0.0
6630.0 0.0
6640.0 0.0
6650.0 0.0
6660.0 0.0
6670.0 0.0
6680.0 0.0
6690.0 0.0
6700.0 0.0
6710.0 0.0
6720.0 0.0
6730.0 0.0
6740.0 0.0
6750.0 0.0
6760.0 0.0
6770.0 0.0
6780.0 0.0
6790.0 0.0
6800.0 0.0
6810.0 0.0
6820.0 0.0
6830.0 0.0
6840.0 0.0
6850.0 0.0
6860.0 0.0
6870.0 0.0
6880.0 0.0
6890.0 0.0
6900.0 0.0
6910.0 0.0
6920.0 0.0
6930.0 0.0
6940.0 0.0
6950.0 0.0
6960.0 0.0
6970.0 0.0
6980.0 0.0
6990.0 0.0
6999.9306640625 0.0
7000.0 0.0
7000.9306640625 0.0
7001.9306640625 0.0
7010.0 0.0
7020.0 0.0
7030.0 0.0
7040.0 0.0
7050.0 0.0
7051.94384765625 0.0
7060.0 0.0
7070.0 0.0
7080.0 0.0
7090.0 0.0
7100.0 0.0
7101.95751953125 0.0
7110.0 0.0
7120.0 0.0
7130.0 0.0
7140.0 0.0
7150.0 0.0
7151.970703125 0.0
7160.0 0.0
7170.0 0.0
7180.0 0.0
7190.0 0.0
7200.0 0.0
7201.984375 0.0
7210.0 0.0
7220.0 0.0
7230.0 0.0
7240.0 0.0
7250.0 0.0
7251.998046875 0.0
7260.0 0.0
7270.0 0.0
7280.0 0.0
7290.0 0.0
7300.0 0.0
7302.01123046875 0.0
7310.0 0.0
7320.0 0.0
7330.0 0.0
7340.0 0.0
7350.0 0.0
7352.02490234375 0.0
7360.0 0.0
7370.0 0.0
7380.0 0.0
7390.0 0.0
7400.0 0.0
7402.0380859375 0.0
7410.0 0.0
7420.0 0.0
7430.0 0.0
7440.0 0.0
7450.0 0.0
7452.0517578125 0.0
7460.0 0.0
7470.0 0.0
7480.0 0.0
7490.0 0.0
7500.0 0.0
7502.0654296875 0.0
7510.0 0.0
7520.0 0.0
7530.0 0.0
7540.0 0.0
7550.0 0.0
7552.07861328125 0.0
7560.0 0.0
7570.0 0.0
7580.0 0.0
7590.0 0.0
7600.0 0.0
7602.09228515625 0.0
7610.0 0.0
7620.0 0.0
7630.0 0.0
7640.0 0.0
7650.0 0.0
7652.10595703125 0.0
7660.0 0.0
7670.0 0.0
7680.0 0.0
7690.0 0.0
7700.0 0.0
7702.119140625 0.0
7710.0 0.0
7720.0 0.0
7730.0 0.0
7740.0 0.0
7750.0 0.0
7752.1328125 0.0
7760.0 0.0
7770.0 0.0
7780.0 0.0
7790.0 0.0
7800.0 0.0
7802.14599609375 0.0
7810.0 0.0
7820.0 0.0
7830.0 0.0
7840.0 0.0
7850.0 0.0
7852.15966796875 0.0
7860.0 0.0
7870.0 0.0
7880.0 0.0
7890.0 0.0
7900.0 0.0
7902.17333984375 0.0
7910.0 0.0
7920.0 0.0
7930.0 0.0
7940.0 0.0
7950.0 0.0
7952.1865234375 0.0
7960.0 0.0
7970.0 0.0
7980.0 0.0
7990.0 0.0
7998.0 0.0
7999.0 0.0
8000.0 3.19487350881591e-05
8002.2001953125 3.061817997277412e-05
8010.0 3.066501535015854e-05
8020.0 3.072900646864806e-05
8030.0 3.0795152551641444e-05
8040.0 3.085802418775753e-05
8050.0 3.092145977938043e-05
8060.0 3.098510315086351e-05
8070.0 3.1048853233374895e-05
8080.0 3.1112764789885335e-05
8090.0 3.117683824917071e-05
8100.0 3.124096438937878e-05
8110.0 3.1305250325332477e-05
8120.0 3.1369594161551716e-05
8130.0 3.143409826074288e-05
8140.0 3.149871040715347e-05
8150.0 3.156337541608719e-05
8160.0 3.162820656051302e-05
8170.0 3.16931435667801e-05
8180.0 3.175813614983199e-05
8190.0 3.188538596680414e-05
8200.0 3.201299447251828e-05
8210.0 3.2134543206422336e-05
8220.0 3.2256462165755554e-05
8230.0 3.23787084108083e-05
8240.0 3.247821175080431e-05
8250.0 3.257791108693818e-05
8252.267578125 3.260053929317352e-05
8260.0 3.26813959262231e-05
8270.0 3.2786067575787096e-05
8280.0 3.289097754333727e-05
8290.0 3.2996053674023824e-05
8300.0 3.310125591827749e-05
8302.28125 3.3125293096760694e-05
8310.0 3.3206817632804276e-05
8320.0 3.3312587804222114e-05
8330.0 3.3418479571810666e-05
8340.0 3.352461175012397e-05
8350.0 3.363085737503614e-05
8360.0 3.373734377119826e-05
8370.0 3.377237308188689e-05
8380.0 3.3807341033055884e-05
8390.0 3.3842364909768545e-05
8400.0 3.387738337326769e-05
8410.0 3.390576667507598e-05
8420.0 3.393409915141694e-05
8430.0 3.396249888557202e-05
8440.0 3.3990906834531584e-05
8450.0 3.401931782422409e-05
8452.322265625 3.4025930619138514e-05
8460.0 3.404566681544186e-05
8470.0 3.4071378369471564e-05
8480.0 3.409719941358146e-05
8490.0 3.4123469537812194e-05
8500.0 3.415062179029951e-05
8510.0 3.419932051644719e-05
8520.0 3.4248876588476246e-05
8530.0 3.4298794241141465e-05
8540.0 3.434885259454772e-05
8550.0 3.435997466021808e-05
8552.3486328125 3.436258337898301e-05
8560.0 3.961579927877992e-05
8570.0 4.648511505844714e-05
8580.0 5.335859064013895e-05
8590.0 6.0236097674427544e-05
8600.0 6.711746351963534e-05
8602.3623046875 6.874103222682639e-05
8610.0 6.874876732952186e-05
8620.0 6.875869036498964e-05
8630.0 6.876840612738322e-05
8640.0 6.888385805397058e-05
8650.0 6.899914105263238e-05
8660.0 6.911412397219196e-05
8670.0 6.922902338168148e-05
8680.0 6.934374509275814e-05
8690.0 6.945826610544418e-05
8700.0 6.957262771916197e-05
8710.0 6.968666648761658e-05
8720.0 6.980063111474818e-05
8730.0 7.024390817738385e-05
8740.0 7.068899592744738e-05
8750.0 7.113590453152404e-05
8760.0 7.158462198049983e-05
8770.0 7.203504506659997e-05
8780.0 7.248741406475109e-05
8790.0 7.294161584843452e-05
8800.0 7.33976387437491e-05
8810.0 7.375267755005245e-05
8820.0 7.410845097494932e-05
8830.0 7.44652254587288e-05
8840.0 7.494903102876246e-05
8850.0 7.54348544390635e-05
8852.4296875 7.55532026150718e-05
8860.0 7.592405687200773e-05
8870.0 7.64157403699627e-05
8880.0 7.690938177265237e-05
8890.0 7.74052140177277e-05
8900.0 7.790311679316512e-05
8902.443359375 7.795005535703966e-05
8910.0 7.809289324936756e-05
8920.0 7.82819485804438e-05
8930.0 7.853592178967586e-05
8940.0 7.872529616892001e-05
8950.0 7.89145836992871e-05
8960.0 7.916954163366685e-05
8970.0 7.935963173978399e-05
8980.0 7.961642014936852e-05
8990.0 7.980844086293121e-05
9000.0 8.000088859721521e-05
9002.470703125 8.00189733085967e-05
9010.0 8.609823344813394e-05
9020.0 9.410891086927856e-05
9030.0 0.00010220754441553946
9040.0 0.00011032473912557122
9050.0 0.00011845948373906696
9052.484375 0.0001205082126049015
9060.0 0.00011463264537256779
9070.0 0.00010670197284187751
9080.0 9.883844342170818e-05
9090.0 9.087046142100799e-05
9100.0 8.288677886900066e-05
9102.498046875 8.090678824027972e-05
9110.0 8.345094431521181e-05
9120.0 8.678207485869797e-05
9130.0 9.01962470419422e-05
9140.0 9.354609556882862e-05
9150.0 9.698503819596417e-05
9160.0 0.00010035403457520545
9170.0 0.00010381796501829817
9180.0 0.0001072063488405439
9190.0 0.00011069551287599013
9200.0 0.00011410351346263771
9210.0 0.0001175385616236299
9220.0 0.00012088206748200632
9230.0 0.00012433373373970486
9240.0 0.00012780003423795315
9250.0 0.00013138627368904413
9260.0 0.00013487525309079435
9270.0 0.0001384901618754629
9280.0 0.00014200168764537236
9290.0 0.00014564531264315357
9300.0 0.00014917961368405314
9310.0 0.00015285207256571172
9320.0 0.00015640910789501404
9330.0 0.00016011033232511113
9340.0 0.0001636898016994886
9350.0 0.00016741981170787743
9352.5654296875 0.00016834295155759984
9360.0 0.00016434373542207204
9370.0 0.00015908538053997028
9380.0 0.00015367258439381382
9390.0 0.0001483694064857562
9400.0 0.0001430417736700289
9410.0 0.00013744407758545121
9420.0 0.00013195232745075178
9430.0 0.00012633940526954475
9440.0 0.00012089035803099956
9450.0 0.00011532301936642397
9460.0 0.00010983678793207104
9470.0 0.00010432958279273788
9480.0 9.871803468825124e-05
9490.0 9.317355848865186e-05
9500.0 8.760810925005923e-05
9502.6064453125 8.613151436994505e-05
9510.0 7.981396090781073e-05
9520.0 7.131695314819693e-05
9530.0 6.273809527476482e-05
9540.0 5.419084314878127e-05
9550.0 4.561489074481549e-05
9552.619140625 4.33543515796703e-05
9560.0 4.337879503637666e-05
9570.0 4.344849318374356e-05
9580.0 4.351796487954259e-05
9590.0 4.3550300113829006e-05
9600.0 4.3619270426485096e-05
9602.6328125 4.3633162768382425e-05
9610.0 5.010399820228137e-05
9620.0 5.8855591931207546e-05
9630.0 6.767064496493707e-05
9640.0 7.653709265123605e-05
9650.0 8.535833116497208e-05
9652.646484375 8.771462304198021e-05
9660.0 8.781764675998588e-05
9670.0 8.79569215971252e-05
9680.0 8.802059010611973e-05
9690.0 8.815824158889614e-05
9700.0 8.829519686414026e-05
9710.0 8.835607773269224e-05
9720.0 8.849128358011057e-05
9730.0 8.862552139844955e-05
9740.0 8.86833569636093e-05
9750.0 8.881559328739005e-05
9752.673828125 8.885068911663956e-05
9760.0 8.731818786692057e-05
9770.0 8.521977366425618e-05
9780.0 8.304301660575018e-05
9790.0 8.093149743475374e-05
9800.0 7.881263724211448e-05
9810.0 7.66465290528304e-05
9820.0 7.44118774998896e-05
9830.0 7.223772557360862e-05
9840.0 7.009472574860882e-05
9850.0 6.794475870603384e-05
9860.0 6.57315786704289e-05
9870.0 6.356966277309064e-05
9880.0 6.140091440027524e-05
9890.0 5.922544526660119e-05
9900.0 5.6994599210320384e-05
9910.0 5.480795104756156e-05
9920.0 5.2614826664038995e-05
9930.0 5.04153441407183e-05
9940.0 4.820963246364577e-05
9950.0 4.59585172454947e-05
9952.7275390625 4.535460010412413e-05
9960.0 5.858719669711341e-05
9970.0 7.681676681012473e-05
9980.0 9.508505251497195e-05
9990.0 0.0001133907659286596
10000.0 0.00013162000394889776
10002.7412109375 0.00013667072228684994
10010.0 0.00013020886188903934
10020.0 0.00012127979422615074
10030.0 0.00011232025381876976
10040.0 0.00010333077047954823
10050.0 9.423077724440803e-05
10060.0 8.519019719727288e-05
10070.0 7.612086810054137e-05
10080.0 6.702318235411568e-05
10090.0 5.789751578805713e-05
10100.0 4.8744317616743866e-05
10102.7685546875 4.620530318962172e-05
10110.0 6.631451987672244e-05
10120.0 9.410880873510074e-05
10130.0 0.00012203688584216662
10140.0 0.00015004081307734663
10150.0 0.0001781195096938631
10152.7822265625 0.000185944676596108
10160.0 0.00018388904680974408
10170.0 0.00018103140922518353
10180.0 0.0001781631790758549
10190.0 0.00017513469000661244
10200.0 0.00017224875812842913
10210.0 0.0001693643065225281
10220.0 0.00016646996356505406
10230.0 0.00016356536924921458
10240.0 0.00016065081249039558
10250.0 0.0001577263696584181
10260.0 0.0001547923906863693
10270.0 0.00015184872774885304
10280.0 0.00014889564444894954
10290.0 0.00014580787413264446
10300.0 0.00014283879061227457
10302.8232421875 0.00014199879632864954
10310.0 0.00013532670567722844
10320.0 0.0001260084666121568
10330.0 0.00011666570149004615
10340.0 0.00010729879742789458
10350.0 9.79080992615373e-05
10352.8359375 9.524053692191028e-05
10360.0 8.849594786644249e-05
10370.0 7.90612173554251e-05
10380.0 6.960315473613595e-05
10390.0 6.0122158003752177e-05
10400.0 5.06182279734463e-05
10402.849609375 4.7906293909362205e-05
10410.0 6.8515977395122e-05
10420.0 9.7397894092064e-05
10430.0 0.00012634782639113498
10440.0 0.0001553654664654119
10450.0 0.0001844504324724862
10452.86328125 0.00019274295744499734
10460.0 0.00018590794762242272
10470.0 0.00017647661116979084
10480.0 0.00016702223676091132
10490.0 0.00015754479835371232
10500.0 0.0001480445440777549
10510.0 0.00013840965742631338
10520.0 0.0001287679371092115
10530.0 0.00011911932353451502
10540.0 0.00010946407751397672
10550.0 9.980211660259682e-05
10560.0 9.01337222028001e-05
10570.0 8.045906333345755e-05
10580.0 7.077798214668423e-05
10590.0 6.109076944685326e-05
10600.0 5.1397468142322314e-05
10602.904296875 4.858006958807483e-05
10610.0 4.85876509560148e-05
10620.0 4.859827159528296e-05
10630.0 4.8608832127955645e-05
10640.0 4.861938641680942e-05
10650.0 4.862987375046857e-05
10652.91796875 4.863293295538687e-05
10660.0 6.241969911813144e-05
10670.0 8.189460685858843e-05
10680.0 0.00010137844654955592
10690.0 0.0001209752477487491
10700.0 0.00014049397678900656
10702.9306640625 0.00014621596268216185
10710.0 0.00015313767272349195
10720.0 0.00016293291278697935
10730.0 0.0001727329543243434
10740.0 0.00018253779173231426
10750.0 0.00019234747670470356
10752.9453125 0.000195237780049555
10760.0 0.0001849412253717673
10770.0 0.00017034037036468762
10780.0 0.00015573266476412144
10790.0 0.00014111841869365687
10800.0 0.00012649726457771018
10810.0 0.00011187437605283977
10820.0 9.724311722026293e-05
10830.0 8.260327139715275e-05
10840.0 6.795459440330776e-05
10850.0 5.329710303204196e-05
10852.9716796875 4.893963698638027e-05
10860.0 5.23873620834316e-05
10870.0 5.734508689450124e-05
10880.0 6.22612930439885e-05
10890.0 6.718101405281541e-05
10900.0 7.210452638148412e-05
10910.0 7.703170447970119e-05
10920.0 8.196283089698315e-05
10930.0 8.689803059340243e-05
10940.0 9.183738879158288e-05
10950.0 9.678099385869431e-05
10952.9990234375 9.826446953931213e-05
10960.0 9.141170322629983e-05
10970.0 8.161777112312698e-05
10980.0 7.187852948038943e-05
10990.0 6.206191311617504e-05
11000.0 5.222709227238869e-05
11003.0126953125 4.9265177536848995e-05
11010.0 5.386582715370815e-05
11020.0 6.045378649061751e-05
11030.0 6.704605793969628e-05
11040.0 7.364264307889443e-05
11050.0 8.024354348651984e-05
11060.0 8.684876074123832e-05
11070.0 9.353852188713165e-05
11080.0 0.00010015805496828857
11090.0 0.00010678191334437277
11100.0 0.00011341009859683859
11110.0 0.00012004261230749885
11120.0 0.00012667945605852497
11130.0 0.00013332063143244683
11140.0 0.00013996614001215312
11150.0 0.00014674173195179357
11153.052734375 0.00014877435820450301
11160.0 0.00015225232845314879
11170.0 0.00015726133292938622
11180.0 0.00016227359694018727
11190.0 0.00016728912167526504
11200.0 0.00017230790832460218
11210.0 0.00017749116806036968
11220.0 0.0001825305772329634
11230.0 0.00018757377687178886
11240.0 0.00019262076840801252
11250.0 0.00019767155327302772
11253.080078125 0.00019922799881431734
11260.0 0.00019928122814322427
11270.0 0.00019935816701178739
11280.0 0.0001996058832161653
11290.0 0.00019968292820219148
11300.0 0.0001997599933132474
11310.0 0.00019983707855199823
11320.0 0.00019991418392110893
11330.0 0.00019999130942324414
11340.0 0.00020023958760956355
11350.0 0.00020031681939102982
11360.0 0.0002003940713307426
11370.0 0.00020047134343136898
11380.0 0.0002005486356955754
11390.0 0.00020079743131469908
11400.0 0.00020087483001339585
11410.0 0.0002009668370809636
11420.0 0.0002010588737938717
11430.0 0.00020115094015783698
11440.0 0.00020124303617857702
11450.0 0.00020150710427821125
11460.0 0.00020159933833132634
11470.0 0.00020169160208371287
11480.0 0.00020178389554109473
11490.0 0.0002018762187091963
11500.0 0.0002021408872288566
11503.1484375 0.00020216661703783382
11510.0 0.00019529536657200176
11520.0 0.0001852598774685348
11530.0 0.00017521636971461207
11540.0 0.0001651648403430741
11550.0 0.0001552375221386363
11560.0 0.00014516135746430817
11570.0 0.0001350771554223083
11580.0 0.00012498491304153365
11590.0 0.0001148846273505282
11600.0 0.00010486553617736103
11610.0 9.474111554572938e-05
11620.0 8.46085121223316e-05
11630.0 7.446772288586508e-05
11640.0 6.4373486732184e-05
11650.0 5.4207672000123636e-05
11653.189453125 5.0963608045309584e-05
11660.0 5.7920905332914804e-05
11670.0 6.81432851281346e-05
11680.0 7.8373882196137e-05
11690.0 8.868805401952512e-05
11700.0 9.894380858974463e-05
11703.203125 0.0001022305958237557
11710.0 9.878382918902973e-05
11720.0 9.370927810613158e-05
11730.0 8.870591903151885e-05
11740.0 8.361883899534454e-05
11750.0 7.852764776707583e-05
11760.0 7.343234383098367e-05
11770.0 6.833292567117542e-05
11780.0 6.328306948629535e-05
11790.0 5.8171082261154434e-05
11800.0 5.3054972767064454e-05
11803.23046875 5.139907162083927e-05
11810.0 5.4892251740390146e-05
11820.0 6.010562007942107e-05
11830.0 6.527516063684858e-05
11840.0 7.044742878418573e-05
11850.0 7.562242495459692e-05
11860.0 8.086862748710516e-05
11870.0 8.605347142316781e-05
11880.0 9.124104699461512e-05
11890.0 9.643135463479458e-05
11900.0 0.0001017104482437152
11903.2568359375 0.00010340375882350261
11910.0 0.00011735812313311722
11920.0 0.00013806135500311244
11930.0 0.00015877550869901073
11940.0 0.0001795005859532227
11950.0 0.00020040598111096506
11953.26953125 0.0002071937895878409
11960.0 0.00018631415247604297
11970.0 0.0001552778750577794
11980.0 0.00012422519728111844
11990.0 9.323486588717797e-05
12000.0 6.212310153418457e-05
12003.2841796875 5.190394721183805e-05
12010.0 7.283177907764544e-05
12020.0 0.00010401388544862303
12030.0 0.00013533426798032372
12040.0 0.00016659091542910846
12050.0 0.0001978716804734496
12053.2978515625 0.00020819290238226508
12060.0 0.00020127905629734112
12070.0 0.00019111765605357302
12080.0 0.0001807783750093788
12090.0 0.0001704310736964751
12100.0 0.00016007574895671238
12103.310546875 0.00015668952929701152
12110.0 0.00015681699514729136
12120.0 0.00015687546928905958
12130.0 0.00015693395771177658
12140.0 0.0001569924604170319
12150.0 0.00015718327697648645
12160.0 0.00015724185755826737
12170.0 0.0001573004524393895
12180.0 0.00015735906162144323
12190.0 0.00015755019777103824
12200.0 0.00015760888492044167
12203.337890625 0.0001576236465857319
12210.0 0.0001541549223932351
12220.0 0.00014907099021996089
12230.0 0.0001438543221773415
12240.0 0.00013863457433328644
12250.0 0.0001334117457962011
12260.0 0.00012829354705141992
12270.0 0.00012306016066024425
12280.0 0.00011782368830960888
12290.0 0.00011258412910665849
12300.0 0.0001074316135602616
12303.3662109375 0.00010566465079124535
12310.0 0.00010334836501181227
12320.0 9.985500317760915e-05
12330.0 9.635958041671556e-05
12340.0 9.293999492747329e-05
12350.0 8.943751287627168e-05
12360.0 8.593296637915085e-05
12370.0 8.242635483914361e-05
12380.0 7.89838313626327e-05
12390.0 7.547014502222708e-05
12400.0 7.195439011497165e-05
12410.0 6.844476945925113e-05
12420.0 6.498661847737686e-05
12430.0 6.146822235330203e-05
12440.0 5.794690657068813e-05
12450.0 5.442267000705176e-05
12453.40625 5.323672911087773e-05
12460.0 6.732633430353478e-05
12470.0 8.86645094189362e-05
12480.0 0.00011002027199427225
12490.0 0.00013139362877321358
12500.0 0.00015291233878184226
12503.419921875 0.00016022569405167895
12510.0 0.0001461912032136857
12520.0 0.00012485581856782244
12530.0 0.00010351244683404412
12540.0 8.222972646976632e-05
12550.0 6.085255058039028e-05
12553.4326171875 5.351274425504999e-05
12560.0 6.054588505030461e-05
12570.0 7.131786721235725e-05
12580.0 8.204329241187993e-05
12590.0 9.277270000216422e-05
12600.0 0.0001035060878348566
12603.447265625 0.00010723635614643981
12610.0 0.00010496277497236154
12620.0 0.00010140283551887126
12630.0 9.784186362683724e-05
12640.0 9.427985997281835e-05
12650.0 9.079241710599793e-05
12660.0 8.722538212080722e-05
12670.0 8.365731654830045e-05
12680.0 8.008822106762739e-05
12690.0 7.658181132400034e-05
12700.0 7.30076844443148e-05
12710.0 6.943252884107185e-05
12720.0 6.585634519601718e-05
12730.0 6.233094335871717e-05
12740.0 5.874972898989598e-05
12750.0 5.516748777403676e-05
12753.48828125 5.391765984296398e-05
12760.0 6.0943725075524526e-05
12770.0 7.173613368138225e-05
12780.0 8.260021345209013e-05
12790.0 9.340772300788877e-05
12800.0 0.00010421829410146547
12803.5009765625 0.00010799752661368203
12810.0 0.00011501139199380485
12820.0 0.0001259076469674167
12830.0 0.00013670786026554084
12840.0 0.0001475075586227738
12850.0 0.0001583067398974242
12853.5146484375 0.00016214942649368382
12860.0 0.00015522158403741536
12870.0 0.00014440518904631401
12880.0 0.0001335892966332792
12890.0 0.00012277390894150202
12900.0 0.00011205186746982456
12910.0 0.00010122852809075323
12920.0 9.04057002873989e-05
12930.0 7.95833862054138e-05
12940.0 6.881855286487464e-05
12950.0 5.798830787807247e-05
12953.5419921875 5.4152368306181634e-05
12960.0 8.909709974226128e-05
12970.0 0.0001432056300015095
12980.0 0.00019731151578199574
12990.0 0.00025162288087128814
13000.0 0.0003057682328108812
13003.5556640625 0.0003250592166184012
13010.0 0.00031954143221584163
13020.0 0.0003109747262936989
13030.0 0.0003026527047559425
13040.0 0.0002940679947086874
13050.0 0.00028547782265772804
13060.0 0.00027688218660518996
13070.0 0.00026828108455272565
13080.0 0.00025988910597697
13090.0 0.0002512699490553329
13100.0 0.00024264531561390103
13110.0 0.00023401520365077969
13120.0 0.00022537961116359987
13130.0 0.00021691751936214862
13140.0 0.00020826381946785358
13150.0 0.00019960462850875452
13160.0 0.00019093994447893044
13170.0 0.00018242015999325663
13180.0 0.00017373732531921946
13190.0 0.0001650489870164279
13200.0 0.00015635514307540445
13210.0 0.0001476250296774072
13220.0 0.00013900753769438608
13230.0 0.00013026647636907147
13240.0 0.00012152353910575018
13250.0 0.00011277872572030416
13253.6240234375 0.00010960912166176126
13260.0 0.00010961404896499914
13270.0 0.0001096217768080359
13280.0 0.00010971981314826642
13290.0 0.00010972754717054926
13300.0 0.00010973528109939354
13310.0 0.00010974301493472541
13320.0 0.00010975074867647101
13330.0 0.00010984881197401904
13340.0 0.00010985655189297396
13350.0 0.00010986429171804363
13360.0 0.00010987203144915397
13370.0 0.00010987977108623108
13380.0 0.00010988751062920084
13390.0 0.00010998562868738203
13400.0 0.00010999337440681366
13403.6640625 0.00010997430946901961
13410.0 0.00010994445643969026
13420.0 0.0001098973399506027
13430.0 0.00010985022407319003
13440.0 0.00010980310880796034
13450.0 0.00010984618406698246
13460.0 0.00010979903131257249
13470.0 0.00010975187917237385
13480.0 0.00010970472764689493
13490.0 0.00010965757673664402
13500.0 0.00010961042644212943
13503.6923828125 0.00010962092304684173
13510.0 0.00010733282685910516
13520.0 0.0001036187545531892
13530.0 9.990885983565548e-05
13540.0 9.620314117595291e-05
13550.0 9.250159704378758e-05
13560.0 8.880422590912244e-05
13570.0 8.511102624217756e-05
13580.0 8.148879372637266e-05
13590.0 7.780090940937176e-05
13600.0 7.411719539073028e-05
13610.0 7.030475339006997e-05
13620.0 6.651036744949848e-05
13630.0 6.273400931564527e-05
13640.0 5.8975650721194475e-05
13650.0 5.523526338489714e-05
13653.732421875 5.3860264470949924e-05
13660.0 5.6502966315576244e-05
13670.0 6.065805953529762e-05
13680.0 6.479198726167398e-05
13690.0 6.890478363555021e-05
13700.0 7.299648281434774e-05
13710.0 7.706711897204974e-05
13720.0 8.111672629918671e-05
13730.0 8.514533900282151e-05
13740.0 8.915299130653488e-05
13750.0 9.32160025226628e-05
13760.0 9.718508493666135e-05
13770.0 0.0001011332926372258
13780.0 0.00010506065994194583
13790.0 0.00010896722118486926
13800.0 0.00011285301071648708
13810.0 0.00011678570334710888
13820.0 0.00012070243638200003
13830.0 0.00012460323707105003
13840.0 0.00012899923745079948
13850.0 0.0001334121241500315
13860.0 0.000137954722399422
13870.0 0.0001424050798791642
13880.0 0.00014687239660028764
13890.0 0.00015135669223226227
13900.0 0.00015585798642885374
13903.7998046875 0.00015757285112429686
13910.0 0.0001534226818393436
13920.0 0.00014670661028661695
13930.0 0.0001399627805868876
13940.0 0.00013319115971031052
13950.0 0.00012639171465323023
13960.0 0.00011956441243817665
13970.0 0.00011270922011386189
13980.0 0.0001058261047551757
13990.0 9.891503346318217e-05
14000.0 9.197597336511573e-05
14010.0 8.49258061585095e-05
14020.0 7.786146340337191e-05
14030.0 7.078293849521724e-05
14040.0 6.369022483984514e-05
14050.0 5.658331585334905e-05
14053.8408203125 5.384990529864831e-05
14060.0 6.051564939231115e-05
14070.0 7.135536276732337e-05
14080.0 8.228366629557062e-05
14090.0 9.317502657808918e-05
14100.0 0.0001040877936767008
14103.85546875 0.00010830089668800921
14110.0 0.00010503754811197107
14120.0 9.971795486389547e-05
14130.0 9.438768779824089e-05
14140.0 8.904674200522243e-05
14150.0 8.369511258282618e-05
14160.0 7.833279463681508e-05
14170.0 7.295978328073505e-05
14180.0 6.7576073635921e-05
14190.0 6.218166083150251e-05
14200.0 5.6730157303474636e-05
14203.8818359375 5.4611532033893594e-05
14210.0 6.129497318735323e-05
14220.0 7.222016976731995e-05
14230.0 8.314693202548803e-05
14240.0 9.407525676911944e-05
14250.0 0.00010500514080426453
14253.89453125 0.00010926223949638498
14260.0 0.00010704411816694525
14270.0 0.00010341068263877412
14280.0 9.977671640837648e-05
14290.0 9.614222053784045e-05
14300.0 9.250719608965809e-05
14310.0 8.88716441267254e-05
14320.0 8.523556571234225e-05
14330.0 8.15989619102123e-05
14340.0 7.796183378444303e-05
14350.0 7.432418239954558e-05
14360.0 7.068600882043476e-05
14370.0 6.704731411242904e-05
14380.0 6.340809934125049e-05
14390.0 5.976836557302463e-05
14400.0 5.608221793440529e-05
14403.935546875 5.464653486253808e-05
14410.0 5.6850799933459756e-05
14420.0 6.0484829497696414e-05
14430.0 6.411798635125502e-05
14440.0 6.775026994965918e-05
14450.0 7.138167974844202e-05
14460.0 7.501221520314619e-05
14470.0 7.864187576932384e-05
14480.0 8.227066090253669e-05
14490.0 8.589857005835604e-05
14500.0 8.95256026923627e-05
14510.0 9.311908618888581e-05
14520.0 9.678836879289626e-05
14530.0 0.00010046018607861536
14540.0 0.00010413453858424239
14550.0 0.00010781142684794683
14553.9765625 0.00010927426923644263
14560.0 0.00011148964672106089
14570.0 0.0001151696070026685
14580.0 0.00011875477034793972
14590.0 0.00012243678530496634
14600.0 0.00012612133524171642
14610.0 0.00012979400686676253
14620.0 0.00013346839805129486
14630.0 0.00013714450872647922
14640.0 0.0001408223388234455
14650.0 0.0001443834385704493
14660.0 0.00014806168972990522
14670.0 0.00015174165869506187
14680.0 0.00015542334539696336
14690.0 0.00015910674976661883
14700.0 0.00016279187173500153
14704.017578125 0.00016421874480267908
14710.0 0.00015979847028219297
14720.0 0.00015254170413184036
14730.0 0.00014528150212936362
14740.0 0.00013801786441181905
14750.0 0.0001307507911163339
14760.0 0.00012337889810497718
14770.0 0.00011611092638352571
14780.0 0.00010883952231640706
14790.0 0.00010156468604091982
14800.0 9.420893961463788e-05
14810.0 8.692447550696035e-05
14820.0 7.963804805917231e-05
14830.0 7.234965823905313e-05
14840.0 6.500580817077567e-05
14850.0 5.771949304114069e-05
14854.0576171875 5.476242685073093e-05
14860.0 6.126921622882709e-05
14870.0 7.222134913344671e-05
14880.0 8.310794832190721e-05
14890.0 9.405691530053757e-05
14900.0 0.00010500880440668546
14904.072265625 0.00010946954150487512
14910.0 0.0001116419847624263
14920.0 0.00011521266266996664
14930.0 0.0001188762654765467
14940.0 0.00012254083726857817
14950.0 0.00012620637756438998
14960.0 0.00012976581337741997
14970.0 0.00013343026561935285
14980.0 0.0001370956841231855
14990.0 0.0001406459226613987
15000.0 0.0001443102462387479
15010.0 0.00014790466292076304
15020.0 0.00015137147630618915
15030.0 0.00015495790600586237
15040.0 0.0001585418272890413
15050.0 0.00016198924849086
15054.11328125 0.00016346044000849075
15060.0 0.0001570144483244238
15070.0 0.00014607039046103638
15080.0 0.00013502210692331094
15090.0 0.0001241021925643298
15100.0 0.00011318982033274386
15104.1259765625 0.00010865247779455081
15110.0 0.0001085799505995059
15120.0 0.00010854645145164306
15130.0 0.00010851295684554696
15140.0 0.00010838958729966606
15150.0 0.00010835612952180424
15154.1396484375 0.00010834228050631215
15160.0 0.00010197354686570185
15170.0 9.10364713501007e-05
15180.0 8.019145500000708e-05
15190.0 6.929638871632437e-05
15200.0 5.8475373917043445e-05
15204.154296875 5.398035750934898e-05
15210.0 5.396888149072343e-05
15220.0 5.390444263516781e-05
15230.0 5.388483447858821e-05
15240.0 5.3820457764594103e-05
15250.0 5.380087380287294e-05
15254.1669921875 5.3792714346705136e-05
15260.0 5.482450906377179e-05
15270.0 5.6545101004251697e-05
15280.0 5.830977473328224e-05
15290.0 6.002290228629548e-05
15300.0 6.178304859303044e-05
15310.0 6.3488712985679e-05
15320.0 6.524433957134479e-05
15330.0 6.694255955606772e-05
15340.0 6.869367428851669e-05
15350.0 7.038446982645007e-05
15360.0 7.213108073895299e-05
15370.0 7.387617157653143e-05
15380.0 7.55565656922074e-05
15390.0 7.729716303950985e-05
15400.0 7.897016462911366e-05
15410.0 8.07104252489138e-05
15420.0 8.238035232357112e-05
15430.0 8.41164892223742e-05
15440.0 8.577938757222351e-05
15450.0 8.751140721711618e-05
15460.0 8.916729668849938e-05
15470.0 9.08189477848484e-05
15480.0 9.254407956376495e-05
15490.0 9.41887397898529e-05
15500.0 9.59097717427642e-05
15510.0 9.757363049456217e-05
15520.0 9.931769923239239e-05
15530.0 0.0001009763768282318
15540.0 0.00010271819888865771
15550.0 0.00010437170845981881
15554.2490234375 0.00010507327875768173
15560.0 0.00010501502743325343
15570.0 0.00010500229412707653
15580.0 0.00010490103295030257
15590.0 0.00010488831107829903
15600.0 0.00010478709335838664
15604.26171875 0.00010477929989156513
15610.0 9.876094855500761e-05
15620.0 8.820102653223538e-05
15630.0 7.766226502235679e-05
15640.0 6.720149523956992e-05
15650.0 5.6696156309069414e-05
15654.2763671875 5.221013796130342e-05
15660.0 6.11318093282939e-05
15670.0 7.675941415414316e-05
15680.0 9.230358408493243e-05
15690.0 0.0001079076532430322
15700.0 0.00012340181580124053
15710.0 0.00013886439237150225
15720.0 0.0001544265792445465
15730.0 0.00016983920088268914
15740.0 0.0001852202576033193
15750.0 0.00020074061363926866
15754.302734375 0.00020734108395720015
15760.0 0.00020279507190335648
15770.0 0.00019482820647449259
15780.0 0.0001868772083105111
15790.0 0.00017909485045949306
15800.0 0.00017116887089271975
15810.0 0.0001632651987066728
15820.0 0.00015550964577883274
15830.0 0.0001476297540830968
15840.0 0.00013976503728657972
15850.0 0.00013191551984392325
15860.0 0.00012418759021878392
15870.0 0.00011636179497286707
15880.0 0.00010855117266560424
15890.0 0.00010075572874882574
15900.0 9.305538515146375e-05
15910.0 8.528363760234517e-05
15920.0 7.75270451800899e-05
15930.0 6.978561018149645e-05
15940.0 6.205931261871342e-05
15950.0 5.4395050052806514e-05
15954.3583984375 5.103607979845175e-05
15960.0 5.675777212625456e-05
15970.0 6.688398177504772e-05
15980.0 7.699005876093235e-05
15990.0 8.70760185563049e-05
16000.0 9.722596017324962e-05
16004.37109375 0.00010162512477753564
16010.0 0.0001072902449279018
16020.0 0.00011733948753931854
16030.0 0.00012736939190138104
16040.0 0.00013737997204270327
16050.0 0.0001473712461879873
16060.0 0.0001574800143852785
16070.0 0.00016744142218926662
16080.0 0.0001773835345361928
16090.0 0.00018730631865087686
16100.0 0.00019720979488237455
16104.3984375 0.00020155967309378223
16110.0 0.0001845304522743452
16120.0 0.00015417480495551907
16130.0 0.00012387712400257516
16140.0 9.363737153459317e-05
16150.0 6.345555466260534e-05
16154.412109375 5.017681129812129e-05
16160.0 5.577786945550008e-05
16170.0 6.574246117209768e-05
16180.0 7.568775280685106e-05
16190.0 8.561376215706756e-05
16200.0 9.552047536824342e-05
16204.42578125 9.989070470092718e-05
16210.0 0.00011280664903157657
16220.0 0.00013593586687754146
16230.0 0.00015901160885949583
16240.0 0.00018203392231352016
16249.4384765625 0.00020371451854059826
16250.0 0.00019198866462258755
16251.939453125 0.0001515002509324312
16254.439453125 0.00014897410297843157
16256.9404296875 0.00015141236376152876
16259.44140625 0.00010422031972421381
16260.0 0.00011585593521802204
16261.94140625 0.00015628413215986624
16264.4423828125 0.0002579161505717486
16266.943359375 0.0002603190873349296
16269.443359375 0.00026272060152653635
16270.0 0.0002742867719964551
16271.9443359375 0.0003146755146600121
16274.4453125 0.0002675188751650617
16276.9453125 0.00031944181509597575
16279.4462890625 0.00037133372731655226
16280.0 0.00041570092987309234
16281.947265625 0.000571684387814359
16284.447265625 0.0005245072909616615
16286.9482421875 0.0007247121142118308
16289.44921875 0.0008753523930831323
16290.0 0.0008976351159018202
16291.94921875 0.0009764710039013559
16294.4501953125 0.0011269610521010243
16296.951171875 0.0013267845581453458
16299.451171875 0.0018229059266467252
16300.0 0.0019100618270434342
16301.9521484375 0.0022199802276830385
16304.453125 0.0028143357042165495
16306.953125 0.003899532487772534
16309.4541015625 0.004836101911522758
16310.0 0.005180493080969429
16311.955078125 0.006413536632851704
16314.4560546875 0.00803940241113252
16316.9560546875 0.011390269452044358
16319.45703125 0.01429562856898635
16320.0 0.015407770621499048
16321.9580078125 0.019417119339880804
16324.4580078125 0.024437380604852673
16326.958984375 0.03561188847122635
16329.4599609375 0.04500770853025185
16330.0 0.048621629467891114
16331.9599609375 0.06173380835466237
16334.4609375 0.07677706432616452
16336.9619140625 0.10553784068667468
16339.4619140625 0.1278372018739446
16340.0 0.13514121145317354
16341.962890625 0.161777864463086
16344.4638671875 0.1890621489316876
16346.9638671875 0.23500456292004512
16349.46484375 0.26529713662838533
16350.0 0.27345863157767536
16351.9658203125 0.30342999314237634
16354.4658203125 0.3300996995436629
16356.966796875 0.3675523538618261
16359.4677734375 0.3878086237829976
16360.0 0.39237000990818727
16361.9677734375 0.40915788453481183
16364.46875 0.42203442086980575
16366.9697265625 0.43705367531305245
16369.4697265625 0.4433889660163552
16370.0 0.44464825971566946
16371.970703125 0.44940488149362856
16374.4716796875 0.4520127482363083
16376.97265625 0.45324884486384753
16379.47265625 0.4536525793541117
16380.0 0.45367577085640654
16381.9736328125 0.4537625268748572
16384.474609375 0.45362789724964403
16386.974609375 0.45383108066953287
16389.4765625 0.4540339800574357
16390.0 0.4539946166765404
16391.9765625 0.45384598492944606
16394.4765625 0.4538045295299191
16396.978515625 0.45400705988654594
16399.478515625 0.454160719811367
16400.0 0.45420293047548943
16401.978515625 0.4544160187480967
16404.48046875 0.4545387235522659
16406.98046875 0.4547097258804544
16409.48046875 0.45483235790057913
16410.0 0.4548982108370311
16411.982421875 0.45514943066354424
16414.482421875 0.45541812348876054
16416.982421875 0.4556862498885408
16419.484375 0.4557109226106875
16420.0 0.45571592343049483
16421.984375 0.45573515101706236
16424.484375 0.45551614826777465
16426.986328125 0.4557843506551947
16429.486328125 0.4560520083198988
16430.0 0.4561070015728072
16431.986328125 0.4563196196940511
16434.48828125 0.4563926539556492
16436.98828125 0.4561394277457671
16439.490234375 0.45612966895754453
16440.0 0.4560879644127049
16441.990234375 0.45592513952994435
16444.490234375 0.45576932321879515
16446.9921875 0.4556134619478605
16449.4921875 0.45550681936015286
16450.0 0.4554652833841483
16451.9921875 0.4552207651855299
16454.494140625 0.4549138472011941
16456.994140625 0.45441270329703065
16459.494140625 0.45371738818212565
16460.0 0.4536160175076906
16461.99609375 0.45329762330264556
16464.49609375 0.45289917070939373
16466.99609375 0.4524522089791159
16469.498046875 0.4520538378429566
16470.0 0.45194453311104843
16471.998046875 0.45150949869802237
16474.498046875 0.4510142672076957
16477.0 0.45022738006834623
16479.5 0.44963536113589225
16480.0 0.44943936446321514
16482.001953125 0.44865470217257103
16484.501953125 0.44767481951827937
16487.001953125 0.4460989877879869
16489.50390625 0.4450090287214391
16490.0 0.4446868106550418
16492.00390625 0.44338542840398454
16494.505859375 0.44195669940712673
16497.005859375 0.43980063866967334
16499.505859375 0.43827587184236
16500.0 0.43785977124367154
16502.0078125 0.43616929728298637
16504.5078125 0.43464544936239713
16507.0078125 0.43215335476119654
16509.509765625 0.4306793654969924
16510.0 0.43035247258657244
16512.009765625 0.42901251505593896
16514.509765625 0.4280236953376216
16517.01171875 0.42718089225146333
16519.51171875 0.4270162362967099
16520.0 0.42708801206138086
16522.01171875 0.4273057830627615
16524.513671875 0.4273828884085586
16527.013671875 0.4280882010441165
16529.513671875 0.42826100208615164
16530.0 0.4280032914995506
16532.015625 0.4270136404297817
16534.515625 0.42438436454973394
16537.015625 0.4157207494280873
16539.517578125 0.4059970809944575
16540.0 0.40241513500087867
16542.017578125 0.38743698450742076
16544.517578125 0.3697996732523242
16547.01953125 0.33497719042392987
16549.51953125 0.30880769537267233
16550.0 0.30158935129129455
16552.01953125 0.27125331923383
16554.521484375 0.23872984422907653
16557.021484375 0.19256056103589536
16559.521484375 0.16507971766634744
16560.0 0.15781299846209615
16562.0234375 0.12708972817043443
16564.5234375 0.10392085298068854
16567.0234375 0.07545427552403257
16569.525390625 0.0601611030572438
16570.0 0.05706606200493432
16572.025390625 0.04385187828545963
16574.525390625 0.034298873051248305
16577.02734375 0.023597223280449164
16579.52734375 0.01863357455341688
16580.0 0.01764096093653229
16582.02734375 0.013387468930143902
16584.529296875 0.010454149018213404
16587.029296875 0.007281056205438646
16589.529296875 0.005744978948143085
16590.0 0.005501304042045463
16592.03125 0.0044499181080995525
16594.53125 0.003540097197066554
16597.03125 0.002534399556044598
16599.533203125 0.002346454250303042
16600.0 0.0022305694049055444
16602.033203125 0.0017250038509973142
16604.533203125 0.0014883696715870393
16607.03515625 0.0011513737241451549
16609.53515625 0.0009587190257228514
16610.0 0.0009229313482514965
16612.03515625 0.0007662271105896651
16614.537109375 0.0007176063829101789
16617.037109375 0.0006212876035996191
16619.5390625 0.0004774267419908604
16620.0 0.00047733690569241215
16622.0390625 0.0004770288070956206
16624.5390625 0.00033365552473136966
16627.041015625 0.0004286459138129169
16629.541015625 0.00028553725056196727
16630.0 0.0002767667093923884
16632.04296875 0.00023775904546081828
16634.54296875 0.00023757040456619287
16637.04296875 0.00018990652499472773
16639.544921875 0.0002846349830867544
16640.0 0.00025005754298750395
16642.044921875 9.480373436746839e-05
16644.544921875 0.00023682176248838898
16647.046875 0.00018930779490785576
16649.546875 0.00014186901544335485
16650.0 0.00013327871163270022
16652.046875 9.448694755836848e-05
16654.548828125 0.00014158543422910936
16657.048828125 9.66510524164134e-05
16660.0 9.638794017822077e-05
16670.0 9.558776334174269e-05
16680.0 9.479129218873346e-05
16690.0 9.391173935027422e-05
16700.0 9.312332076437349e-05
16704.5625 9.276483425582517e-05
16710.0 9.15983539193628e-05
16720.0 8.937967770416949e-05
16730.0 8.725810094884138e-05
16740.0 8.514875231244443e-05
16750.0 8.297435546414183e-05
16760.0 8.089124862740292e-05
16770.0 7.882027738038053e-05
16780.0 7.668972218897919e-05
16790.0 7.464473842779389e-05
16800.0 7.254378718895452e-05
16810.0 7.052766909757307e-05
16820.0 6.852326372525148e-05
16830.0 6.646799642065988e-05
16840.0 6.448872300577227e-05
16850.0 6.246212796061037e-05
16860.0 6.05078465619114e-05
16870.0 5.8509760360844144e-05
16880.0 5.658032464455725e-05
16890.0 5.4662379423925756e-05
16900.0 5.2705847953044346e-05
16910.0 5.081255949558248e-05
16920.0 4.8884107634936366e-05
16930.0 4.701533053524299e-05
16940.0 4.5114800422488566e-05
16950.0 4.327039052093132e-05
16954.630859375 4.240130496800595e-05
16960.0 4.321388440184412e-05
16970.0 4.4716673775498505e-05
16980.0 4.625008916059295e-05
16990.0 4.7726835845194324e-05
17000.0 4.9237305464736604e-05
17010.0 5.0649595104140455e-05
17020.0 5.20962581653878e-05
17030.0 5.3478134506635686e-05
17040.0 5.484417668479494e-05
17050.0 5.624905794872122e-05
17060.0 5.758503688241349e-05
17070.0 5.896277959247251e-05
17080.0 6.026892162139394e-05
17090.0 6.155954172344424e-05
17100.0 6.289624393431795e-05
17110.0 6.415737563823165e-05
17120.0 6.540317404508142e-05
17130.0 6.669928476031889e-05
17140.0 6.791594233875438e-05
17150.0 6.911745474776175e-05
17160.0 7.03734217346296e-05
17170.0 7.15461399482878e-05
17180.0 7.270390061812021e-05
17190.0 7.392017040793704e-05
17200.0 7.504948257908553e-05
17204.697265625 7.528808330295639e-05
17210.0 7.376422810477928e-05
17220.0 7.093189597223415e-05
17230.0 6.822161157276285e-05
17240.0 6.549404263814019e-05
17250.0 6.281973883226392e-05
17260.0 6.019840572511283e-05
17270.0 5.7629734217753314e-05
17280.0 5.5169099443037314e-05
17290.0 5.2702476535583256e-05
17300.0 5.028765555300191e-05
17310.0 4.7924342430057905e-05
17320.0 4.561223132165361e-05
17330.0 4.335102836028619e-05
17340.0 4.1140428982711843e-05
17350.0 3.9020036813732356e-05
17360.0 3.690767373161431e-05
17370.0 3.4845061887301716e-05
17380.0 3.2831907949005e-05
17390.0 3.0867912318300707e-05
17400.0 2.895277623886691e-05
17404.751953125 2.7871359901114883e-05
17410.0 2.74207471248551e-05
17420.0 2.6565051303668705e-05
17430.0 2.57132043059945e-05
17440.0 2.4865199406572214e-05
17450.0 2.402103625431906e-05
17460.0 2.3180708324191586e-05
17470.0 2.2344215070799733e-05
17480.0 2.151155151588882e-05
17490.0 2.0682712879514483e-05
17500.0 1.985769832531785e-05
17504.779296875 1.94647478645303e-05
17510.0 1.903617720623435e-05
17520.0 1.821821660451364e-05
17530.0 1.7404120319504866e-05
17540.0 1.659388674942623e-05
17550.0 1.5787510892623047e-05
17560.0 1.4984987945445337e-05
17570.0 1.4186316017851601e-05
17580.0 1.3391489404684343e-05
17590.0 1.2600506024086402e-05
17600.0 1.1800630619674866e-05
17610.0 1.1335550581800525e-05
17620.0 1.0872657083144985e-05
17630.0 1.041194960842759e-05
17640.0 9.953425480163534e-06
17650.0 9.497082134765061e-06
17654.8203125 9.273006911417721e-06
17660.0 9.033054929727589e-06
17670.0 8.581577365783048e-06
17680.0 8.132271322702437e-06
17690.0 7.685134380019406e-06
17700.0 7.2321739335093465e-06
17710.0 6.789843156755452e-06
17720.0 6.349675936106222e-06
17730.0 5.911669966665071e-06
17740.0 5.469719629191472e-06
17750.0 5.0365022145273735e-06
17760.0 4.605440767582607e-06
17770.0 4.176532734875346e-06
17780.0 3.7455541274678293e-06
17790.0 3.321417541175649e-06
17800.0 2.899428870690978e-06
17810.0 2.781076583563578e-06
17820.0 2.6665720419198504e-06
17830.0 2.549716876950307e-06
17840.0 2.436461840724227e-06
17850.0 2.3237690290958323e-06
17854.875 2.2677636557024665e-06
17860.0 2.2090778166725443e-06
17870.0 2.0976036880473723e-06
17880.0 1.984393818019608e-06
17890.0 1.8741694049832917e-06
17900.0 1.762453396150449e-06
17910.0 1.6534762560261326e-06
17920.0 1.5432513318645734e-06
17930.0 1.4355190241562838e-06
17940.0 1.326782410548801e-06
17950.0 1.2202924969405063e-06
17960.0 1.1130414221753116e-06
17970.0 1.0077914665299835e-06
17980.0 9.020231612996847e-07
17990.0 7.980107296583591e-07
18000.0 6.937224270589461e-07
18001.0 0.0
18002.0 0.0
18054.9296875 0.0
18104.943359375 0.0
18200.0 0.0
18400.0 0.0
18505.05078125 0.0
18600.0 0.0
18605.078125 0.0
18800.0 0.0
19000.0 0.0
19105.21484375 0.0
19200.0 0.0
19205.2421875 0.0
19305.26953125 0.0
19400.0 0.0
19405.296875 0.0
19505.32421875 0.0
19555.337890625 0.0
19600.0 0.0
19605.3515625 0.0
19655.36328125 0.0
19705.37890625 0.0
19755.392578125 0.0
19800.0 0.0
19805.404296875 0.0
19855.419921875 0.0
19905.431640625 0.0
19955.4453125 0.0
20000.0 0.0
20001.0 0.0
20002.0 0.0
20005.4609375 0.0
20006.4609375 0.0
20007.4609375 0.0
30000.0 0.0
30010.0 0.0
