# WAVELENGTH THROUGHPUT
500.0 0.0
998.0 0.0
999.0 0.0
1000.0 0.0
1010.0 0.0
1020.0 0.0
1030.0 0.0
1040.0 0.0
1050.0 0.0
1060.0 0.0
1070.0 0.0
1080.0 0.0
1090.0 0.0
1100.0 0.0
1110.0 0.0
1120.0 0.0
1130.0 0.0
1140.0 0.0
1150.0 0.0
1160.0 0.0
1170.0 0.0
1180.0 0.0
1190.0 0.0
1200.0 0.0
1210.0 0.0
1220.0 0.0
1230.0 0.0
1240.0 0.0
1250.0 0.0
1260.0 0.0
1270.0 0.0
1280.0 0.0
1290.0 0.0
1300.0 0.0
1310.0 0.0
1320.0 0.0
1330.0 0.0
1340.0 0.0
1350.0 0.0
1360.0 0.0
1370.0 0.0
1380.0 0.0
1390.0 0.0
1400.0 0.0
1410.0 0.0
1420.0 0.0
1430.0 0.0
1440.0 0.0
1450.0 0.0
1460.0 0.0
1470.0 0.0
1480.0 0.0
1490.0 0.0
1500.0 0.0
1510.0 0.0
1520.0 0.0
1530.0 0.0
1540.0 0.0
1550.0 0.0
1560.0 0.0
1570.0 0.0
1580.0 0.0
1590.0 0.0
1600.0 0.0
1610.0 0.0
1620.0 0.0
1630.0 0.0
1640.0 0.0
1650.0 0.0
1660.0 0.0
1670.0 0.0
1680.0 0.0
1690.0 0.0
1700.0 0.0
1710.0 0.0
1720.0 0.0
1730.0 0.0
1740.0 0.0
1750.0 0.0
1760.0 0.0
1770.0 0.0
1780.0 0.0
1790.0 0.0
1800.0 0.0
1810.0 0.0
1820.0 0.0
1830.0 0.0
1840.0 0.0
1850.0 0.0
1860.0 0.0
1870.0 0.0
1880.0 0.0
1890.0 0.0
1900.0 0.0
1910.0 0.0
1920.0 0.0
1930.0 0.0
1940.0 0.0
1950.0 0.0
1960.0 0.0
1970.0 0.0
1980.0 0.0
1988.0 0.0
1989.0 0.0
1990.0 0.0
2000.0 0.0
2010.0 0.0
2020.0 0.0
2030.0 0.0
2040.0 0.0
2050.0 0.0
2060.0 0.0
2070.0 0.0
2080.0 0.0
2090.0 0.0
2100.0 0.0
2110.0 0.0
2120.0 0.0
2130.0 0.0
2140.0 0.0
2150.0 0.0
2160.0 0.0
2170.0 0.0
2180.0 0.0
2190.0 0.0
2200.0 0.0
2210.0 0.0
2220.0 0.0
2230.0 0.0
2240.0 0.0
2250.0 0.0
2260.0 0.0
2270.0 0.0
2280.0 0.0
2290.0 0.0
2300.0 0.0
2310.0 0.0
2320.0 0.0
2330.0 0.0
2340.0 0.0
2350.0 0.0
2360.0 0.0
2370.0 0.0
2380.0 0.0
2390.0 0.0
2400.0 0.0
2410.0 0.0
2420.0 0.0
2430.0 0.0
2440.0 0.0
2450.0 0.0
2460.0 0.0
2470.0 0.0
2480.0 0.0
2490.0 0.0
2500.0 0.0
2510.0 0.0
2520.0 0.0
2530.0 0.0
2540.0 0.0
2550.0 0.0
2560.0 0.0
2570.0 0.0
2580.0 0.0
2590.0 0.0
2600.0 0.0
2610.0 0.0
2620.0 0.0
2630.0 0.0
2640.0 0.0
2650.0 0.0
2660.0 0.0
2670.0 0.0
2680.0 0.0
2690.0 0.0
2700.0 0.0
2710.0 0.0
2720.0 0.0
2730.0 0.0
2740.0 0.0
2750.0 0.0
2760.0 0.0
2770.0 0.0
2780.0 0.0
2790.0 0.0
2800.0 0.0
2810.0 0.0
2820.0 0.0
2830.0 0.0
2840.0 0.0
2850.0 0.0
2860.0 0.0
2870.0 0.0
2880.0 0.0
2890.0 0.0
2900.0 0.0
2910.0 0.0
2920.0 0.0
2930.0 0.0
2940.0 0.0
2950.0 0.0
2960.0 0.0
2970.0 0.0
2980.0 0.0
2990.0 0.0
3000.0 0.0
3010.0 0.0
3020.0 0.0
3030.0 0.0
3040.0 0.0
3050.0 0.0
3060.0 0.0
3070.0 0.0
3080.0 0.0
3090.0 0.0
3100.0 0.0
3110.0 0.0
3120.0 0.0
3130.0 0.0
3140.0 0.0
3150.0 0.0
3160.0 0.0
3170.0 0.0
3180.0 0.0
3190.0 0.0
3200.0 0.0
3210.0 0.0
3220.0 0.0
3230.0 0.0
3240.0 0.0
3250.0 0.0
3260.0 0.0
3270.0 0.0
3280.0 0.0
3290.0 0.0
3300.0 0.0
3310.0 0.0
3320.0 0.0
3330.0 0.0
3340.0 0.0
3350.0 0.0
3360.0 0.0
3370.0 0.0
3380.0 0.0
3390.0 0.0
3400.0 0.0
3410.0 0.0
3420.0 0.0
3430.0 0.0
3440.0 0.0
3450.0 0.0
3460.0 0.0
3470.0 0.0
3480.0 0.0
3490.0 0.0
3500.0 0.0
3510.0 0.0
3520.0 0.0
3530.0 0.0
3540.0 0.0
3550.0 0.0
3560.0 0.0
3570.0 0.0
3580.0 0.0
3590.0 0.0
3600.0 0.0
3610.0 0.0
3620.0 0.0
3630.0 0.0
3640.0 0.0
3650.0 0.0
3660.0 0.0
3670.0 0.0
3680.0 0.0
3690.0 0.0
3700.0 0.0
3710.0 0.0
3720.0 0.0
3730.0 0.0
3740.0 0.0
3750.0 0.0
3760.0 0.0
3770.0 0.0
3780.0 0.0
3790.0 0.0
3800.0 0.0
3810.0 0.0
3820.0 0.0
3830.0 0.0
3840.0 0.0
3850.0 0.0
3860.0 0.0
3870.0 0.0
3880.0 0.0
3890.0 0.0
3900.0 0.0
3910.0 0.0
3920.0 0.0
3930.0 0.0
3940.0 0.0
3950.0 0.0
3960.0 0.0
3970.0 0.0
3980.0 0.0
3990.0 0.0
3998.0 0.0
3999.0 0.0
4000.0 0.0
4010.0 0.0
4020.0 0.0
4030.0 0.0
4040.0 0.0
4050.0 0.0
4060.0 0.0
4070.0 0.0
4080.0 0.0
4090.0 0.0
4100.0 0.0
4110.0 0.0
4120.0 0.0
4130.0 0.0
4140.0 0.0
4150.0 0.0
4160.0 0.0
4170.0 0.0
4180.0 0.0
4190.0 0.0
4200.0 0.0
4210.0 0.0
4220.0 0.0
4230.0 0.0
4240.0 0.0
4250.0 0.0
4260.0 0.0
4270.0 0.0
4280.0 0.0
4290.0 0.0
4300.0 0.0
4310.0 0.0
4320.0 0.0
4330.0 0.0
4340.0 0.0
4350.0 0.0
4360.0 0.0
4370.0 0.0
4380.0 0.0
4390.0 0.0
4400.0 0.0
4410.0 0.0
4420.0 0.0
4430.0 0.0
4440.0 0.0
4450.0 0.0
4460.0 0.0
4470.0 0.0
4480.0 0.0
4490.0 0.0
4500.0 0.0
4510.0 0.0
4520.0 0.0
4530.0 0.0
4540.0 0.0
4550.0 0.0
4560.0 0.0
4570.0 0.0
4580.0 0.0
4590.0 0.0
4600.0 0.0
4610.0 0.0
4620.0 0.0
4630.0 0.0
4640.0 0.0
4650.0 0.0
4660.0 0.0
4670.0 0.0
4680.0 0.0
4690.0 0.0
4700.0 0.0
4710.0 0.0
4720.0 0.0
4730.0 0.0
4740.0 0.0
4750.0 0.0
4760.0 0.0
4770.0 0.0
4780.0 0.0
4790.0 0.0
4800.0 0.0
4810.0 0.0
4820.0 0.0
4830.0 0.0
4840.0 0.0
4850.0 0.0
4860.0 0.0
4870.0 0.0
4880.0 0.0
4890.0 0.0
4900.0 0.0
4910.0 0.0
4920.0 0.0
4930.0 0.0
4940.0 0.0
4950.0 0.0
4960.0 0.0
4970.0 0.0
4980.0 0.0
4990.0 0.0
5000.0 0.0
5010.0 0.0
5020.0 0.0
5030.0 0.0
5040.0 0.0
5050.0 0.0
5060.0 0.0
5070.0 0.0
5080.0 0.0
5090.0 0.0
5100.0 0.0
5110.0 0.0
5120.0 0.0
5130.0 0.0
5140.0 0.0
5150.0 0.0
5160.0 0.0
5170.0 0.0
5180.0 0.0
5190.0 0.0
5200.0 0.0
5210.0 0.0
5220.0 0.0
5230.0 0.0
5240.0 0.0
5250.0 0.0
5260.0 0.0
5270.0 0.0
5280.0 0.0
5290.0 0.0
5300.0 0.0
5310.0 0.0
5320.0 0.0
5330.0 0.0
5340.0 0.0
5350.0 0.0
5360.0 0.0
5370.0 0.0
5380.0 0.0
5390.0 0.0
5400.0 0.0
5410.0 0.0
5420.0 0.0
5430.0 0.0
5440.0 0.0
5450.0 0.0
5460.0 0.0
5470.0 0.0
5480.0 0.0
5490.0 0.0
5500.0 0.0
5510.0 0.0
5520.0 0.0
5530.0 0.0
5540.0 0.0
5550.0 0.0
5560.0 0.0
5570.0 0.0
5580.0 0.0
5590.0 0.0
5600.0 0.0
5610.0 0.0
5620.0 0.0
5630.0 0.0
5640.0 0.0
5650.0 0.0
5660.0 0.0
5670.0 0.0
5680.0 0.0
5690.0 0.0
5700.0 0.0
5710.0 0.0
5720.0 0.0
5730.0 0.0
5740.0 0.0
5750.0 0.0
5760.0 0.0
5770.0 0.0
5780.0 0.0
5790.0 0.0
5800.0 0.0
5810.0 0.0
5820.0 0.0
5830.0 0.0
5840.0 0.0
5850.0 0.0
5860.0 0.0
5870.0 0.0
5880.0 0.0
5890.0 0.0
5900.0 0.0
5910.0 0.0
5920.0 0.0
5930.0 0.0
5940.0 0.0
5950.0 0.0
5960.0 0.0
5970.0 0.0
5980.0 0.0
5990.0 0.0
6000.0 0.0
6010.0 0.0
6020.0 0.0
6030.0 0.0
6040.0 0.0
6050.0 0.0
6060.0 0.0
6070.0 0.0
6080.0 0.0
6090.0 0.0
6100.0 0.0
6110.0 0.0
6120.0 0.0
6130.0 0.0
6140.0 0.0
6150.0 0.0
6160.0 0.0
6170.0 0.0
6180.0 0.0
6190.0 0.0
6200.0 0.0
6210.0 0.0
6220.0 0.0
6230.0 0.0
6240.0 0.0
6250.0 0.0
6260.0 0.0
6270.0 0.0
6280.0 0.0
6290.0 0.0
6300.0 0.0
6310.0 0.0
6320.0 0.0
6330.0 0.0
6340.0 0.0
6350.0 0.0
6360.0 0.0
6370.0 0.0
6380.0 0.0
6390.0 0.0
6400.0 0.0
6410.0 0.0
6420.0 0.0
6430.0 0.0
6440.0 0.0
6450.0 0.0
6460.0 0.0
6470.0 0.0
6480.0 0.0
6490.0 0.0
6500.0 0.0
6510.0 0.0
6520.0 0.0
6530.0 0.0
6540.0 0.0
6550.0 0.0
6560.0 0.0
6570.0 0.0
6580.0 0.0
6590.0 0.0
6600.0 0.0
6610.0 0.0
6620.0 0.0
6630.0 0.0
6640.0 0.0
6650.0 0.0
6660.0 0.0
6670.0 0.0
6680.0 0.0
6690.0 0.0
6700.0 0.0
6710.0 0.0
6720.0 0.0
6730.0 0.0
6740.0 0.0
6750.0 0.0
6760.0 0.0
6770.0 0.0
6780.0 0.0
6790.0 0.0
6800.0 0.0
6810.0 0.0
6820.0 0.0
6830.0 0.0
6840.0 0.0
6850.0 0.0
6860.0 0.0
6870.0 0.0
6880.0 0.0
6890.0 0.0
6900.0 0.0
6910.0 0.0
6920.0 0.0
6930.0 0.0
6940.0 0.0
6950.0 0.0
6960.0 0.0
6970.0 0.0
6980.0 0.0
6990.0 0.0
7000.0 0.0
7010.0 0.0
7020.0 0.0
7030.0 0.0
7040.0 0.0
7050.0 0.0
7060.0 0.0
7070.0 0.0
7080.0 0.0
7090.0 0.0
7100.0 0.0
7110.0 0.0
7120.0 0.0
7130.0 0.0
7140.0 0.0
7150.0 0.0
7160.0 0.0
7170.0 0.0
7180.0 0.0
7190.0 0.0
7200.0 0.0
7210.0 0.0
7220.0 0.0
7230.0 0.0
7240.0 0.0
7249.998046875 0.0
7250.0 0.0
7250.998046875 0.0
7251.998046875 0.0
7260.0 0.0
7270.0 0.0
7280.0 0.0
7290.0 0.0
7300.0 0.0
7302.01123046875 0.0
7310.0 0.0
7320.0 0.0
7330.0 0.0
7340.0 0.0
7350.0 0.0
7352.02490234375 0.0
7360.0 0.0
7370.0 0.0
7380.0 0.0
7390.0 0.0
7400.0 0.0
7402.0380859375 0.0
7410.0 0.0
7420.0 0.0
7430.0 0.0
7440.0 0.0
7450.0 0.0
7460.0 0.0
7470.0 0.0
7480.0 0.0
7490.0 0.0
7500.0 0.0
7502.0654296875 0.0
7510.0 0.0
7520.0 0.0
7530.0 0.0
7540.0 0.0
7550.0 0.0
7552.07861328125 0.0
7560.0 0.0
7570.0 0.0
7580.0 0.0
7590.0 0.0
7600.0 0.0
7602.09228515625 0.0
7610.0 0.0
7620.0 0.0
7630.0 0.0
7640.0 0.0
7650.0 0.0
7652.10595703125 0.0
7660.0 0.0
7670.0 0.0
7680.0 0.0
7690.0 0.0
7700.0 0.0
7702.119140625 0.0
7710.0 0.0
7720.0 0.0
7730.0 0.0
7740.0 0.0
7750.0 0.0
7752.1328125 0.0
7760.0 0.0
7770.0 0.0
7780.0 0.0
7790.0 0.0
7800.0 0.0
7802.14599609375 0.0
7810.0 0.0
7820.0 0.0
7830.0 0.0
7840.0 0.0
7850.0 0.0
7860.0 0.0
7870.0 0.0
7880.0 0.0
7890.0 0.0
7900.0 0.0
7910.0 0.0
7920.0 0.0
7930.0 0.0
7940.0 0.0
7950.0 0.0
7952.1865234375 0.0
7960.0 0.0
7970.0 0.0
7980.0 0.0
7990.0 0.0
7998.0 0.0
7999.0 0.0
8000.0 3.0155455572065524e-05
8010.0 3.021572422199479e-05
8020.0 3.0279895020258844e-05
8030.0 3.0346194148972876e-05
8040.0 3.0409271389904808e-05
8050.0 3.0472909108655715e-05
8060.0 3.053675634571178e-05
8070.0 3.0600713514506686e-05
8080.0 3.0664834602064166e-05
8090.0 3.072912004945859e-05
8100.0 3.079346221786164e-05
8110.0 3.085796669824507e-05
8120.0 3.092253306556773e-05
8130.0 3.0987262234609095e-05
8140.0 3.105210274830537e-05
8150.0 3.111700021503531e-05
8160.0 3.1182066316581865e-05
8170.0 3.124724164630004e-05
8180.0 3.1312476637192417e-05
8190.0 3.143910234818324e-05
8200.0 3.156609114721e-05
8210.0 3.1687113982783474e-05
8220.0 3.1808510896759466e-05
8230.0 3.1930239586219924e-05
8240.0 3.20295485958541e-05
8250.0 3.212905829294455e-05
8252.267578125 3.215164424357619e-05
8260.0 3.2231392293382624e-05
8270.0 3.2334628872434934e-05
8280.0 3.24381005265634e-05
8290.0 3.2541736094532433e-05
8300.0 3.264549607828576e-05
8302.28125 3.2669203724451766e-05
8310.0 3.274962440580307e-05
8320.0 3.285396253063502e-05
8330.0 3.295842072696127e-05
8340.0 3.3063116173974044e-05
8350.0 3.3167923655710465e-05
8360.0 3.327296874447782e-05
8370.0 3.330754041152743e-05
8380.0 3.3342051609953406e-05
8390.0 3.337661801056717e-05
8400.0 3.34111791188351e-05
8410.0 3.3439196416856185e-05
8420.0 3.3467163625488555e-05
8430.0 3.3495197203144755e-05
8440.0 3.352323891930169e-05
8450.0 3.355128367108003e-05
8452.322265625 3.355781121459435e-05
8460.0 3.357730151446455e-05
8470.0 3.3602692760624833e-05
8480.0 3.362819204064432e-05
8490.0 3.365413427415236e-05
8500.0 3.368094655487117e-05
8510.0 3.372900905326495e-05
8520.0 3.3777917202982115e-05
8530.0 3.3827182058122856e-05
8540.0 3.3876585776759095e-05
8550.0 3.388758860708724e-05
8552.3486328125 3.389016937229905e-05
8560.0 3.38916469335763e-05
8570.0 3.3893434161918286e-05
8580.0 3.389517018907455e-05
8590.0 3.389679848688884e-05
8600.0 3.389826334537609e-05
8602.3623046875 3.389731696172726e-05
8610.0 3.390800156449407e-05
8620.0 3.39218921431281e-05
8630.0 3.3935682839282194e-05
8640.0 3.400166816855061e-05
8650.0 3.406760010644158e-05
8652.3759765625 3.408324223268894e-05
8660.0 3.412479625722475e-05
8670.0 3.417926253786411e-05
8680.0 3.423363362356863e-05
8690.0 3.428789817813855e-05
8700.0 3.434207660751652e-05
8710.0 3.4396088253427855e-05
8720.0 3.4450055895462626e-05
8730.0 3.466653729663267e-05
8740.0 3.4883883293409164e-05
8750.0 3.510209872576738e-05
8760.0 3.5321177490459636e-05
8770.0 3.554106848969269e-05
8780.0 3.576189009743723e-05
8790.0 3.598358631609876e-05
8800.0 3.620615120821714e-05
8810.0 3.637887541898903e-05
8820.0 3.655193878950919e-05
8830.0 3.672547265402738e-05
8840.0 3.696162948880339e-05
8850.0 3.719874977929971e-05
8852.4296875 3.725650982251204e-05
8860.0 3.743938368981276e-05
8870.0 3.7681840287372426e-05
8880.0 3.7925262352968635e-05
8890.0 3.816976475189151e-05
8900.0 3.841528815629126e-05
8902.443359375 3.8438434195293327e-05
8910.0 3.8508869875320915e-05
8920.0 3.860209612356973e-05
8930.0 3.8727334428491976e-05
8940.0 3.882071800459897e-05
8950.0 3.891405875413789e-05
8960.0 3.9039782643042635e-05
8970.0 3.913351915571839e-05
8980.0 3.9260145681628436e-05
8990.0 3.9354834208132066e-05
9000.0 3.9449733305485895e-05
9002.470703125 3.9458651170441394e-05
9010.0 4.542804431104144e-05
9020.0 5.332572251365118e-05
9030.0 6.127680593750203e-05
9040.0 6.924501081894998e-05
9050.0 7.72299192652611e-05
9052.484375 7.923273246136802e-05
9060.0 8.381446651553922e-05
9070.0 8.985664180282755e-05
9080.0 9.599214008596801e-05
9090.0 0.00010206633328183207
9100.0 0.0001081544925866683
9110.0 0.00011435162794962587
9120.0 0.00012047303948194858
9130.0 0.00012671422763319855
9140.0 0.00013286941463853567
9150.0 0.00013915539763783853
9160.0 0.00014534515712165974
9170.0 0.0001516764442647885
9180.0 0.00015790128939506448
9190.0 0.00016427840788491425
9200.0 0.00017053882035481676
9210.0 0.0001768425266887983
9220.0 0.0001830105381596016
9230.0 0.00018934429878160263
9240.0 0.00019570325231144865
9250.0 0.00020224964221601154
9252.5380859375 0.000203872528566676
9260.0 0.00019190577260715943
9270.0 0.0001759778700814557
9280.0 0.00015984449740665677
9290.0 0.00014378716624846845
9300.0 0.00012755069780813046
9302.5517578125 0.0001234268027870888
9310.0 0.0001420267181828009
9320.0 0.00016695585312205078
9330.0 0.00019211571896500588
9340.0 0.0002172048270956754
9350.0 0.00024256768624770123
9352.5654296875 0.00024903872634001747
9360.0 0.00023077530773772691
9370.0 0.00020632368996039116
9380.0 0.00018160764152118087
9390.0 0.00015695456298091382
9400.0 0.00013219028588627962
9402.5791015625 0.00012572737861773621
9410.0 0.0001195486925231837
9420.0 0.00011130974708559195
9430.0 0.00010296229987253611
9440.0 9.473973413999152e-05
9450.0 8.64131975382818e-05
9460.0 7.81356136600669e-05
9470.0 6.982698413538165e-05
9480.0 6.143542648409714e-05
9490.0 5.3071768425132045e-05
9500.0 4.467708641507379e-05
9502.6064453125 4.247284471489049e-05
9510.0 4.878097461438129e-05
9520.0 5.73732492075874e-05
9530.0 6.593782958079202e-05
9540.0 7.457893256852932e-05
9550.0 8.324787262992257e-05
9560.0 9.186664811368012e-05
9570.0 0.00010058360588512198
9580.0 0.00010932793746844801
9590.0 0.00011799950341331821
9600.0 0.00012679076535274271
9602.6328125 0.0001290973172849111
9610.0 0.00012286835393705476
9620.0 0.00011429691083172031
9630.0 0.00010580788945548755
9640.0 9.733615776862323e-05
9650.0 8.876031400933439e-05
9652.646484375 8.650786861347958e-05
9660.0 8.342571588459048e-05
9670.0 7.922162988995133e-05
9680.0 7.493949300047457e-05
9690.0 7.071047112781229e-05
9700.0 6.646740493916377e-05
9710.0 6.2157370046455e-05
9720.0 5.78900073252837e-05
9730.0 5.36087806449577e-05
9740.0 4.927192262136174e-05
9750.0 4.496708374889558e-05
9752.673828125 4.381371452257553e-05
9760.0 4.386129790874628e-05
9770.0 4.3925767032134053e-05
9780.0 4.39522063098391e-05
9790.0 4.401555837068759e-05
9800.0 4.407837065342095e-05
9810.0 4.4117625401467604e-05
9820.0 4.411857261840315e-05
9830.0 4.415653123949378e-05
9840.0 4.421653866035709e-05
9850.0 4.4275939231049704e-05
9860.0 4.429676639360149e-05
9870.0 4.435480250797873e-05
9880.0 4.441211757808361e-05
9890.0 4.446871303146951e-05
9900.0 4.4486525280484156e-05
9910.0 4.4541685325611635e-05
9920.0 4.4596054731573255e-05
9930.0 4.464963146631848e-05
9940.0 4.470242323229473e-05
9950.0 4.471619830425792e-05
9952.7275390625 4.4730130845099296e-05
9960.0 4.476512651313989e-05
9970.0 4.4812449636099706e-05
9980.0 4.485897413991282e-05
9990.0 4.4904572056107964e-05
10000.0 4.4910760286400475e-05
10002.7412109375 4.4929704756964196e-05
10010.0 5.477240543982747e-05
10020.0 6.836813814478662e-05
10030.0 8.200519425188454e-05
10040.0 9.568306842758539e-05
10050.0 0.00010930729171888755
10060.0 0.00012305310873986745
10070.0 0.0001368379539430081
10080.0 0.00015066127075179583
10090.0 0.00016452247064324628
10100.0 0.00017842120892376664
10102.7685546875 0.00018227539095908924
10110.0 0.00017586743078384465
10120.0 0.00016683836240547983
10130.0 0.00015793233632629256
10140.0 0.0001489988553588948
10150.0 0.00014003825030388435
10152.7822265625 0.00013754034745127632
10160.0 0.00014430100228946782
10170.0 0.00015368711836895562
10180.0 0.00016309585524990481
10190.0 0.00017237943554627197
10200.0 0.00018182498524655171
10210.0 0.0001913054137209228
10220.0 0.00020080921321523454
10230.0 0.0002103355816589944
10240.0 0.0002198844595399174
10250.0 0.00022945554142080916
10252.80859375 0.0002321474698595569
10260.0 0.00021231707591618283
10270.0 0.00018467771897738312
10280.0 0.0001569649930608964
10290.0 0.00012906867859692548
10300.0 0.00010123538928147491
10302.8232421875 9.33644171964532e-05
10310.0 9.34468693216772e-05
10320.0 9.356093457061094e-05
10330.0 9.367417893932477e-05
10340.0 9.378672383017231e-05
10350.0 9.389869728855462e-05
10352.8359375 9.393023763739043e-05
10360.0 0.00010074515066129904
10370.0 0.00011027640582196459
10380.0 0.00011982922724114157
10390.0 0.0001294037804251119
10400.0 0.00013899956245442603
10402.849609375 0.00014173927470099109
10410.0 0.00013510206198785377
10420.0 0.00012579969065153922
10430.0 0.00011647400039793743
10440.0 0.00010712531880998716
10450.0 9.775379232460936e-05
10452.86328125 9.504276952862752e-05
10460.0 9.642075112968203e-05
10470.0 9.843680306447647e-05
10480.0 0.00010045691675082104
10490.0 0.00010248098604457511
10500.0 0.00010450906923882864
10510.0 0.00010645506233733679
10520.0 0.00010840202754309976
10530.0 0.00011034981778402673
10540.0 0.00011229855842522059
10550.0 0.00011424805061573867
10560.0 0.00011619847196519017
10570.0 0.00011814994751791588
10580.0 0.00012010213455040617
10590.0 0.00012205534903844884
10600.0 0.0001240095910496373
10610.0 0.00012595562419012214
10620.0 0.0001279023879507896
10630.0 0.00012984988447903778
10640.0 0.00013179825270346647
10650.0 0.00013374732494687695
10660.0 0.00013569727138807783
10670.0 0.00013764814052542784
10680.0 0.00013959986648756482
10690.0 0.0001416742901620407
10700.0 0.000143629686115594
10702.9306640625 0.00014420291000578832
10710.0 0.00013743530023957722
10720.0 0.00012785849295054175
10730.0 0.00011827740420511971
10740.0 0.00010869195913182073
10750.0 9.910212870700504e-05
10752.9453125 9.627683885340866e-05
10760.0 9.28969139817234e-05
10770.0 8.810415135245574e-05
10780.0 8.330918369745328e-05
10790.0 7.851219830152861e-05
10800.0 7.371302708021271e-05
10810.0 6.891489059105937e-05
10820.0 6.411413980778796e-05
10830.0 5.9310692525525166e-05
10840.0 5.450443501489798e-05
10850.0 4.9695460036788995e-05
10852.9716796875 4.826585710766823e-05
10860.0 5.166604748688322e-05
10870.0 5.655541964011243e-05
10880.0 6.140384473682833e-05
10890.0 6.625573623630525e-05
10900.0 7.111136679030245e-05
10910.0 7.597061257663798e-05
10920.0 8.083375225185483e-05
10930.0 8.570090905343584e-05
10940.0 9.057216702880951e-05
10950.0 9.544761332666799e-05
10952.9990234375 9.691063594366851e-05
10960.0 9.015235082433581e-05
10970.0 8.049345067875474e-05
10980.0 7.088848779945696e-05
10990.0 6.120721616307924e-05
11000.0 5.1507990846816976e-05
11003.0126953125 4.85869129244318e-05
11010.0 5.539097126733648e-05
11020.0 6.513413282520913e-05
11030.0 7.488367499036812e-05
11040.0 8.463960009807819e-05
11050.0 9.440191048413381e-05
11053.0263671875 9.735760304066452e-05
11060.0 9.737849522670719e-05
11070.0 9.74920759001503e-05
11080.0 9.752207248968864e-05
11090.0 9.755207559610865e-05
11100.0 9.758208522026845e-05
11103.0400390625 9.759120955525739e-05
11110.0 0.00011119296911760019
11120.0 0.00013074668306314467
11130.0 0.00015031319165599805
11140.0 0.00016989249957546806
11150.0 0.00018964712733788412
11153.052734375 0.00019563576227556905
11160.0 0.00017529422333885912
11170.0 0.00014599803186919142
11180.0 0.00011668263291578649
11190.0 8.734801945125244e-05
11200.0 5.799418444660434e-05
11203.0673828125 4.90000459199522e-05
11210.0 4.904190930935032e-05
11220.0 4.9060325322217374e-05
11230.0 4.907874588622979e-05
11240.0 4.9097171001891854e-05
11250.0 4.9115600669707875e-05
11253.080078125 4.9121278068433344e-05
11260.0 5.0266869414581774e-05
11270.0 5.192342133155545e-05
11280.0 5.362709649227619e-05
11290.0 5.5287562896623865e-05
11300.0 5.694927807776108e-05
11310.0 5.861224250687191e-05
11320.0 6.027645665521511e-05
11330.0 6.194192099412406e-05
11340.0 6.366304491209873e-05
11350.0 6.533243777458141e-05
11360.0 6.70030833126636e-05
11370.0 6.867498199838108e-05
11380.0 7.034813430384406e-05
11390.0 7.208410130718598e-05
11400.0 7.376119452460499e-05
11410.0 7.544502040431469e-05
11420.0 7.7130346042421e-05
11430.0 7.881717214097278e-05
11440.0 8.050549940218809e-05
11450.0 8.226552423234067e-05
11460.0 8.395830034186051e-05
11470.0 8.565258100552006e-05
11480.0 8.734836692681298e-05
11490.0 8.904565880940213e-05
11500.0 9.082187875332577e-05
11510.0 9.251872543941767e-05
11520.0 9.421690115522106e-05
11530.0 9.591640638921742e-05
11540.0 9.761724162994618e-05
11550.0 9.94040826008071e-05
11553.162109375 9.99430620968888e-05
11560.0 9.997088912285339e-05
11570.0 0.00010001159335320414
11580.0 0.00010005230814873744
11590.0 0.00010009303351061725
11600.0 0.00010021905607519032
11610.0 0.00010026044788255177
11620.0 0.00010030185043169879
11630.0 0.00010034326372373455
11640.0 0.00010047012553237053
11650.0 0.00010051159557878667
11653.189453125 0.00010052482451788062
11660.0 0.00010511613152319758
11670.0 0.00011186214134516923
11680.0 0.00011861355888876259
11690.0 0.00012547699859678156
11700.0 0.00013224498802494425
11710.0 0.0001390183957482718
11720.0 0.00014579722375883503
11730.0 0.0001527111005647432
11740.0 0.00015950654333601405
11750.0 0.00016630741698193648
11760.0 0.00017311372349713234
11770.0 0.00017992546487643807
11780.0 0.00018690117569032002
11790.0 0.00019372958474931474
11800.0 0.000200563439277149
11803.23046875 0.00020276327708425144
11810.0 0.00019594632041155467
11820.0 0.00018602941741540442
11830.0 0.00017594097340220018
11840.0 0.00016584717251913708
11850.0 0.0001557480139134654
11853.2431640625 0.00015251344829312653
11860.0 0.00014575811881736692
11870.0 0.00013562662912974192
11880.0 0.00012548976772447842
11890.0 0.00011534753374737099
11900.0 0.00010528900749828532
11903.2568359375 0.00010198013859871865
11910.0 0.00011574238305888018
11920.0 0.0001361605785272291
11930.0 0.0001565895454527847
11940.0 0.00017702928554410614
11950.0 0.00019764686098374342
11953.26953125 0.00020434121678059806
11960.0 0.0001837490432611408
11970.0 0.00015314006253159686
11980.0 0.00012251490723809425
11990.0 9.19512399634013e-05
12000.0 6.12678115770288e-05
12003.2841796875 5.118935102229401e-05
12010.0 5.12041135829025e-05
12020.0 5.122610111098318e-05
12030.0 5.1291376258441396e-05
12040.0 5.1313396154055986e-05
12050.0 5.133542295092927e-05
12060.0 5.135745665045626e-05
12070.0 5.142285750778845e-05
12080.0 5.144492362317176e-05
12090.0 5.1466996651223544e-05
12100.0 5.1489076593340605e-05
12103.310546875 5.151076292639159e-05
12110.0 6.189428953319576e-05
12120.0 7.738306305408047e-05
12130.0 9.28837768859202e-05
12140.0 0.00010839643571926225
12150.0 0.00012402543519645824
12160.0 0.00013957508609138239
12170.0 0.0001551367061389891
12180.0 0.00017071030003726256
12190.0 0.00018645269452527928
12200.0 0.00020206338009189347
12203.337890625 0.0002072703745881726
12210.0 0.0002031684791033633
12220.0 0.0001971740952452607
12230.0 0.00019100518665209957
12240.0 0.0001848326336576558
12250.0 0.000178656435206671
12260.0 0.00017262151804287596
12270.0 0.00016643282967708566
12280.0 0.0001602404896222238
12290.0 0.00015404449682153993
12300.0 0.00014796899107531787
12310.0 0.00014176048088717603
12320.0 0.0001355483117122889
12330.0 0.0001293324824924123
12340.0 0.00012321626739212222
12350.0 0.000116987894519956
12360.0 0.00011075585535421018
12370.0 0.00010452014883514628
12380.0 9.836315895731341e-05
12390.0 9.211488124386334e-05
12400.0 8.586292992010015e-05
12410.0 7.96168463650957e-05
12420.0 7.342703303565565e-05
12430.0 6.71653516268436e-05
12440.0 6.089848403784695e-05
12450.0 5.462642827606113e-05
12453.40625 5.2503784762698186e-05
12460.0 5.94728411360095e-05
12470.0 7.000530069688169e-05
12480.0 8.054643521330383e-05
12490.0 9.109624801078298e-05
12500.0 0.00010173974199256709
12503.419921875 0.00010534756115099921
12510.0 0.0001042059391636224
12520.0 0.00010247042264806647
12530.0 0.00010073424384554272
12540.0 9.908010170301258e-05
12550.0 9.734114792190689e-05
12560.0 9.560153233967796e-05
12570.0 9.393960726077271e-05
12580.0 9.219721584583296e-05
12590.0 9.045416312011213e-05
12600.0 8.871044943183556e-05
12610.0 8.703493247573461e-05
12620.0 8.52849134603653e-05
12630.0 8.35343832055209e-05
12640.0 8.1783342043501e-05
12650.0 8.00984786289235e-05
12660.0 7.83449567046814e-05
12670.0 7.659092444676596e-05
12680.0 7.483638218875242e-05
12690.0 7.31421835091511e-05
12700.0 7.138516043473971e-05
12710.0 6.962762793862375e-05
12720.0 6.786958635565654e-05
12730.0 6.616603289543134e-05
12740.0 6.440551080719819e-05
12750.0 6.26444802155099e-05
12760.0 6.088294145650011e-05
12770.0 5.912089486655317e-05
12780.0 5.7406022431140244e-05
12790.0 5.564149556711042e-05
12800.0 5.387646146148322e-05
12803.5009765625 5.325532721590595e-05
12810.0 5.331813651275877e-05
12820.0 5.3459140556555514e-05
12830.0 5.355585025841224e-05
12840.0 5.365255183478307e-05
12850.0 5.374924526604068e-05
12860.0 5.389061271172858e-05
12870.0 5.398737001799808e-05
12880.0 5.408411911345623e-05
12890.0 5.4180859978453866e-05
12900.0 5.432260099327243e-05
12910.0 5.44194055447535e-05
12920.0 5.451620179994432e-05
12930.0 5.461298973917379e-05
12940.0 5.47550931234172e-05
12950.0 5.485194454091237e-05
12960.0 5.4948787576486534e-05
12970.0 5.504562221044681e-05
12980.0 5.51424484230989e-05
12990.0 5.5284996203072774e-05
13000.0 5.538188565792673e-05
13010.0 5.549766498773244e-05
13019.5595703125 5.560840710704984e-05
13020.0 7.773395861553211e-05
13021.560546875 0.00015615514788598994
13023.560546875 4.279378735893065e-05
13025.5615234375 0.0
13027.5615234375 0.00019052732579160465
13029.5634765625 0.00013062148641109313
13030.0 0.00010585568682287897
13031.5634765625 1.7130639170062198e-05
13033.564453125 0.00011779700007209008
13035.564453125 0.00021847124638148236
13037.5654296875 0.00010495919584247121
13039.5654296875 0.0001520935652007649
13040.0 0.0001506992946340365
13041.56640625 0.00014567333621437104
13043.5673828125 8.569372488018304e-05
13045.5673828125 0.00023996508174868882
13047.568359375 0.00028711990470714455
13049.568359375 0.00012000039543599838
13050.0 0.0001417261182077442
13051.5693359375 0.00022072033385641432
13053.5693359375 0.00010715636831099306
13055.5703125 0.00031933984968780197
13057.5703125 0.00026362799819742235
13059.5712890625 0.0003150858472896623
13060.0 0.0003261169454331079
13061.5712890625 0.0003665501070818157
13063.572265625 0.0003108307306083065
13065.5732421875 0.00046949295896887237
13067.5732421875 0.0006281751901706253
13069.57421875 0.0006796455285212047
13070.0 0.0007248445341106226
13071.57421875 0.0008920830464235693
13073.5751953125 0.0013190890093979616
13075.5751953125 0.0016926789130797934
13077.576171875 0.0021737391550559148
13079.576171875 0.0027086540255814493
13080.0 0.002867452956072854
13081.5771484375 0.003458059812107684
13083.5771484375 0.004529381731107636
13085.578125 0.00592320532217959
13087.578125 0.00790741477024516
13089.5791015625 0.010482658575412616
13090.0 0.011261412731201112
13091.580078125 0.014185087535034953
13093.580078125 0.018962268179150785
13095.5810546875 0.025351054983551797
13097.5810546875 0.03464052066767715
13099.58203125 0.04645513791157326
13100.0 0.04976580556334332
13101.58203125 0.06229762867319226
13103.5830078125 0.08309025095507348
13105.5830078125 0.1097372052105851
13107.583984375 0.14294360225397243
13109.583984375 0.17905622721221087
13110.0 0.18732463097806062
13111.5849609375 0.21882807480733973
13113.5859375 0.26193197505365956
13115.5859375 0.30327825300492584
13117.5869140625 0.3435493020424864
13119.5869140625 0.37716473807851225
13120.0 0.38259666364392847
13121.587890625 0.40353105732864
13123.587890625 0.4244902986329324
13125.5888671875 0.4405639392723499
13127.5888671875 0.45046254603182306
13129.58984375 0.45622170662301925
13130.0 0.45676291364571675
13131.58984375 0.4588010131423102
13133.5908203125 0.45996573716479766
13135.591796875 0.4604200306659583
13137.591796875 0.4606591112007416
13139.5927734375 0.46143653711936233
13140.0 0.46170446101380247
13141.5927734375 0.462752449232446
13143.59375 0.46433777562282164
13145.59375 0.4664024659823485
13147.5947265625 0.46863441971916936
13149.5947265625 0.4707050865641144
13150.0 0.47127721340069517
13151.595703125 0.47353001802652056
13153.595703125 0.47640914685951546
13155.5966796875 0.4786423210017458
13157.59765625 0.4808164602715809
13159.59765625 0.48299624035847827
13160.0 0.483445411017705
13161.5986328125 0.48529421805876866
13163.5986328125 0.48685469309682644
13165.599609375 0.48820025071224665
13167.599609375 0.4896002439459105
13169.6005859375 0.4904616173962584
13170.0 0.4906228875763037
13171.6005859375 0.4912044640814448
13173.6015625 0.49166161798293967
13175.6015625 0.49217278512149937
13177.6025390625 0.4923548808625447
13179.6025390625 0.49238056838028543
13180.0 0.492385673894532
13181.603515625 0.49240627190434405
13183.60546875 0.4922161457095811
13185.60546875 0.49193429413685164
13187.6064453125 0.4918627989836255
13189.6064453125 0.4920071638400805
13190.0 0.4920249554920898
13191.607421875 0.49209762675249313
13193.607421875 0.4922959898777143
13195.6083984375 0.49206260322993434
13197.6083984375 0.491672565860623
13199.609375 0.4918709813663568
13200.0 0.491867554892588
13201.609375 0.4918369426285838
13203.6103515625 0.49185288661266746
13205.611328125 0.4917608963363799
13207.611328125 0.49215473091903583
13209.6123046875 0.4923326412703378
13210.0 0.492367135159232
13211.6123046875 0.49257604665834737
13213.61328125 0.4927272877307341
13215.61328125 0.4928784760212766
13217.6142578125 0.49281360110621125
13219.6142578125 0.49253255385983397
13220.0 0.4924575138104739
13221.615234375 0.4920777581173038
13223.615234375 0.49171543311915117
13225.6162109375 0.49119090912258034
13227.6171875 0.4906123546477452
13229.6171875 0.48965547186078673
13230.0 0.48937934598006083
13231.6181640625 0.4882121254539116
13233.6181640625 0.48671466683605774
13235.619140625 0.4848819687228532
13237.619140625 0.48256819681532714
13239.6201171875 0.48008675009526264
13240.0 0.47959488188075744
13241.6201171875 0.4774971263363207
13243.62109375 0.4743668218002685
13245.62109375 0.47124177958031294
13247.6220703125 0.4677868542567708
13249.6220703125 0.4644940393854709
13250.0 0.4638526842307578
13251.623046875 0.46109827810289256
13253.6240234375 0.4574807426748529
13255.6240234375 0.4533224706190002
13257.625 0.4473853516685373
13259.625 0.43982607304093774
13260.0 0.437801452972597
13261.6259765625 0.42902263854059247
13263.6259765625 0.41443414013497715
13265.626953125 0.39428155141097276
13267.626953125 0.36823471545803155
13269.6279296875 0.33607689686008607
13270.0 0.32949174900735667
13271.6279296875 0.3007192709240846
13273.62890625 0.26092899847515133
13275.6298828125 0.2209561981970257
13277.6298828125 0.1818396070845645
13279.630859375 0.14552257775611088
13280.0 0.13940739416306955
13281.630859375 0.11237046373175456
13283.6318359375 0.07412508099806156
13285.6318359375 0.055735720225438
13287.6328125 0.04124304199333665
13289.6328125 0.030211050089158892
13290.0 0.02872272466034036
13291.6337890625 0.022100326173301037
13293.6337890625 0.01647857516405744
13295.634765625 0.012209260228422883
13297.6357421875 0.009508442856429492
13299.6357421875 0.00713229795422056
13300.0 0.006798273670624197
13301.63671875 0.0052973709834152885
13303.63671875 0.004219690773554434
13305.6376953125 0.003241625594744413
13307.6376953125 0.0025881698257637655
13309.638671875 0.0020428513621057053
13310.0 0.0019638808557512887
13311.638671875 0.0016057312629166591
13313.6396484375 0.0013309556443210496
13315.6396484375 0.0010561140762397007
13317.640625 0.000727173454278121
13319.6416015625 0.0006146266557072347
13320.0 0.0006138528154757876
13321.6416015625 0.0006103907094347911
13323.642578125 0.0002273197031977654
13325.642578125 0.0002771615739200131
13327.6435546875 0.00021873526461571276
13329.6435546875 0.00016029262457185805
13330.0 0.00014023206847812048
13331.64453125 4.765504654971439e-05
13333.64453125 0.00015163838004052677
13335.646484375 0.00020146982078238853
13337.646484375 3.466207225830583e-05
13340.0 3.535799122648544e-05
13350.0 3.8315315921843605e-05
13360.0 4.127327366257119e-05
13370.0 4.423186451071287e-05
13380.0 4.719108852831446e-05
13390.0 5.019219026010872e-05
13400.0 5.315511553055318e-05
13403.6640625 5.4230107822767215e-05
13410.0 6.108371903716891e-05
13420.0 7.189303220841009e-05
13430.0 8.269288142384854e-05
13440.0 9.348326709209112e-05
13450.0 0.000104349866747025
13453.677734375 0.00010831567979783072
13460.0 0.00010828641547086805
13470.0 0.00010824012809020815
13480.0 0.00010819384112746455
13490.0 0.00010814755458314668
13500.0 0.00010810126845776394
13503.6923828125 0.0001081116998948818
13510.0 0.00010812881130572211
13520.0 0.00010806722344473927
13530.0 0.00010800565066014811
13540.0 0.0001079440929500481
13550.0 0.00010788255031253898
13560.0 0.0001078210227457205
13570.0 0.00010775951024769247
13580.0 0.00010778636642373307
13590.0 0.00010772483361850487
13600.0 0.00010766331588872505
13610.0 0.0001073987977814626
13620.0 0.0001071345588820961
13630.0 0.00010687059929346767
13640.0 0.00010660691911834713
13650.0 0.00010634351845943181
13660.0 0.00010616734226057999
13670.0 0.00010590428551379446
13680.0 0.0001056415088202194
13690.0 0.00010537901228234677
13700.0 0.000105116796002596
13710.0 0.00010485486008331418
13720.0 0.00010459320462677607
13730.0 0.00010433182973518392
13740.0 0.00010407073551066778
13750.0 0.00010389494644253097
13760.0 0.0001036342004718884
13770.0 0.00010337373570440537
13780.0 0.00010311355224200573
13790.0 0.00010285365018654107
13800.0 0.00010259402963979053
13810.0 0.00010239399569603138
13820.0 0.00010219418671632901
13830.0 0.00010199460260140129
13840.0 0.00010220016810106809
13850.0 0.0001024058965886772
13860.0 0.00010269576225768951
13870.0 0.00010290198505891
13880.0 0.00010310837069065317
13890.0 0.000103314919056007
13900.0 0.0001035216300580708
13903.7998046875 0.00010360021882192777
13910.0 0.0001048004808036647
13920.0 0.0001067420482810611
13930.0 0.00010869068692318471
13940.0 0.00011064640474526246
13950.0 0.00011260920975607584
13960.0 0.00011457910995796193
13970.0 0.00011655611334681444
13980.0 0.00011854022791208448
13990.0 0.00012053146163678171
14000.0 0.00012252982249747512
14010.0 0.0001244136009179322
14020.0 0.00012630092106713376
14030.0 0.00012819178452198776
14040.0 0.00013008619285683214
14050.0 0.00013198414764343302
14060.0 0.00013388565045098277
14070.0 0.00013579070284609803
14080.0 0.00013781188964749285
14090.0 0.00013972560929042483
14100.0 0.000141642886111279
14110.0 0.0001435637216676217
14120.0 0.00014548811751443193
14130.0 0.00014741607520409904
14140.0 0.00014934759628642083
14150.0 0.00015128268230860166
14160.0 0.0001532213348152504
14170.0 0.0001551635553483784
14180.0 0.0001571093454473978
14190.0 0.0001590587066491192
14200.0 0.00016088010456169163
14203.8818359375 0.0001615815105838499
14210.0 0.00016347129249899396
14220.0 0.00016656044277694397
14230.0 0.00016965002001126348
14240.0 0.00017274002329821349
14250.0 0.0001758304517337138
14260.0 0.00017892130441334335
14270.0 0.00018201258043234
14280.0 0.0001851042788856009
14290.0 0.00018819639886768211
14300.0 0.00019128893947279902
14310.0 0.00019438189979482617
14320.0 0.00019747527892729734
14330.0 0.00020056907596340567
14340.0 0.00020366328999600364
14350.0 0.00020675792011760316
14360.0 0.00020985296542037527
14370.0 0.00021294842499615082
14380.0 0.00021604429793642012
14390.0 0.0002191405833323328
14400.0 0.00022205555692521317
14410.0 0.0002251074818578967
14420.0 0.0002281586606098708
14430.0 0.0002312090927209257
14440.0 0.00023425877773085993
14450.0 0.00023730771517948014
14460.0 0.00024035590460660087
14470.0 0.00024340334555204523
14480.0 0.0002464500375556441
14490.0 0.00024949598015723697
14500.0 0.000252541172896671
14510.0 0.0002554959711504191
14520.0 0.0002586595923993054
14530.0 0.0002618253652702067
14540.0 0.00026499329021776864
14550.0 0.00026816336769661174
14553.9765625 0.00026942456709419825
14560.0 0.0002564989106293687
14570.0 0.00023502798193156472
14580.0 0.00021336720405613278
14590.0 0.0001918839387158185
14600.0 0.00017038570856220202
14610.0 0.00014885597972149472
14620.0 0.00012731606340240774
14630.0 0.00010576596001027576
14640.0 8.420566995064415e-05
14650.0 6.258385090869104e-05
14654.00390625 5.39514606340091e-05
14660.0 6.689316005940446e-05
14670.0 8.848484739468651e-05
14680.0 0.00011008670748920408
14690.0 0.00013169873993655801
14700.0 0.00015332094433013837
14704.017578125 0.00016195730644101328
14710.0 0.0001683564380390421
14720.0 0.00017918995089322468
14730.0 0.00019002854539608473
14740.0 0.000200872221343828
14750.0 0.00021172097853255518
14760.0 0.00022239207028227273
14770.0 0.00023324207355594678
14780.0 0.0002440971532867941
14790.0 0.0002549573092706629
14800.0 0.0002656041066594719
14810.0 0.00027643766345420453
14820.0 0.0002872741075942059
14830.0 0.00029811343764933655
14840.0 0.0003087015952248193
14850.0 0.000319537774800959
14860.0 0.00033037683363345774
14870.0 0.0003412187702941739
14880.0 0.00035177380555630037
14890.0 0.0003626125650345834
14900.0 0.0003734541956927248
14904.072265625 0.0003778700180288525
14910.0 0.0003587051903137293
14920.0 0.0003260986881185865
14930.0 0.0002937789787589138
14940.0 0.0002614506141294817
14950.0 0.0002291135985095985
14960.0 0.00019660571266471723
14970.0 0.00016427808210805615
14980.0 0.0001319418205168246
14990.0 9.951475263850632e-05
15000.0 6.718793736050956e-05
15004.0986328125 5.392528546988121e-05
15010.0 6.66351676091267e-05
15020.0 8.808769915316844e-05
15030.0 0.00010958035534822385
15040.0 0.0001310581196611694
15050.0 0.00015239494018641565
15054.11328125 0.0001612116119823727
15060.0 0.00014853073270162394
15070.0 0.00012700105310688744
15080.0 0.000105399004414034
15090.0 8.39168761111951e-05
15100.0 6.244961254184869e-05
15104.1259765625 5.357829589318533e-05
15110.0 5.354253145211742e-05
15120.0 5.3526012297945704e-05
15130.0 5.350949538351884e-05
15140.0 5.344865968186819e-05
15150.0 5.343216092844263e-05
15154.1396484375 5.342533167959823e-05
15160.0 5.967219324499532e-05
15170.0 7.026754814038151e-05
15180.0 8.090498500814838e-05
15190.0 9.145906395890292e-05
15200.0 0.0001020729037380755
15204.154296875 0.00010647638857418081
15210.0 0.00010644944832121203
15220.0 0.00010631499492266004
15230.0 0.00010626897293022599
15240.0 0.00010613467305047653
15250.0 0.00010608871750106966
15260.0 0.00010604277604194143
15270.0 0.00010590866081646405
15280.0 0.00010586278572786958
15290.0 0.0001057288237449556
15300.0 0.00010568301496320018
15310.0 0.00010554918510588855
15320.0 0.00010550344257641598
15330.0 0.00010536975524654544
15340.0 0.0001053240789102804
15350.0 0.00010519054447790925
15354.1943359375 0.00010517141232050672
15360.0 9.904395979329594e-05
15370.0 8.849685176291865e-05
15380.0 7.789366667798756e-05
15390.0 6.737346005828428e-05
15400.0 5.681475186325023e-05
15404.2080078125 5.239917432354575e-05
15410.0 5.2387302432958686e-05
15420.0 5.232298599941603e-05
15430.0 5.2302515782804686e-05
15440.0 5.223826163025545e-05
15450.0 5.221781939339745e-05
15454.2216796875 5.2190716987354016e-05
15460.0 5.215390352164376e-05
15470.0 5.2090219066009586e-05
15480.0 5.207029497794615e-05
15490.0 5.2006676018920486e-05
15500.0 5.198677874605766e-05
15510.0 5.193715924378425e-05
15520.0 5.193122824050671e-05
15530.0 5.1881623885596586e-05
15540.0 5.187569805281977e-05
15550.0 5.182611404993325e-05
15560.0 5.177653490919897e-05
15570.0 5.17706193258393e-05
15580.0 5.1721055331919536e-05
15590.0 5.171514491927767e-05
15600.0 5.166560127385469e-05
15610.0 5.165694647077822e-05
15620.0 5.160466788851751e-05
15630.0 5.1552409252383817e-05
15640.0 5.154376944911249e-05
15650.0 5.149152779661264e-05
15660.0 5.143930089083006e-05
15670.0 5.143067608907831e-05
15680.0 5.1378476561983996e-05
15690.0 5.1369859324410256e-05
15700.0 5.131767678540424e-05
15710.0 5.126551418517898e-05
15720.0 5.125691194974185e-05
15730.0 5.120476634022015e-05
15740.0 5.1152635477023455e-05
15750.0 5.114404824540712e-05
15754.302734375 5.1121627689838224e-05
15760.0 6.273259853667544e-05
15770.0 8.307990020499809e-05
15780.0 0.00010338569899858544
15790.0 0.00012375559171323884
15800.0 0.0001439957827587241
15804.3173828125 0.00015272404648486733
15810.0 0.00014685693635573178
15820.0 0.00013666475077433562
15830.0 0.00012636702565269568
15840.0 0.00011608925239988374
15850.0 0.00010583144935109419
15854.330078125 0.0001014335642143419
15860.0 0.000107176089749909
15870.0 0.00011720162520038353
15880.0 0.00012720726453884697
15890.0 0.00013719302821992244
15900.0 0.00014728543536957246
15910.0 0.00015724009450894397
15920.0 0.00016717488097451843
15930.0 0.0001770898193560329
15940.0 0.0001869848807266366
15950.0 0.00019702994999175566
15954.3583984375 0.00020133153127613397
15960.0 0.00018986680019729445
15970.0 0.0001695761575989334
15980.0 0.0001493253270848962
15990.0 0.0001291143091552262
16000.0 0.0001090373897024406
16004.37109375 0.00010022700205021467
16010.0 0.0001058121516608147
16020.0 0.00011571953609626265
16030.0 0.00012560785520066454
16040.0 0.00013547712280837992
16050.0 0.00014532735689063608
16054.384765625 0.00014969747126060678
16060.0 0.0001384872509544989
16070.0 0.00011842300827916053
16080.0 9.839689027528288e-05
16090.0 7.840886864456092e-05
16100.0 5.8458949835946036e-05
16104.3984375 4.96961688824247e-05
16110.0 5.5234503357770375e-05
16120.0 6.510676127047618e-05
16130.0 7.495997856114571e-05
16140.0 8.479414359249041e-05
16150.0 9.460926610172814e-05
16154.412109375 9.897199146289538e-05
16160.0 0.0001003496441881106
16170.0 0.00010272470694484216
16180.0 0.00010509500773306473
16190.0 0.0001074605690323291
16200.0 0.00010982136936488772
16210.0 0.0001121568487429289
16220.0 0.00011448673538224075
16230.0 0.00011681100925588029
16240.0 0.00011912968586847789
16250.0 0.00012144278174238229
16260.0 0.00012375027532037885
16270.0 0.00012605219615485964
16280.0 0.00012834852166981924
16290.0 0.0001306392686386083
16300.0 0.00013292445484951377
16310.0 0.00013520405620042847
16320.0 0.0001374781047790304
16330.0 0.0001397465754672008
16340.0 0.0001420094863035297
16350.0 0.0001442668563387626
16354.4658203125 0.00014527315681832595
16360.0 0.00014303744714375442
16370.0 0.00013888068061795801
16380.0 0.00013486045428538364
16390.0 0.00013084930097505368
16400.0 0.00012684718636452307
16410.0 0.00012292657517326195
16420.0 0.00011901031465329841
16430.0 0.00011509842615938705
16440.0 0.00011119092941419857
16450.0 0.0001072878080010951
16460.0 0.00010329602930271041
16470.0 9.940513091010654e-05
16480.0 9.551865604722005e-05
16490.0 9.163659154470425e-05
16500.0 8.775895587705407e-05
16510.0 8.388576587931829e-05
16520.0 8.001701082390604e-05
16530.0 7.608367150715981e-05
16540.0 7.22272682601322e-05
16550.0 6.837534233647339e-05
16560.0 6.452788627047395e-05
16570.0 6.068492223192968e-05
16580.0 5.679462205547766e-05
16590.0 5.296410196057623e-05
16600.0 4.91380865720213e-05
16604.533203125 4.735082215683863e-05
16610.0 4.985196011892137e-05
16620.0 5.435462537662295e-05
16630.0 5.887371200840597e-05
16640.0 6.336367965628338e-05
16650.0 6.782462593252956e-05
16660.0 7.219014405159446e-05
16670.0 7.658917058577175e-05
16680.0 8.095943133075256e-05
16690.0 8.522226001711043e-05
16700.0 8.953119748869992e-05
16704.5625 9.148768582949802e-05
16710.0 9.033726404213694e-05
16720.0 8.81491316890978e-05
16730.0 8.605676198166328e-05
16740.0 8.397645205388855e-05
16750.0 8.183198949218018e-05
16760.0 7.977756010431862e-05
16770.0 7.773509924068815e-05
16780.0 7.563387478608504e-05
16790.0 7.361704364957931e-05
16800.0 7.154501560223563e-05
16810.0 6.95566527501123e-05
16820.0 6.75798413731385e-05
16830.0 6.555286834463857e-05
16840.0 6.360084294426292e-05
16850.0 6.160214745630878e-05
16860.0 5.967477001779164e-05
16870.0 5.7704190904700314e-05
16880.0 5.58013171087842e-05
16890.0 5.390977562386936e-05
16900.0 5.1980179174572776e-05
16910.0 5.011295501375847e-05
16920.0 4.8211051614548095e-05
16930.0 4.636800137417175e-05
16940.0 4.449363533590032e-05
16950.0 4.267461684091814e-05
16954.630859375 4.181749575098416e-05
16960.0 4.1722583040351273e-05
16970.0 4.1546125570791705e-05
16980.0 4.140985647213758e-05
16990.0 4.123413086881188e-05
17000.0 4.109840811460364e-05
17010.0 4.089226474657821e-05
17020.0 4.0726025792202734e-05
17030.0 4.052087651036079e-05
17040.0 4.031628493377143e-05
17050.0 4.0151229610581615e-05
17060.0 3.994763002673578e-05
17070.0 3.978332160833816e-05
17080.0 3.9580712666044204e-05
17090.0 3.9378659542045755e-05
17100.0 3.921553041374785e-05
17104.669921875 3.912156577055893e-05
17110.0 3.901497192766501e-05
17120.0 3.8815404066342316e-05
17130.0 3.865438627469393e-05
17140.0 3.845578643969256e-05
17150.0 3.825773051465707e-05
17160.0 3.809786151709533e-05
17170.0 3.7900771737760705e-05
17180.0 3.7704224838091955e-05
17190.0 3.75455022641441e-05
17200.0 3.7349919629811245e-05
17210.0 3.685428433954773e-05
17220.0 3.636061215251045e-05
17230.0 3.590480347328484e-05
17240.0 3.5414632934059e-05
17250.0 3.49264183031245e-05
17260.0 3.444016199155139e-05
17270.0 3.3955858050652404e-05
17280.0 3.3507319982745036e-05
17290.0 3.3026503768017785e-05
17300.0 3.254763490545321e-05
17304.724609375 3.2322066551823493e-05
17310.0 3.2070512602349933e-05
17320.0 3.159516106102027e-05
17330.0 3.112176675203099e-05
17340.0 3.065032401085162e-05
17350.0 3.0211725675415967e-05
17360.0 2.974376996688753e-05
17370.0 2.927776062379495e-05
17380.0 2.8813699400012162e-05
17390.0 2.8351582625743186e-05
17400.0 2.7891406731149846e-05
17404.751953125 2.748761456741789e-05
17410.0 2.7043262595142647e-05
17420.0 2.6199451027254994e-05
17430.0 2.5359428595513754e-05
17440.0 2.452318871318704e-05
17450.0 2.369073107995963e-05
17454.765625 2.32953414951889e-05
17460.0 2.2861857864200744e-05
17470.0 2.203660584148218e-05
17480.0 2.1215150586371832e-05
17490.0 2.039748724683683e-05
17500.0 1.9583614860243112e-05
17510.0 1.8773527346400527e-05
17520.0 1.7967223552000007e-05
17530.0 1.7164697593814007e-05
17540.0 1.6365948128125778e-05
17550.0 1.5570970457848252e-05
17554.79296875 1.5191275781932556e-05
17560.0 1.4779577696471723e-05
17570.0 1.3991811107252154e-05
17580.0 1.3207841900460094e-05
17590.0 1.2427667988126304e-05
17600.0 1.163872880387479e-05
17610.0 1.1179995476713181e-05
17620.0 1.0723421472928615e-05
17630.0 1.0269006264601345e-05
17640.0 9.816747191304535e-06
17650.0 9.366641704976191e-06
17660.0 8.908941456196017e-06
17670.0 8.46360613647329e-06
17680.0 8.020418891402757e-06
17690.0 7.579377287435754e-06
17700.0 7.132598719105608e-06
17710.0 6.696309833854409e-06
17720.0 6.262160976158968e-06
17730.0 5.830149826688121e-06
17740.0 5.394254958088649e-06
17750.0 4.96697874898783e-06
17760.0 4.541834892461493e-06
17770.0 4.118820824258296e-06
17780.0 3.693770907142669e-06
17790.0 3.275474498801386e-06
17800.0 2.8593023118469697e-06
17810.0 2.7425681837162495e-06
17820.0 2.62963017873745e-06
17830.0 2.514375760362758e-06
17840.0 2.402673206286942e-06
17850.0 2.291526686538169e-06
17860.0 2.1784261869450335e-06
17870.0 2.068511815058307e-06
17880.0 1.956884380644394e-06
17890.0 1.848199629575185e-06
17900.0 1.7380425739348615e-06
17904.888671875 1.6854410868873087e-06
17910.0 1.6305648142474837e-06
17920.0 1.5218397932295597e-06
17930.0 1.4155766790853096e-06
17940.0 1.3083270583398973e-06
17950.0 1.2032967117505657e-06
17954.90234375 1.1513417069866777e-06
17960.0 1.097532677115899e-06
17970.0 9.937545435075198e-07
17980.0 8.894641694906266e-07
17990.0 7.869041176712445e-07
18000.0 6.840709380645916e-07
18001.0 0.0
18002.0 0.0
18104.943359375 0.0
18200.0 0.0
18400.0 0.0
18405.0234375 0.0
18505.05078125 0.0
18555.064453125 0.0
18600.0 0.0
18605.078125 0.0
18655.091796875 0.0
18705.10546875 0.0
18755.119140625 0.0
18800.0 0.0
18805.1328125 0.0
18855.146484375 0.0
18905.16015625 0.0
18955.173828125 0.0
19000.0 0.0
19005.1875 0.0
19055.201171875 0.0
19105.21484375 0.0
19155.228515625 0.0
19200.0 0.0
19205.2421875 0.0
19255.255859375 0.0
19305.26953125 0.0
19355.283203125 0.0
19400.0 0.0
19405.296875 0.0
19455.310546875 0.0
19505.32421875 0.0
19555.337890625 0.0
19600.0 0.0
19605.3515625 0.0
19655.36328125 0.0
19705.37890625 0.0
19755.392578125 0.0
19800.0 0.0
19805.404296875 0.0
19855.419921875 0.0
19905.431640625 0.0
19955.4453125 0.0
20000.0 0.0
20001.0 0.0
20002.0 0.0
20005.4609375 0.0
20006.4609375 0.0
20007.4609375 0.0
30000.0 0.0
30010.0 0.0
