# WAVELENGTH THROUGHPUT
500.0 0.0
998.0 0.0
999.0 0.0
1000.0 0.0
1010.0 0.0
1020.0 0.0
1030.0 0.0
1040.0 0.0
1050.0 0.0
1060.0 0.0
1070.0 0.0
1080.0 0.0
1090.0 0.0
1100.0 0.0
1110.0 0.0
1120.0 0.0
1130.0 0.0
1140.0 0.0
1150.0 0.0
1160.0 0.0
1170.0 0.0
1180.0 0.0
1190.0 0.0
1200.0 0.0
1210.0 0.0
1220.0 0.0
1230.0 0.0
1240.0 0.0
1250.0 0.0
1260.0 0.0
1270.0 0.0
1280.0 0.0
1290.0 0.0
1300.0 0.0
1310.0 0.0
1320.0 0.0
1330.0 0.0
1340.0 0.0
1350.0 0.0
1360.0 0.0
1370.0 0.0
1380.0 0.0
1390.0 0.0
1400.0 0.0
1410.0 0.0
1420.0 0.0
1430.0 0.0
1440.0 0.0
1450.0 0.0
1460.0 0.0
1470.0 0.0
1480.0 0.0
1490.0 0.0
1500.0 0.0
1510.0 0.0
1520.0 0.0
1530.0 0.0
1540.0 0.0
1550.0 0.0
1560.0 0.0
1570.0 0.0
1580.0 0.0
1590.0 0.0
1600.0 0.0
1610.0 0.0
1620.0 0.0
1630.0 0.0
1640.0 0.0
1650.0 0.0
1660.0 0.0
1670.0 0.0
1680.0 0.0
1690.0 0.0
1700.0 0.0
1710.0 0.0
1720.0 0.0
1730.0 0.0
1740.0 0.0
1750.0 0.0
1760.0 0.0
1770.0 0.0
1780.0 0.0
1790.0 0.0
1800.0 0.0
1810.0 0.0
1820.0 0.0
1830.0 0.0
1840.0 0.0
1850.0 0.0
1860.0 0.0
1870.0 0.0
1880.0 0.0
1890.0 0.0
1900.0 0.0
1910.0 0.0
1920.0 0.0
1930.0 0.0
1940.0 0.0
1950.0 0.0
1960.0 0.0
1970.0 0.0
1980.0 0.0
1988.0 0.0
1989.0 0.0
1990.0 0.0
2000.0 0.0
2010.0 0.0
2020.0 0.0
2030.0 0.0
2040.0 0.0
2050.0 0.0
2060.0 0.0
2070.0 0.0
2080.0 0.0
2090.0 0.0
2100.0 0.0
2110.0 0.0
2120.0 0.0
2130.0 0.0
2140.0 0.0
2150.0 0.0
2160.0 0.0
2170.0 0.0
2180.0 0.0
2190.0 0.0
2200.0 0.0
2210.0 0.0
2220.0 0.0
2230.0 0.0
2240.0 0.0
2250.0 0.0
2260.0 0.0
2270.0 0.0
2280.0 0.0
2290.0 0.0
2300.0 0.0
2310.0 0.0
2320.0 0.0
2330.0 0.0
2340.0 0.0
2350.0 0.0
2360.0 0.0
2370.0 0.0
2380.0 0.0
2390.0 0.0
2400.0 0.0
2410.0 0.0
2420.0 0.0
2430.0 0.0
2440.0 0.0
2450.0 0.0
2460.0 0.0
2470.0 0.0
2480.0 0.0
2490.0 0.0
2500.0 0.0
2510.0 0.0
2520.0 0.0
2530.0 0.0
2540.0 0.0
2550.0 0.0
2560.0 0.0
2570.0 0.0
2580.0 0.0
2590.0 0.0
2600.0 0.0
2610.0 0.0
2620.0 0.0
2630.0 0.0
2640.0 0.0
2650.0 0.0
2660.0 0.0
2670.0 0.0
2680.0 0.0
2690.0 0.0
2700.0 0.0
2710.0 0.0
2720.0 0.0
2730.0 0.0
2740.0 0.0
2750.0 0.0
2760.0 0.0
2770.0 0.0
2780.0 0.0
2790.0 0.0
2800.0 0.0
2810.0 0.0
2820.0 0.0
2830.0 0.0
2840.0 0.0
2850.0 0.0
2860.0 0.0
2870.0 0.0
2880.0 0.0
2890.0 0.0
2900.0 0.0
2910.0 0.0
2920.0 0.0
2930.0 0.0
2940.0 0.0
2950.0 0.0
2960.0 0.0
2970.0 0.0
2980.0 0.0
2990.0 0.0
3000.0 0.0
3010.0 0.0
3020.0 0.0
3030.0 0.0
3040.0 0.0
3050.0 0.0
3060.0 0.0
3070.0 0.0
3080.0 0.0
3090.0 0.0
3100.0 0.0
3110.0 0.0
3120.0 0.0
3130.0 0.0
3140.0 0.0
3150.0 0.0
3160.0 0.0
3170.0 0.0
3180.0 0.0
3190.0 0.0
3200.0 0.0
3210.0 0.0
3220.0 0.0
3230.0 0.0
3240.0 0.0
3250.0 0.0
3260.0 0.0
3270.0 0.0
3280.0 0.0
3290.0 0.0
3300.0 0.0
3310.0 0.0
3320.0 0.0
3330.0 0.0
3340.0 0.0
3350.0 0.0
3360.0 0.0
3370.0 0.0
3380.0 0.0
3390.0 0.0
3400.0 0.0
3410.0 0.0
3420.0 0.0
3430.0 0.0
3440.0 0.0
3450.0 0.0
3460.0 0.0
3470.0 0.0
3480.0 0.0
3490.0 0.0
3500.0 0.0
3510.0 0.0
3520.0 0.0
3530.0 0.0
3540.0 0.0
3550.0 0.0
3560.0 0.0
3570.0 0.0
3580.0 0.0
3590.0 0.0
3600.0 0.0
3610.0 0.0
3620.0 0.0
3630.0 0.0
3640.0 0.0
3650.0 0.0
3660.0 0.0
3670.0 0.0
3680.0 0.0
3690.0 0.0
3700.0 0.0
3710.0 0.0
3720.0 0.0
3730.0 0.0
3740.0 0.0
3750.0 0.0
3760.0 0.0
3770.0 0.0
3780.0 0.0
3790.0 0.0
3800.0 0.0
3810.0 0.0
3820.0 0.0
3830.0 0.0
3840.0 0.0
3850.0 0.0
3860.0 0.0
3870.0 0.0
3880.0 0.0
3890.0 0.0
3900.0 0.0
3910.0 0.0
3920.0 0.0
3930.0 0.0
3940.0 0.0
3950.0 0.0
3960.0 0.0
3970.0 0.0
3980.0 0.0
3990.0 0.0
3998.0 0.0
3999.0 0.0
4000.0 0.0
4010.0 0.0
4020.0 0.0
4030.0 0.0
4040.0 0.0
4050.0 0.0
4060.0 0.0
4070.0 0.0
4080.0 0.0
4090.0 0.0
4100.0 0.0
4110.0 0.0
4120.0 0.0
4130.0 0.0
4140.0 0.0
4150.0 0.0
4160.0 0.0
4170.0 0.0
4180.0 0.0
4190.0 0.0
4200.0 0.0
4210.0 0.0
4220.0 0.0
4230.0 0.0
4240.0 0.0
4250.0 0.0
4260.0 0.0
4270.0 0.0
4280.0 0.0
4290.0 0.0
4300.0 0.0
4310.0 0.0
4320.0 0.0
4330.0 0.0
4340.0 0.0
4350.0 0.0
4360.0 0.0
4370.0 0.0
4380.0 0.0
4390.0 0.0
4400.0 0.0
4410.0 0.0
4420.0 0.0
4430.0 0.0
4440.0 0.0
4450.0 0.0
4460.0 0.0
4470.0 0.0
4480.0 0.0
4490.0 0.0
4500.0 0.0
4510.0 0.0
4520.0 0.0
4530.0 0.0
4540.0 0.0
4550.0 0.0
4560.0 0.0
4570.0 0.0
4580.0 0.0
4590.0 0.0
4600.0 0.0
4610.0 0.0
4620.0 0.0
4630.0 0.0
4640.0 0.0
4650.0 0.0
4660.0 0.0
4670.0 0.0
4680.0 0.0
4690.0 0.0
4700.0 0.0
4710.0 0.0
4720.0 0.0
4730.0 0.0
4740.0 0.0
4750.0 0.0
4760.0 0.0
4770.0 0.0
4780.0 0.0
4790.0 0.0
4800.0 0.0
4810.0 0.0
4820.0 0.0
4830.0 0.0
4840.0 0.0
4850.0 0.0
4860.0 0.0
4870.0 0.0
4880.0 0.0
4890.0 0.0
4900.0 0.0
4910.0 0.0
4920.0 0.0
4930.0 0.0
4940.0 0.0
4950.0 0.0
4960.0 0.0
4970.0 0.0
4980.0 0.0
4990.0 0.0
5000.0 0.0
5010.0 0.0
5020.0 0.0
5030.0 0.0
5040.0 0.0
5050.0 0.0
5060.0 0.0
5070.0 0.0
5080.0 0.0
5090.0 0.0
5100.0 0.0
5110.0 0.0
5120.0 0.0
5130.0 0.0
5140.0 0.0
5150.0 0.0
5160.0 0.0
5170.0 0.0
5180.0 0.0
5190.0 0.0
5200.0 0.0
5210.0 0.0
5220.0 0.0
5230.0 0.0
5240.0 0.0
5250.0 0.0
5260.0 0.0
5270.0 0.0
5280.0 0.0
5290.0 0.0
5300.0 0.0
5310.0 0.0
5320.0 0.0
5330.0 0.0
5340.0 0.0
5350.0 0.0
5360.0 0.0
5370.0 0.0
5380.0 0.0
5390.0 0.0
5400.0 0.0
5410.0 0.0
5420.0 0.0
5430.0 0.0
5440.0 0.0
5450.0 0.0
5460.0 0.0
5470.0 0.0
5480.0 0.0
5490.0 0.0
5500.0 0.0
5510.0 0.0
5520.0 0.0
5530.0 0.0
5540.0 0.0
5550.0 0.0
5560.0 0.0
5570.0 0.0
5580.0 0.0
5590.0 0.0
5600.0 0.0
5610.0 0.0
5620.0 0.0
5630.0 0.0
5640.0 0.0
5650.0 0.0
5660.0 0.0
5670.0 0.0
5680.0 0.0
5690.0 0.0
5700.0 0.0
5710.0 0.0
5720.0 0.0
5730.0 0.0
5740.0 0.0
5750.0 0.0
5760.0 0.0
5770.0 0.0
5780.0 0.0
5790.0 0.0
5800.0 0.0
5810.0 0.0
5820.0 0.0
5830.0 0.0
5840.0 0.0
5850.0 0.0
5860.0 0.0
5870.0 0.0
5880.0 0.0
5890.0 0.0
5900.0 0.0
5910.0 0.0
5920.0 0.0
5930.0 0.0
5940.0 0.0
5950.0 0.0
5960.0 0.0
5970.0 0.0
5980.0 0.0
5990.0 0.0
6000.0 0.0
6010.0 0.0
6020.0 0.0
6030.0 0.0
6040.0 0.0
6050.0 0.0
6060.0 0.0
6070.0 0.0
6080.0 0.0
6090.0 0.0
6100.0 0.0
6110.0 0.0
6120.0 0.0
6130.0 0.0
6140.0 0.0
6150.0 0.0
6160.0 0.0
6170.0 0.0
6180.0 0.0
6190.0 0.0
6200.0 0.0
6210.0 0.0
6220.0 0.0
6230.0 0.0
6240.0 0.0
6250.0 0.0
6260.0 0.0
6270.0 0.0
6280.0 0.0
6290.0 0.0
6300.0 0.0
6310.0 0.0
6320.0 0.0
6330.0 0.0
6340.0 0.0
6350.0 0.0
6360.0 0.0
6370.0 0.0
6380.0 0.0
6390.0 0.0
6400.0 0.0
6410.0 0.0
6420.0 0.0
6430.0 0.0
6440.0 0.0
6450.0 0.0
6460.0 0.0
6470.0 0.0
6480.0 0.0
6490.0 0.0
6500.0 0.0
6510.0 0.0
6520.0 0.0
6530.0 0.0
6540.0 0.0
6550.0 0.0
6560.0 0.0
6570.0 0.0
6580.0 0.0
6590.0 0.0
6600.0 0.0
6610.0 0.0
6620.0 0.0
6630.0 0.0
6640.0 0.0
6650.0 0.0
6660.0 0.0
6670.0 0.0
6680.0 0.0
6690.0 0.0
6700.0 0.0
6710.0 0.0
6720.0 0.0
6730.0 0.0
6740.0 0.0
6750.0 0.0
6760.0 0.0
6770.0 0.0
6780.0 0.0
6790.0 0.0
6800.0 0.0
6810.0 0.0
6820.0 0.0
6830.0 0.0
6840.0 0.0
6850.0 0.0
6860.0 0.0
6870.0 0.0
6880.0 0.0
6890.0 0.0
6900.0 0.0
6910.0 0.0
6920.0 0.0
6930.0 0.0
6940.0 0.0
6950.0 0.0
6960.0 0.0
6970.0 0.0
6980.0 0.0
6990.0 0.0
7000.0 0.0
7010.0 0.0
7020.0 0.0
7030.0 0.0
7040.0 0.0
7050.0 0.0
7060.0 0.0
7070.0 0.0
7080.0 0.0
7090.0 0.0
7100.0 0.0
7110.0 0.0
7120.0 0.0
7130.0 0.0
7140.0 0.0
7150.0 0.0
7160.0 0.0
7170.0 0.0
7180.0 0.0
7190.0 0.0
7200.0 0.0
7210.0 0.0
7220.0 0.0
7230.0 0.0
7240.0 0.0
7250.0 0.0
7260.0 0.0
7270.0 0.0
7280.0 0.0
7290.0 0.0
7300.0 0.0
7300.01123046875 0.0
7301.01123046875 0.0
7302.01123046875 0.0
7310.0 0.0
7320.0 0.0
7330.0 0.0
7340.0 0.0
7350.0 0.0
7360.0 0.0
7370.0 0.0
7380.0 0.0
7390.0 0.0
7400.0 0.0
7402.0380859375 0.0
7410.0 0.0
7420.0 0.0
7430.0 0.0
7440.0 0.0
7450.0 0.0
7452.0517578125 0.0
7460.0 0.0
7470.0 0.0
7480.0 0.0
7490.0 0.0
7500.0 0.0
7502.0654296875 0.0
7510.0 0.0
7520.0 0.0
7530.0 0.0
7540.0 0.0
7550.0 0.0
7552.07861328125 0.0
7560.0 0.0
7570.0 0.0
7580.0 0.0
7590.0 0.0
7600.0 0.0
7602.09228515625 0.0
7610.0 0.0
7620.0 0.0
7630.0 0.0
7640.0 0.0
7650.0 0.0
7652.10595703125 0.0
7660.0 0.0
7670.0 0.0
7680.0 0.0
7690.0 0.0
7700.0 0.0
7702.119140625 0.0
7710.0 0.0
7720.0 0.0
7730.0 0.0
7740.0 0.0
7750.0 0.0
7752.1328125 0.0
7760.0 0.0
7770.0 0.0
7780.0 0.0
7790.0 0.0
7800.0 0.0
7802.14599609375 0.0
7810.0 0.0
7820.0 0.0
7830.0 0.0
7840.0 0.0
7850.0 0.0
7860.0 0.0
7870.0 0.0
7880.0 0.0
7890.0 0.0
7900.0 0.0
7910.0 0.0
7920.0 0.0
7930.0 0.0
7940.0 0.0
7950.0 0.0
7952.1865234375 0.0
7960.0 0.0
7970.0 0.0
7980.0 0.0
7990.0 0.0
7998.0 0.0
7999.0 0.0
8000.0 3.321609892771556e-05
8010.0 3.3282484540906094e-05
8020.0 3.3353168352822044e-05
8030.0 3.342619651101976e-05
8040.0 3.34956757741537e-05
8050.0 3.356577240094183e-05
8060.0 3.363609981105582e-05
8070.0 3.370654831034e-05
8080.0 3.37771773652578e-05
8090.0 3.384798746165008e-05
8100.0 3.391886003583133e-05
8110.0 3.39899113957814e-05
8120.0 3.406103092376909e-05
8130.0 3.4132329776969266e-05
8140.0 3.4203751275657405e-05
8150.0 3.427523550770746e-05
8160.0 3.434690549009968e-05
8170.0 3.441869578668192e-05
8180.0 3.449055179962967e-05
8190.0 3.46300294136813e-05
8200.0 3.4769906967278466e-05
8210.0 3.49032130387694e-05
8220.0 3.5036931155656854e-05
8230.0 3.517101472146631e-05
8240.0 3.5280403110933015e-05
8250.0 3.539001255650006e-05
8252.267578125 3.5414890870838874e-05
8260.0 3.707003073032518e-05
8270.0 3.922186419909069e-05
8280.0 4.138662887181341e-05
8290.0 4.356427054933022e-05
8300.0 4.575476150799368e-05
8310.0 4.7958280865706205e-05
8320.0 5.017477131122442e-05
8330.0 5.240418213419486e-05
8340.0 5.4646726137152155e-05
8350.0 5.690222969331076e-05
8360.0 5.917093371135468e-05
8370.0 6.132269296597804e-05
8380.0 6.347829404898228e-05
8390.0 6.563795197226993e-05
8400.0 6.78015532793249e-05
8410.0 6.995541719085865e-05
8420.0 7.21123038787289e-05
8430.0 7.427246130098004e-05
8440.0 7.643576831106303e-05
8450.0 7.860221362675212e-05
8460.0 8.077195528145271e-05
8470.0 8.294486233314426e-05
8480.0 8.512119214670889e-05
8490.0 8.730183380722236e-05
8500.0 8.948800548897988e-05
8510.0 9.173530059095026e-05
8520.0 9.399094709069962e-05
8530.0 9.625371295582199e-05
8540.0 9.85230316994226e-05
8550.0 0.00010068442271130856
8560.0 0.00010284700115431576
8570.0 0.00010501044895620465
8580.0 0.00010717506740812127
8590.0 0.00010934066540114649
8600.0 0.00011150704008980565
8602.3623046875 0.00011201472191021249
8610.0 0.00011114920661537134
8620.0 0.00011001538733524315
8630.0 0.00010888093284735309
8640.0 0.00010791182204189044
8650.0 0.00010693861308670228
8660.0 0.0001059611135083135
8670.0 0.00010497966689179707
8680.0 0.00010399413629678195
8690.0 0.00010300449665244358
8700.0 0.0001020108187047819
8710.0 0.00010101287365232496
8720.0 0.0001000110341571692
8730.0 9.947174533008458e-05
8740.0 9.892019341032132e-05
8750.0 9.835630211870091e-05
8760.0 9.777996420951437e-05
8770.0 9.719095019720213e-05
8780.0 9.658949519233166e-05
8790.0 9.597535324274335e-05
8800.0 9.534841775856313e-05
8810.0 9.45767656281503e-05
8820.0 9.379420016243443e-05
8830.0 9.300101766886911e-05
8840.0 9.235246298200476e-05
8850.0 9.169021438275298e-05
8860.0 9.101420489786755e-05
8870.0 9.032431750223194e-05
8880.0 8.962033635003136e-05
8890.0 8.890243232787693e-05
8900.0 8.817036093381007e-05
8910.0 8.708076397910196e-05
8920.0 8.598488537718272e-05
8930.0 8.495290174064087e-05
8940.0 8.384362478129788e-05
8950.0 8.272791868855517e-05
8960.0 8.167362481133338e-05
8970.0 8.054496631808591e-05
8980.0 7.947652659410206e-05
8990.0 7.833592486432876e-05
9000.0 7.718930810833099e-05
9010.0 7.592318751000885e-05
9020.0 7.459407570803608e-05
9030.0 7.332652826099774e-05
9040.0 7.205859420684534e-05
9050.0 7.078911731620854e-05
9060.0 6.957567923975397e-05
9070.0 6.830163554138576e-05
9080.0 6.708156548692281e-05
9090.0 6.580260206615993e-05
9100.0 6.4521715503679e-05
9110.0 6.329129841527647e-05
9120.0 6.200507548485003e-05
9130.0 6.076717404600112e-05
9140.0 5.9475245504126965e-05
9150.0 5.822955335859641e-05
9160.0 5.693173592850138e-05
9170.0 5.567790013423943e-05
9180.0 5.4373922803865226e-05
9190.0 5.311166342700177e-05
9200.0 5.1801290015814214e-05
9210.0 5.049617051826749e-05
9220.0 4.914673943247491e-05
9230.0 4.78363880398751e-05
9240.0 4.652454819029384e-05
9250.0 4.524713597280108e-05
9252.5380859375 4.4912486920081925e-05
9260.0 5.1663430311904974e-05
9270.0 6.078351866122717e-05
9280.0 6.988543554298187e-05
9290.0 7.907903695417714e-05
9300.0 8.823942114462436e-05
9310.0 9.750717566412012e-05
9320.0 0.00010672645183700612
9330.0 0.00011606880650563224
9340.0 0.00012534711090820506
9350.0 0.000134764475800537
9352.5654296875 0.0001371575284092858
9360.0 0.00013503212994763798
9370.0 0.00013227775052905224
9380.0 0.0001294008394159512
9390.0 0.0001266223418116147
9400.0 0.0001238308034289908
9410.0 0.00012081037019249698
9420.0 0.00011788637763064224
9430.0 0.0001148575850470731
9440.0 0.00011198254065253313
9450.0 0.00010900411493564652
9460.0 0.00010610885076719897
9470.0 0.00010320218865025802
9480.0 0.00010019950769367548
9490.0 9.727251363003652e-05
9500.0 9.433411059607358e-05
9510.0 9.129264258175947e-05
9520.0 8.83202918898981e-05
9530.0 8.526524855113244e-05
9540.0 8.227435312602398e-05
9550.0 7.927283807786552e-05
9560.0 7.619611948815326e-05
9570.0 7.317604247873497e-05
9580.0 7.014535346654407e-05
9590.0 6.704727647998243e-05
9600.0 6.399810735876086e-05
9610.0 6.091620662573626e-05
9620.0 5.777698647547838e-05
9630.0 5.4681335979590775e-05
9640.0 5.159827790861435e-05
9650.0 4.846335303514123e-05
9652.646484375 4.764353662518722e-05
9660.0 4.7699243289548404e-05
9670.0 4.777454858229515e-05
9680.0 4.780878686755806e-05
9690.0 4.788320856183939e-05
9700.0 4.795725104207609e-05
9710.0 4.7989973185407386e-05
9720.0 4.8063063648957324e-05
9730.0 4.8135627289968124e-05
9740.0 4.816669344309545e-05
9750.0 4.823816822743984e-05
9760.0 4.830913228371201e-05
9770.0 4.837957340804731e-05
9780.0 4.840812753230299e-05
9790.0 4.847733555248566e-05
9800.0 4.854594746566893e-05
9810.0 4.858861286074793e-05
9820.0 4.8589088040659966e-05
9830.0 4.8630324484942334e-05
9840.0 4.869584239090099e-05
9850.0 4.876069044510561e-05
9860.0 4.878305693375697e-05
9870.0 4.884639982137629e-05
9880.0 4.890894717504955e-05
9890.0 4.897070059474793e-05
9900.0 4.898974347438279e-05
9910.0 4.904991381196004e-05
9920.0 4.910921208898382e-05
9930.0 4.916763609836045e-05
9940.0 4.92251943524862e-05
9950.0 4.923978755082177e-05
9960.0 4.92954734355211e-05
9970.0 4.9350291077393634e-05
9980.0 4.940423519846929e-05
9990.0 4.945716471269936e-05
10000.0 4.9466692471203185e-05
10010.0 4.9545557098308505e-05
10020.0 4.9623667243640625e-05
10030.0 4.9701027288581074e-05
10040.0 4.977769296705553e-05
10050.0 4.981087353080134e-05
10060.0 4.988601137558691e-05
10070.0 4.996045001128937e-05
10080.0 5.003419419910778e-05
10090.0 5.0107237392312635e-05
10100.0 5.017964362517052e-05
10110.0 5.025134351704497e-05
10120.0 5.027924112342211e-05
10130.0 5.0349600978779784e-05
10140.0 5.0419321419432275e-05
10150.0 5.048839620418894e-05
10160.0 5.055696823410866e-05
10170.0 5.062488297788331e-05
10180.0 5.0692156059890585e-05
10190.0 5.071541299704557e-05
10200.0 5.078154110973298e-05
10210.0 5.085055113766437e-05
10220.0 5.091912696767083e-05
10230.0 5.0987131484648844e-05
10240.0 5.1054623110576e-05
10250.0 5.112159602300634e-05
10260.0 5.1188134391368014e-05
10270.0 5.1254161343710576e-05
10280.0 5.13197353149777e-05
10290.0 5.1340719063029985e-05
10300.0 5.140534521253283e-05
10310.0 5.146958583293168e-05
10320.0 5.153338223225976e-05
10330.0 5.159672888716306e-05
10340.0 5.165969264320151e-05
10350.0 5.1722344010168995e-05
10360.0 5.1784595303365574e-05
10370.0 5.184647747747391e-05
10380.0 5.1907960645499186e-05
10390.0 5.196919850278765e-05
10400.0 5.203005277021153e-05
10410.0 5.209252116540903e-05
10420.0 5.215474623753013e-05
10430.0 5.221665109418286e-05
10440.0 5.2278310571019426e-05
10450.0 5.233973159630256e-05
10460.0 5.2355769924631824e-05
10470.0 5.241664359269581e-05
10480.0 5.247732656863976e-05
10490.0 5.253777508159032e-05
10500.0 5.259803132053397e-05
10510.0 5.2615548624829814e-05
10520.0 5.263291783147321e-05
10530.0 5.2650076467246305e-05
10540.0 5.266709408683024e-05
10550.0 5.268388607703069e-05
10560.0 5.270054414004461e-05
10570.0 5.2717130579090784e-05
10580.0 5.273349833891375e-05
10590.0 5.2749794274725424e-05
10600.0 5.2766021743815145e-05
10610.0 5.277831360856199e-05
10620.0 5.2790536575249017e-05
10630.0 5.280269456892498e-05
10640.0 5.2814846097755246e-05
10650.0 5.2826925210355146e-05
10660.0 5.2839001244097266e-05
10670.0 5.285109294792793e-05
10680.0 5.286317473007899e-05
10690.0 5.292075921897585e-05
10700.0 5.2932934047426e-05
10710.0 5.294510239255516e-05
10720.0 5.29573417240625e-05
10730.0 5.296966291718724e-05
10740.0 5.298205120387756e-05
10750.0 5.2994510601684985e-05
10760.0 5.300712211759635e-05
10770.0 5.301987499774139e-05
10780.0 5.303270603665814e-05
10790.0 5.304575616392502e-05
10800.0 5.30589473637253e-05
10810.0 5.3074789555671264e-05
10820.0 5.309085919818862e-05
10830.0 5.3107138182168105e-05
10840.0 5.312357126104686e-05
10850.0 5.314030253158662e-05
10860.0 5.315725106768138e-05
10870.0 5.32202181971651e-05
10880.0 5.323776839547589e-05
10890.0 5.325553608546791e-05
10900.0 5.327368117276562e-05
10910.0 5.3292044738048875e-05
10920.0 5.331077133476828e-05
10930.0 5.332987615949965e-05
10940.0 5.3349348076307774e-05
10950.0 5.336917994261719e-05
10960.0 5.338930952782195e-05
10970.0 5.340988912956251e-05
10980.0 5.3476810646089766e-05
10990.0 5.3498286962136225e-05
11000.0 5.3509234656216576e-05
11010.0 5.352671559153975e-05
11020.0 5.354420076818229e-05
11030.0 5.35616901868577e-05
11040.0 5.357918384827965e-05
11050.0 5.3596681753161804e-05
11060.0 5.361418390221796e-05
11070.0 5.367772823458556e-05
11080.0 5.3695253905426076e-05
11090.0 5.3712783826227425e-05
11100.0 5.373031799770428e-05
11110.0 5.37478564205714e-05
11120.0 5.376539909554363e-05
11130.0 5.378294602333583e-05
11140.0 5.3800497204663034e-05
11150.0 5.3864210931118375e-05
11160.0 5.3881785682133266e-05
11170.0 5.389936469247851e-05
11180.0 5.391694796286995e-05
11190.0 5.3934535494023556e-05
11200.0 5.395212728665538e-05
11210.0 5.401878700911178e-05
11220.0 5.4039223740671405e-05
11230.0 5.405966560045943e-05
11240.0 5.4080112589075064e-05
11250.0 5.410056470711736e-05
11253.080078125 5.410686515261247e-05
11260.0 5.412101029847307e-05
11270.0 5.414145582120563e-05
11280.0 5.420828012526201e-05
11290.0 5.422875339978365e-05
11300.0 5.4249231798318335e-05
11310.0 5.426971532146062e-05
11320.0 5.4290203969805066e-05
11330.0 5.4310697743946036e-05
11340.0 5.437766991854664e-05
11350.0 5.439819148459335e-05
11360.0 5.441871818260568e-05
11370.0 5.443925001317853e-05
11380.0 5.445978697690655e-05
11390.0 5.4526895635872466e-05
11400.0 5.454746043025301e-05
11410.0 5.457199174412187e-05
11420.0 5.4596530699271e-05
11430.0 5.4621077297060596e-05
11440.0 5.4645631538850996e-05
11450.0 5.471688236536061e-05
11460.0 5.474147288188267e-05
11470.0 5.476607105301834e-05
11480.0 5.479067688012931e-05
11490.0 5.481529036457738e-05
11500.0 5.4886699847645265e-05
11510.0 5.490843571467609e-05
11520.0 5.4930176890520126e-05
11530.0 5.4951923375632726e-05
11540.0 5.4973675170469084e-05
11550.0 5.504231889376467e-05
11560.0 5.5064099863065415e-05
11570.0 5.508588614798333e-05
11580.0 5.510767774897373e-05
11590.0 5.512947466649199e-05
11600.0 5.51982507326911e-05
11610.0 5.5220413161094296e-05
11620.0 5.524258099392797e-05
11630.0 5.5264754231610975e-05
11640.0 5.533398778407625e-05
11650.0 5.5356190713638854e-05
11653.189453125 5.536327337199148e-05
11660.0 5.6636217682553526e-05
11670.0 5.8506550228181565e-05
11680.0 6.037837587325903e-05
11690.0 6.230463275501693e-05
11700.0 6.418104054848151e-05
11710.0 6.605894435844566e-05
11720.0 6.793834473414368e-05
11730.0 6.987855758516074e-05
11740.0 7.17625519404759e-05
11750.0 7.364804578239885e-05
11760.0 7.553503966086713e-05
11770.0 7.742353412587716e-05
11780.0 7.938086184790035e-05
11790.0 8.127396489659382e-05
11800.0 8.316857145747594e-05
11810.0 8.50530197426395e-05
11820.0 8.701218957359257e-05
11830.0 8.890021340629187e-05
11840.0 9.078922613334157e-05
11850.0 9.267922791135033e-05
11860.0 9.465036689891961e-05
11870.0 9.65439506967807e-05
11880.0 9.843852485394319e-05
11890.0 0.00010033408952708193
11900.0 0.00010231721169979027
11910.0 0.00010421636467827428
11920.0 0.0001061165094818058
11930.0 0.0001080176462671257
11940.0 0.00010991977519095825
11950.0 0.00011191749436914053
11953.26953125 0.00011254046764617497
11960.0 0.00011245531806129598
11970.0 0.0001123287381078131
11980.0 0.00011220207882504163
11990.0 0.00011217008287122653
12000.0 0.00011204315768457126
12010.0 0.00011192987757661796
12020.0 0.0001118164878356823
12030.0 0.00011179732531677513
12040.0 0.00011168362022507411
12050.0 0.0001115698052695809
12060.0 0.00011145588040420414
12070.0 0.00011143580934146694
12080.0 0.0001113215681887622
12090.0 0.00011120721689497471
12100.0 0.00011109275541393891
12110.0 0.00011107176158370973
12120.0 0.00011095698288867157
12130.0 0.00011084209377480715
12140.0 0.00011072709419587651
12150.0 0.00011070516351898831
12160.0 0.00011058984580942312
12170.0 0.00011047441740284601
12180.0 0.00011035887825294253
12190.0 0.00011033602998287355
12200.0 0.00011022017176105198
12210.0 0.00011009409466224092
12220.0 0.00011006042283403085
12230.0 0.00010993406592738959
12240.0 0.00010980762209806498
12250.0 0.00010968109131980587
12260.0 0.00010964652947213272
12270.0 0.00010951971825037383
12280.0 0.00010939281992777644
12290.0 0.00010926583447805196
12300.0 0.0001092304023982767
12310.0 0.00010910313584318631
12320.0 0.00010897578200885583
12330.0 0.00010884834086895921
12340.0 0.0001088120145192507
12350.0 0.00010868429163673094
12360.0 0.00010855648129634014
12370.0 0.00010842858347171494
12380.0 0.00010839138243049553
12390.0 0.00010826320219965268
12400.0 0.0001081349343320611
12410.0 0.00010801952543159213
12420.0 0.00010799437186996598
12430.0 0.00010787862457656519
12440.0 0.0001077627563431768
12450.0 0.00010764676712014823
12460.0 0.00010762063414518174
12470.0 0.00010750430553621232
12480.0 0.00010738785568723993
12490.0 0.00010727128454854268
12500.0 0.00010724419039915759
12510.0 0.00010710314511506159
12520.0 0.00010696203251192783
12530.0 0.00010682085261710719
12540.0 0.00010676872147386906
12550.0 0.00010662728902926028
12560.0 0.00010648578931904321
12570.0 0.0001064329946544318
12580.0 0.00010629124226445167
12590.0 0.00010614942263532912
12600.0 0.00010600753579466027
12610.0 0.00010594940322576773
12620.0 0.00010580280006089935
12630.0 0.00010565614374945977
12640.0 0.00010550943431848528
12650.0 0.00010545046765420224
12660.0 0.00010530352972790459
12670.0 0.00010515653871912014
12680.0 0.00010500949465499765
12690.0 0.00010494971421545762
12700.0 0.00010480244159349211
12710.0 0.00010465511595366002
12720.0 0.00010450773732322288
12730.0 0.00010444712165281663
12740.0 0.00010429951443266393
12750.0 0.0001041518542598125
12760.0 0.00010400414116163689
12770.0 0.00010385637516553436
12780.0 0.00010379476860728864
12790.0 0.00010364677397273839
12800.0 0.00010349872647868327
12810.0 0.00010333355487260694
12820.0 0.0001032540760511321
12830.0 0.0001030887687931084
12840.0 0.00010292346235298548
12850.0 0.00010275815676264003
12860.0 0.00010267798517639788
12870.0 0.00010251254420962404
12880.0 0.00010234710418905959
12890.0 0.00010218166514661922
12900.0 0.00010210082163896134
12910.0 0.00010193524746384329
12920.0 0.00010176967436350088
12930.0 0.00010160410236988675
12940.0 0.00010152256728785094
12950.0 0.00010135686043895457
12960.0 0.00010119115479365757
12970.0 0.0001010254503839504
12980.0 0.00010085974724182647
12990.0 0.00010077740529617512
13000.0 0.00010061156760949546
13010.0 0.00010047994725777841
13020.0 0.00010034823135530229
13030.0 0.00010029931573314197
13040.0 0.00010016729951073236
13050.0 0.0001000351875494151
13060.0 9.990297981280196e-05
13070.0 9.977067626449598e-05
13080.0 9.972061658050432e-05
13090.0 9.958801180729429e-05
13100.0 9.945531103387996e-05
13110.0 9.932251422379917e-05
13120.0 9.9189621340581e-05
13130.0 9.913843355672711e-05
13140.0 9.900523851575301e-05
13150.0 9.88719472127479e-05
13160.0 9.873855961117556e-05
13170.0 9.868643679865333e-05
13180.0 9.85527462703772e-05
13190.0 9.841895925432352e-05
13200.0 9.82850757138908e-05
13210.0 9.813064734420057e-05
13220.0 9.805695023363174e-05
13230.0 9.79023251511188e-05
13240.0 9.774766535793532e-05
13250.0 9.759297085061827e-05
13260.0 9.743824162570428e-05
13270.0 9.728347767973019e-05
13280.0 9.720868989795149e-05
13290.0 9.70537289536388e-05
13300.0 9.689873324926531e-05
13310.0 9.674370278136464e-05
13320.0 9.658863754647041e-05
13330.0 9.651290095301873e-05
13340.0 9.635763850004957e-05
13350.0 9.620234124106578e-05
13360.0 9.60470091725977e-05
13370.0 9.589164229117575e-05
13380.0 9.57362405933302e-05
13390.0 9.56594103861539e-05
13400.0 9.550381118435176e-05
13410.0 9.529636345096652e-05
13420.0 9.508906165101746e-05
13430.0 9.4881905778675e-05
13440.0 9.467489582810642e-05
13450.0 9.454565911122191e-05
13460.0 9.433877111998434e-05
13470.0 9.413202915289968e-05
13480.0 9.392543320411882e-05
13490.0 9.371898326778983e-05
13500.0 9.351267933805793e-05
13510.0 9.337086150581801e-05
13520.0 9.315247498735241e-05
13530.0 9.293428974261006e-05
13540.0 9.27163057008159e-05
13550.0 9.249852279120659e-05
13560.0 9.228094094303046e-05
13570.0 9.206356008554754e-05
13580.0 9.192172934696192e-05
13590.0 9.170457225276076e-05
13600.0 9.148761610181864e-05
13610.0 9.109865745227685e-05
13620.0 9.07107439558043e-05
13630.0 9.032387441882853e-05
13640.0 8.993804764708705e-05
13650.0 8.955326244562807e-05
13660.0 8.924260208814567e-05
13670.0 8.885958276923079e-05
13680.0 8.847760228235501e-05
13690.0 8.809665942883301e-05
13700.0 8.771675300929227e-05
13710.0 8.733788182367362e-05
13720.0 8.696004467123204e-05
13730.0 8.658324035053687e-05
13740.0 8.620746765947267e-05
13750.0 8.590302575514623e-05
13760.0 8.552900662866032e-05
13770.0 8.51560163633429e-05
13780.0 8.478405375335769e-05
13790.0 8.441311759218562e-05
13800.0 8.404320667262555e-05
13810.0 8.37228107225586e-05
13820.0 8.34032099628128e-05
13830.0 8.30844032807926e-05
13840.0 8.309562074206233e-05
13850.0 8.310634197037445e-05
13860.0 8.318458614794916e-05
13870.0 8.31943203927819e-05
13880.0 8.3203555520479e-05
13890.0 8.321229070621861e-05
13900.0 8.32205251257806e-05
13910.0 8.322825795554634e-05
13920.0 8.323548837249883e-05
13930.0 8.324221555422243e-05
13940.0 8.324843867890291e-05
13950.0 8.325415692532728e-05
13960.0 8.325936947288364e-05
13970.0 8.326407550156139e-05
13980.0 8.326827419195075e-05
13990.0 8.327196472524302e-05
14000.0 8.327514628323024e-05
14010.0 8.31964244982329e-05
14020.0 8.311740693066296e-05
14030.0 8.3038093401782e-05
14040.0 8.295848373306612e-05
14050.0 8.287857774620628e-05
14060.0 8.279837526310824e-05
14070.0 8.271787610589307e-05
14080.0 8.270464435468364e-05
14090.0 8.262348501461301e-05
14100.0 8.254202822508447e-05
14110.0 8.246027380893663e-05
14120.0 8.237822158922448e-05
14130.0 8.229587138921947e-05
14140.0 8.221322303240959e-05
14150.0 8.21302763424997e-05
14160.0 8.204703114341154e-05
14170.0 8.1963487259284e-05
14180.0 8.187964451447356e-05
14190.0 8.17955027335538e-05
14200.0 8.164430917521114e-05
14210.0 8.148553752864687e-05
14220.0 8.132673420231406e-05
14230.0 8.116789924205124e-05
14240.0 8.100903269371549e-05
14250.0 8.085013460318229e-05
14260.0 8.069120501634578e-05
14270.0 8.053224397911845e-05
14280.0 8.037325153743132e-05
14290.0 8.021422773723384e-05
14300.0 8.005517262449402e-05
14310.0 7.989608624519827e-05
14320.0 7.973696864535159e-05
14330.0 7.957781987097726e-05
14340.0 7.941863996811721e-05
14350.0 7.925942898283177e-05
14360.0 7.910018696119972e-05
14370.0 7.894091394931833e-05
14380.0 7.878160999330327e-05
14390.0 7.862227513928879e-05
14400.0 7.839875033872043e-05
14410.0 7.822466327641022e-05
14420.0 7.805061164363873e-05
14430.0 7.787659546509108e-05
14440.0 7.77026147654521e-05
14450.0 7.75286695694063e-05
14460.0 7.735475990163765e-05
14470.0 7.718088578682983e-05
14480.0 7.700704724966611e-05
14490.0 7.683324431482941e-05
14500.0 7.665947700700224e-05
14510.0 7.645891872119007e-05
14520.0 7.63209854999788e-05
14530.0 7.618294159125199e-05
14540.0 7.604478697049514e-05
14550.0 7.590652161319512e-05
14560.0 7.576814549484005e-05
14570.0 7.562965859091942e-05
14580.0 7.542923811520924e-05
14590.0 7.529064316081632e-05
14600.0 7.515193743812119e-05
14610.0 7.500479152252747e-05
14620.0 7.485756726380087e-05
14630.0 7.471026466485955e-05
14640.0 7.456288372862326e-05
14650.0 7.435442535953079e-05
14660.0 7.420700869557936e-05
14670.0 7.40595137673088e-05
14680.0 7.391194057764288e-05
14690.0 7.376428912950724e-05
14700.0 7.361655942582895e-05
14710.0 7.340848614746821e-05
14720.0 7.326072125034383e-05
14730.0 7.311287817065275e-05
14740.0 7.296495691132625e-05
14750.0 7.281695747529718e-05
14760.0 7.260921461718987e-05
14770.0 7.246118048081174e-05
14780.0 7.231306824071978e-05
14790.0 7.2164877899851e-05
14800.0 7.19574311749084e-05
14810.0 7.180198092959379e-05
14820.0 7.164648317287612e-05
14830.0 7.149093792698626e-05
14840.0 7.127668552897469e-05
14850.0 7.112117335569841e-05
14860.0 7.096561379891959e-05
14870.0 7.081000688083818e-05
14880.0 7.059619817726145e-05
14890.0 7.044062475859097e-05
14900.0 7.028500408412656e-05
14910.0 7.012933617603733e-05
14920.0 6.991598633639827e-05
14930.0 6.97603523232883e-05
14940.0 6.960467118189196e-05
14950.0 6.944894293434763e-05
14960.0 6.923603948877766e-05
14970.0 6.90803455616772e-05
14980.0 6.892460463360636e-05
14990.0 6.871207412799866e-05
15000.0 6.855636784693374e-05
15010.0 6.836785510318979e-05
15020.0 6.812316499935501e-05
15030.0 6.79350450691616e-05
15040.0 6.774704366691863e-05
15050.0 6.750332413413568e-05
15060.0 6.731571487036702e-05
15070.0 6.712822393477594e-05
15080.0 6.68854799287369e-05
15090.0 6.669838043864476e-05
15100.0 6.651139907715977e-05
15110.0 6.626963537024727e-05
15120.0 6.608304474351479e-05
15130.0 6.589657204603316e-05
15140.0 6.565577375849138e-05
15150.0 6.54696911225536e-05
15160.0 6.528372621670109e-05
15170.0 6.504390457730701e-05
15180.0 6.485832902363613e-05
15190.0 6.46191980626227e-05
15200.0 6.443401135419353e-05
15210.0 6.424364201281696e-05
15220.0 6.400021778693654e-05
15230.0 6.381030249054806e-05
15240.0 6.356765398885546e-05
15250.0 6.337819196662336e-05
15260.0 6.318887755567828e-05
15270.0 6.29472958378857e-05
15280.0 6.275843371607278e-05
15290.0 6.251762464564216e-05
15300.0 6.232921404408017e-05
15310.0 6.208916394092053e-05
15320.0 6.190120412898454e-05
15330.0 6.166191798336683e-05
15340.0 6.147440821247854e-05
15350.0 6.123589088508381e-05
15360.0 6.10488303888278e-05
15370.0 6.0861916179287044e-05
15380.0 6.062445647753002e-05
15390.0 6.0437990563221133e-05
15400.0 6.020129661963693e-05
15410.0 6.001836335437161e-05
15420.0 5.978548327020099e-05
15430.0 5.9602957064662327e-05
15440.0 5.937078948815937e-05
15450.0 5.918866973168136e-05
15460.0 5.895721952351654e-05
15470.0 5.872619497487713e-05
15480.0 5.8544759902812896e-05
15490.0 5.831445101028058e-05
15500.0 5.813342073882692e-05
15510.0 5.7919365327683157e-05
15520.0 5.7754199177639323e-05
15530.0 5.754063125410851e-05
15540.0 5.7375674694775986e-05
15550.0 5.716259976008378e-05
15554.2490234375 5.7072156011852354e-05
15560.0 5.7040457632399555e-05
15570.0 5.7033440015940765e-05
15580.0 5.697833737714495e-05
15590.0 5.6971326101832536e-05
15600.0 5.69162473685133e-05
15610.0 5.690621346831422e-05
15620.0 5.6848123421233515e-05
15630.0 5.679005635487692e-05
15640.0 5.67800403149931e-05
15650.0 5.6721993551099054e-05
15660.0 5.666396403914973e-05
15670.0 5.6653965859834076e-05
15680.0 5.6595968099504386e-05
15690.0 5.6585979001492614e-05
15700.0 5.652800154584577e-05
15710.0 5.6470047059495176e-05
15720.0 5.6460075820009584e-05
15730.0 5.640214163955499e-05
15740.0 5.634422470767944e-05
15750.0 5.6334271326939e-05
15760.0 5.627638613392551e-05
15770.0 5.621851247280644e-05
15780.0 5.61606617707839e-05
15790.0 5.615073502187079e-05
15800.0 5.609290462835385e-05
15810.0 5.603731446789266e-05
15820.0 5.6029628162604975e-05
15830.0 5.597406322966664e-05
15840.0 5.5918505633222015e-05
15850.0 5.586296678886354e-05
15860.0 5.585529981406326e-05
15870.0 5.579977478489843e-05
15880.0 5.574426280257196e-05
15890.0 5.568876957077845e-05
15900.0 5.568112193196075e-05
15910.0 5.562564252132542e-05
15920.0 5.557017615910162e-05
15930.0 5.551472854584871e-05
15940.0 5.545928828089962e-05
15950.0 5.5451666461557696e-05
15960.0 5.5396251423186425e-05
15970.0 5.5340843736619656e-05
15980.0 5.5285449100847355e-05
15990.0 5.5230073211725587e-05
16000.0 5.522247721855537e-05
16004.37109375 5.5199240598074204e-05
16010.0 5.584395514213799e-05
16020.0 5.69875473457915e-05
16030.0 5.812885948134799e-05
16040.0 5.926789766773414e-05
16050.0 6.040466851701279e-05
16060.0 6.159267481145441e-05
16070.0 6.272592543018327e-05
16080.0 6.385690997155679e-05
16090.0 6.498561566696545e-05
16100.0 6.611204937812609e-05
16110.0 6.723621845936997e-05
16120.0 6.835810940653831e-05
16130.0 6.947773669237854e-05
16140.0 7.059508632258047e-05
16150.0 7.17101657773803e-05
16160.0 7.288680222533945e-05
16170.0 7.399838034809207e-05
16180.0 7.510768159809858e-05
16190.0 7.621472192658587e-05
16200.0 7.731948586966279e-05
16210.0 7.840760017656145e-05
16220.0 7.949305572767326e-05
16230.0 8.057583774952628e-05
16240.0 8.165595625150761e-05
16250.0 8.273342172677765e-05
16260.0 8.380821867443683e-05
16270.0 8.488036641244989e-05
16280.0 8.59498489556293e-05
16290.0 8.701667691643894e-05
16300.0 8.808086138978734e-05
16310.0 8.914238566505051e-05
16320.0 9.020127026532204e-05
16330.0 9.125749799701695e-05
16340.0 9.231108007401364e-05
16350.0 9.336202819130754e-05
16360.0 9.44103244318668e-05
16370.0 9.537083401140776e-05
16380.0 9.6412844204312e-05
16390.0 9.745222860733471e-05
16400.0 9.848896834060096e-05
16410.0 9.958177173309299e-05
16420.0 0.00010067316855770042
16430.0 0.00010176316702378774
16440.0 0.00010285177584694692
16450.0 0.00010393897082218395
16460.0 0.00010493023565002872
16470.0 0.00010601355580385146
16480.0 0.00010709547698673433
16490.0 0.00010817597398642214
16500.0 0.00010925505590546152
16502.5078125 0.00010952545017349492
16504.5078125 0.00026325452120606386
16506.5078125 0.0003706070391809776
16508.5078125 0.0002673928346061219
16510.0 0.0004650803202378283
16510.509765625 0.0005326069536199092
16512.509765625 0.00048202619746152053
16514.509765625 0.0005893075948873776
16516.509765625 0.0009069531452404536
16518.51171875 0.0009089502831983062
16520.0 0.0010670025358864718
16520.51171875 0.0011212875686867649
16522.51171875 0.0015436421767406666
16524.513671875 0.0017554865117365946
16526.513671875 0.002229946381632814
16528.513671875 0.0028091343865207013
16530.0 0.0033173650778593796
16530.513671875 0.003493118608054932
16532.515625 0.00433485897232136
16534.515625 0.005438672244487076
16536.515625 0.007015149908633325
16538.515625 0.008905696237910056
16540.0 0.010813128441149967
16540.517578125 0.011478140999027258
16542.517578125 0.01478472609181529
16544.517578125 0.019034566775229925
16546.51953125 0.02454266468991068
16548.51953125 0.031990605561574105
16550.0 0.03901634682699118
16550.51953125 0.04148155117797633
16552.51953125 0.053856618699709376
16554.521484375 0.06863437635073431
16556.521484375 0.08724186384437092
16558.521484375 0.10920059222007969
16560.0 0.12868601271470842
16560.521484375 0.13555785981521556
16562.5234375 0.16515364654669756
16564.5234375 0.19783476422715285
16566.5234375 0.23176588189411515
16568.525390625 0.2663700640806817
16570.0 0.29083171408620634
16570.525390625 0.2995318125940384
16572.525390625 0.3307050315512888
16574.525390625 0.35992210257403445
16576.52734375 0.3866610634984877
16578.52734375 0.40861675971536765
16580.0 0.42108433882794877
16580.52734375 0.4255679762226298
16582.52734375 0.43869386186913645
16584.529296875 0.4476374926585213
16586.529296875 0.45327910567143276
16588.529296875 0.4564616561159831
16590.0 0.4573817499577733
16590.53125 0.45771406202101256
16592.53125 0.45822905895997174
16594.53125 0.4579128201636245
16596.53125 0.4576436339133323
16598.533203125 0.4576932460772568
16600.0 0.458415585990373
16600.533203125 0.45861626992103444
16602.533203125 0.4594779544788052
16604.533203125 0.4606461991464019
16606.53515625 0.4619219423716337
16608.53515625 0.46407687171243217
16610.0 0.4656532947748031
16610.53515625 0.4662059874448128
16612.537109375 0.4681647559300819
16614.537109375 0.4705413984746145
16616.537109375 0.47306447639846144
16618.537109375 0.4751157859302016
16620.0 0.47619508417687145
16620.5390625 0.4766159696166739
16622.5390625 0.4780276002861565
16624.5390625 0.4794838465380292
16626.5390625 0.4809379730899342
16628.541015625 0.48166531098845594
16630.0 0.48212370526447823
16630.541015625 0.482293540068772
16632.54296875 0.4826051814501644
16634.54296875 0.4832831498361488
16636.54296875 0.4831290187989425
16638.544921875 0.48318600194177164
16640.0 0.4828899130048523
16640.544921875 0.4827790651140986
16642.544921875 0.4824753761974668
16644.544921875 0.4820173514810135
16646.546875 0.48139982291097255
16648.546875 0.4806340047896104
16650.0 0.48007807089160465
16650.546875 0.47984481852728555
16652.546875 0.47899229708509417
16654.548828125 0.4782430212029098
16656.548828125 0.4776999214539848
16658.548828125 0.47700358588117886
16660.0 0.4757198398923911
16660.55078125 0.4752570493745529
16662.55078125 0.4757192694819893
16664.55078125 0.4753169410893497
16666.55078125 0.474812646387087
16668.552734375 0.47451263772483326
16670.0 0.47462811845865416
16670.552734375 0.4746721553211507
16672.552734375 0.4743214042772826
16674.552734375 0.4741185472588844
16676.5546875 0.4739205297899302
16678.5546875 0.47362099653409623
16680.0 0.4737721709347838
16680.5546875 0.4738058704162978
16682.556640625 0.47392659329038983
16684.556640625 0.47388968118698943
16686.556640625 0.47365455783352994
16688.556640625 0.4735207152288025
16690.0 0.4725509745742591
16690.55859375 0.472200298963246
16692.55859375 0.47185065756173566
16694.55859375 0.47185526432200015
16696.55859375 0.4718595730279166
16698.560546875 0.4719643792376923
16700.0 0.47160364870864974
16700.560546875 0.47146322925659745
16702.560546875 0.4710129522356672
16704.5625 0.47061309565067233
16706.5625 0.47021374546002953
16708.5625 0.4697139567919729
16710.0 0.4693911286914207
16710.5625 0.4692404015955009
16712.564453125 0.46800045270275553
16714.564453125 0.46676247517748376
16716.564453125 0.46567666800543084
16718.564453125 0.464742687748776
16720.0 0.46439689111264615
16720.56640625 0.46428490478985757
16722.56640625 0.4635389247099445
16724.56640625 0.46264345825180997
16726.568359375 0.46174855462937225
16728.568359375 0.4611048063337367
16730.0 0.4607158962738183
16730.568359375 0.4605615579419859
16732.568359375 0.4601684690268539
16734.5703125 0.4597254547783658
16736.5703125 0.45888413247198584
16738.5703125 0.45839242196670466
16740.0 0.45811595431013963
16740.5703125 0.45798142750997783
16742.572265625 0.4571064535686451
16744.572265625 0.4556362596501408
16746.572265625 0.45392463492408003
16748.57421875 0.45161446961052215
16750.0 0.4495136976565161
16750.57421875 0.4486922589016478
16752.57421875 0.4448371036999376
16754.57421875 0.43970370788039037
16756.576171875 0.43314083371897233
16758.576171875 0.42530010636231236
16760.0 0.4182104488872199
16760.576171875 0.41534332202558505
16762.576171875 0.40367471880566796
16764.578125 0.3892505705606724
16766.578125 0.37312281421088334
16768.578125 0.3536129399203312
16770.0 0.33896587237173087
16770.580078125 0.3329761299109962
16772.580078125 0.3096677363139904
16774.580078125 0.2842870512183889
16776.580078125 0.25933637230340745
16778.58203125 0.23339508931007402
16780.0 0.21545025329584486
16780.58203125 0.20810185208501428
16782.58203125 0.18340637728344983
16784.58203125 0.16006584251996817
16786.583984375 0.13881231023613708
16788.583984375 0.11861405645708643
16790.0 0.10603538309631337
16790.5859375 0.10082822207509387
16792.5859375 0.08452736191554083
16794.5859375 0.0707392020450221
16796.587890625 0.05848644669133037
16798.587890625 0.04815302740726395
16800.0 0.04217504762164668
16800.587890625 0.039690637553397815
16802.587890625 0.03260883215583615
16804.58984375 0.026508108497403433
16806.58984375 0.021630750492456757
16808.58984375 0.01758518042055754
16810.0 0.01528377362538671
16810.58984375 0.014321745255691206
16812.591796875 0.011740917245008736
16814.591796875 0.00960036665767254
16816.591796875 0.007801339502630435
16818.59375 0.006488986649915158
16820.0 0.0056012829351626
16820.59375 0.005226421074989169
16822.59375 0.004206663950331411
16824.59375 0.003671798336867827
16826.595703125 0.0028481375179836995
16828.595703125 0.002411712001625825
16830.0 0.002071848590819538
16830.595703125 0.0019279051493872445
16832.595703125 0.0017340087216754032
16834.59765625 0.0013478128067012146
16836.59765625 0.0011064140393876284
16838.59765625 0.000961495956774252
16840.0 0.0008264227088817651
16840.599609375 0.0007686619496845483
16842.599609375 0.0005760200595228872
16844.599609375 0.0005275697267677487
16846.599609375 0.0003833783626009021
16848.6015625 0.00019153040187923958
16850.0 0.00025834163594410747
16850.6015625 0.00028707412924448996
16852.6015625 0.0002390778318283494
16854.6015625 0.00023892490019535302
16860.0 0.0002491576784557904
16870.0 0.0002677631980973118
16880.0 0.00028647934269883575
16890.0 0.0003050711578389846
16900.0 0.00032323200747044555
16910.0 0.00034155840521109786
16920.0 0.0003594191140000276
16930.0 0.00037748161129184677
16940.0 0.00039504414347268327
16950.0 0.0004128442444502499
16960.0 0.00043011044124926395
16970.0 0.0004472205702894824
16980.0 0.00046462147430266395
16990.0 0.00048143816923285976
17000.0 0.0004985806637840501
17010.0 0.0005147137277320109
17020.0 0.0005311800266475116
17030.0 0.0005469702265673095
17040.0 0.0005625818670859643
17050.0 0.000578577380122176
17060.0 0.0005938500905731781
17070.0 0.0006095398427674629
17080.0 0.000624476166790102
17090.0 0.0006392374403992203
17100.0 0.0006544647374218265
17110.0 0.0006688935411875185
17120.0 0.00068314941441438
17130.0 0.0006979193021845105
17140.0 0.0007118466116300528
17150.0 0.0007256031047713599
17160.0 0.0007399206153230689
17170.0 0.0007533524402251905
17180.0 0.000766615557419124
17190.0 0.0007804857089050674
17200.0 0.0007934280428848602
17210.0 0.0007996813332946766
17220.0 0.0008055264930168504
17230.0 0.0008117778916791383
17240.0 0.000816821418354966
17250.0 0.0008214643316022748
17260.0 0.0008257093703719869
17270.0 0.000829559073698061
17280.0 0.0008338575949407334
17290.0 0.0008369294838816902
17300.0 0.0008396135562269804
17310.0 0.0008419125379241983
17320.0 0.0008438289488363336
17330.0 0.0008453655092553137
17340.0 0.0008465247315446385
17350.0 0.0008481765752303584
17360.0 0.0008485913091121357
17370.0 0.0008486361585480605
17380.0 0.0008483138293385404
17390.0 0.0008476268683822426
17400.0 0.0008465778189762752
17410.0 0.0008331389676338492
17420.0 0.0008190474119970261
17430.0 0.0008043083967059903
17440.0 0.000788926957033964
17450.0 0.0007729083206239016
17460.0 0.0007562575123967369
17470.0 0.0007389797426697364
17480.0 0.0007210800715210804
17490.0 0.000702563556174352
17500.0 0.00068343538034411
17510.0 0.0006637005446559926
17520.0 0.0006433642146810445
17530.0 0.0006224313819588824
17540.0 0.0006009071935912316
17550.0 0.0005787966691710051
17560.0 0.0005561048266677071
17570.0 0.0005328367848698805
17580.0 0.0005089975141755482
17590.0 0.0004845921140927309
17600.0 0.0004591302674025053
17610.0 0.0004461262849812095
17620.0 0.00043279159284315166
17630.0 0.0004191291154727131
17640.0 0.0004051416884265725
17650.0 0.0003908321471463307
17660.0 0.0003757922302650513
17670.0 0.00036086257568433634
17680.0 0.0003456198061959991
17690.0 0.00033006674675015385
17700.0 0.0003138594625902234
17710.0 0.0002977115305323359
17720.0 0.0002812622598151241
17730.0 0.0002645144653181364
17740.0 0.0002471951283249025
17750.0 0.00022987756158556036
17760.0 0.00021227039047712904
17770.0 0.00019437640378374812
17780.0 0.00017600002442846006
17790.0 0.00015756126329667612
17800.0 0.0001388445527397743
17810.0 0.00013442546519748007
17820.0 0.00013008782298851488
17830.0 0.00012553164117537144
17840.0 0.00012104940326786906
17850.0 0.00011649366433472816
17860.0 0.00011173643884368848
17870.0 0.00010704104463741632
17880.0 0.00010215608062649742
17890.0 9.732437136154471e-05
17900.0 9.231543732685961e-05
17910.0 8.735075293618708e-05
17920.0 8.222160796647822e-05
17930.0 7.712727984581541e-05
17940.0 7.188167363217688e-05
17950.0 6.666102464900374e-05
17960.0 6.130269749459967e-05
17970.0 5.59590419971244e-05
17980.0 5.049172482690274e-05
17990.0 4.502836865303544e-05
18000.0 3.9455783023437764e-05
18001.0 0.0
18002.0 0.0
18200.0 0.0
18400.0 0.0
18600.0 0.0
18800.0 0.0
19000.0 0.0
19200.0 0.0
19400.0 0.0
19600.0 0.0
19800.0 0.0
19805.404296875 0.0
19855.419921875 0.0
19905.431640625 0.0
19955.4453125 0.0
20000.0 0.0
20001.0 0.0
20002.0 0.0
20005.4609375 0.0
20006.4609375 0.0
20007.4609375 0.0
30000.0 0.0
30010.0 0.0
