WAVELENGTH	THROUGHPUT
1989.69287109375	0.0
1989.846435546875	5.200303578890717e-12
1990.0	8.453029034589691e-11
1999.84814453125	4.89508271616076e-09
2000.0	4.823365728506887e-09
2009.849853515625	1.2520517740865476e-11
2010.0	1.2522686478806995e-11
2019.8516845703125	1.2664812898020858e-11
2020.0	5.533459011689494e-11
2029.853515625	2.919652201760681e-09
2030.0	2.9221441554019176e-09
2039.8553466796875	3.0939664520714256e-09
2040.0	3.049896393714155e-09
2049.857177734375	1.3083351282591676e-11
2050.0	1.308539656431273e-11
2059.85888671875	1.3252917281344473e-11
2060.0	1.3255321433846984e-11
2069.86083984375	1.342262409870894e-11
2070.0	7.61422002329394e-11
2079.86279296875	4.573029590369986e-09
2080.0	4.594240539566555e-09
2089.86474609375	6.141408989237154e-09
2090.0	6.059551752771602e-09
2099.86669921875	1.3914673628394626e-11
2100.0	1.3916910584911307e-11
2109.86865234375	1.4380512393696199e-11
2110.0	3.051882205976258e-11
2119.87060546875	1.2835835356258657e-09
2120.0	1.2905479969003808e-09
2129.87255859375	1.8364795307815269e-09
2130.0	1.813993075446161e-09
2139.87451171875	1.5823663649142514e-11
2140.0	1.582992085511176e-11
2149.876708984375	1.632464209722005e-11
2150.0	1.633088217786642e-11
2159.878662109375	1.683283165411129e-11
2160.0	1.683906041444828e-11
2169.880615234375	1.733179331926877e-11
2170.0	1.733780345636187e-11
2179.8828125	1.7852880583757162e-11
2180.0	1.7859049065813773e-11
2189.884765625	1.838037431218516e-11
2190.0	1.8386511337142277e-11
2199.886962890625	1.89137824398368e-11
2200.0	3.4653188331620174e-11
2209.888916015625	1.45393368579544e-09
2210.0	1.4384835336035997e-09
2219.89111328125	2.0100195220711068e-11
2220.0	2.0106852882614688e-11
2229.893310546875	2.0711806491709693e-11
2230.0	2.0718391824220808e-11
2239.8955078125	2.1218633090780172e-11
2240.0	2.122394516923064e-11
2249.8974609375	2.170329720101318e-11
2250.0	2.1708286720679753e-11
2259.899658203125	2.2206226566067206e-11
2260.0	2.221129990483653e-11
2269.90185546875	2.2707712557275633e-11
2270.0	4.791510541359341e-11
2279.904052734375	2.6476207383362614e-09
2280.0	2.6278675726160456e-09
2289.90625	5.424786746537513e-10
2290.0	5.726843561406948e-10
2299.908447265625	3.832197513895103e-09
2300.0	3.798057377051173e-09
2309.910400390625	2.453721285227804e-11
2310.0	2.4540415424576907e-11
2319.912841796875	2.4890528725435286e-11
2320.0	2.489361864606306e-11
2329.9150390625	2.5217783317664782e-11
2330.0	3.5446480534233295e-11
2339.917236328125	1.2458943032234493e-09
2340.0	1.2359362477837094e-09
2349.91943359375	2.5911177695350737e-11
2350.0	2.5913971520578573e-11
2359.921630859375	2.625498027123714e-11
2360.0	2.625768255799406e-11
2369.923828125	2.657234876478094e-11
2370.0	2.657476991236358e-11
2379.926025390625	2.6912083874676536e-11
2380.0	2.691460532060803e-11
2389.928466796875	2.725058680989885e-11
2390.0	2.7253014572265288e-11
2399.9306640625	2.7562523960813927e-11
2400.0	2.7564689560337173e-11
2409.932861328125	2.7546304090759992e-11
2410.0	3.663598479480419e-11
2419.935302734375	1.3806928266898293e-09
2420.0	1.371933117088906e-09
2429.9375	2.7500897144979548e-11
2430.0	2.7500745630772918e-11
2439.939697265625	2.7410951646256472e-11
2440.0	2.7410406286510326e-11
2449.942138671875	2.7344337924598658e-11
2450.0	2.7343952383504978e-11
2459.9443359375	2.727651131516182e-11
2460.0	2.727613282602497e-11
2469.94677734375	2.71826814124457e-11
2470.0	2.7182180908356714e-11
2479.948974609375	2.7113190860100863e-11
2480.0	2.7112836139470448e-11
2489.951416015625	2.704352694195351e-11
2490.0	3.461327016865486e-11
2499.95361328125	1.5800132787726732e-09
2500.0	1.5727852696840351e-09
2509.9560546875	2.6787199404018606e-11
2510.0	2.6786485239407164e-11
2519.958251953125	2.6625036777321655e-11
2520.0	2.6624358537840592e-11
2529.960693359375	2.6438677136544623e-11
2530.0	2.6437943745422998e-11
2539.962890625	2.627669317982604e-11
2540.0	2.627609128211223e-11
2549.96533203125	2.6114724655271492e-11
2550.0	2.611416207511303e-11
2559.9677734375	2.5928760016365264e-11
2560.0	3.141992174788193e-11
2569.969970703125	1.719622983327886e-09
2570.0	1.720105778652907e-09
2579.972412109375	1.8793653511507543e-09
2580.0	1.8742195930325014e-09
2589.974853515625	2.541819063368214e-11
2590.0	2.541772275701606e-11
2599.97705078125	2.5255519380625123e-11
2600.0	2.525514543778006e-11
2609.9794921875	2.497079915495047e-11
2610.0	2.8184931751774795e-11
2619.98193359375	1.5732779679012234e-09
2620.0	1.573486350606016e-09
2629.984375	1.6885140030945549e-09
2630.0	1.6860723921356764e-09
2639.986572265625	1.4373540589085973e-10
2640.0	1.4487494419065898e-10
2649.989013671875	9.819245749685012e-10
2650.0	9.89437089240668e-10
2659.991455078125	7.742606079866047e-09
2660.0	7.735933501693326e-09
2669.993896484375	2.3244287541787525e-11
2670.0	2.7020364425288913e-11
2679.99609375	6.131139253623531e-09
2680.0	6.1309505842286225e-09
2689.99853515625	5.658436117234375e-09
2690.0	5.6589238825188e-09
2700.0	8.946218344108426e-09
2700.0009765625	8.946545173304443e-09
2710.0	2.5397036072156457e-11
2710.00341796875	2.2351320752832348e-11
2720.0	2.212173343515931e-09
2720.005859375	2.2134564548364788e-09
2730.0	2.4154079196562067e-11
2730.00830078125	2.2336317022539535e-11
2740.0	5.066201595319779e-10
2740.0107421875	5.071406680259213e-10
2750.0	4.905178769596982e-10
2750.01318359375	4.904953603400232e-10
2760.0	9.07575194705442e-09
2760.015625	9.089180351929668e-09
2770.0	3.2493498486134647e-09
2770.01806640625	3.238786427421731e-09
2780.0	4.573547689772466e-09
2780.0205078125	4.576280480561835e-09
2790.0	2.6500078290617457e-09
2790.02294921875	2.645589173557596e-09
2800.0	8.643176432395306e-09
2800.025390625	8.658545627860776e-09
2810.0	4.647123415374432e-11
2810.02783203125	2.232758287741677e-11
2820.0	2.2412380237265673e-11
2820.0302734375	2.2412699544340187e-11
2830.0	2.2518031927667784e-11
2830.03271484375	2.2518233845946915e-11
2840.0	1.3802522855088379e-09
2840.03515625	1.3850587524244424e-09
2850.0	1.112192793172794e-08
2850.03759765625	1.1158799047288021e-08
2860.0	6.74834311912105e-11
2860.0400390625	2.2744836760726483e-11
2870.0	4.674845103809995e-09
2870.04248046875	4.6947588595715915e-09
2880.0	8.116456191674815e-09
2880.044921875	8.131915205117648e-09
2890.0	1.716360662393149e-08
2890.04736328125	1.720676638028874e-08
2900.0	1.7861043484275772e-08
2900.0498046875	1.7864694184359586e-08
2910.0	2.5643013254676292e-08
2910.05224609375	2.5684043169648736e-08
2920.0	2.8691204369467997e-08
2920.0546875	2.8707982119926977e-08
2930.0	3.17076988938495e-08
2930.057373046875	3.172496238363192e-08
2940.0	3.298625705326539e-08
2940.059814453125	3.299406418172866e-08
2950.0	5.1026936184633254e-08
2950.062255859375	5.114071276477121e-08
2960.0	6.740930882131802e-08
2960.064697265625	6.751560125156675e-08
2970.0	8.149086210293785e-08
2970.067138671875	8.158638523248874e-08
2980.0	1.0203339322411137e-07
2980.069580078125	1.0217701185594671e-07
2990.0	1.1005735165209675e-07
2990.072265625	1.1011574866216576e-07
3000.0	1.147042575080388e-07
3000.07470703125	1.1473264086952645e-07
3010.0	1.2657562185194834e-07
3010.0771484375	1.266685331354205e-07
3020.0	1.355118691940923e-07
3020.07958984375	1.355828415947326e-07
3030.0	1.4487251361268922e-07
3030.082275390625	1.4494847791973873e-07
3040.0	1.4417349847926946e-07
3040.084716796875	1.441679631207285e-07
3050.0	1.8172586210586945e-07
3050.087158203125	1.820548023477409e-07
3060.0	1.8537584150472174e-07
3060.089599609375	1.854073326186406e-07
3070.0	1.9435454602626008e-07
3070.09228515625	1.9443630313689188e-07
3080.0	2.1936410889678126e-07
3080.0947265625	2.1960422901373916e-07
3090.0	2.2161793405019985e-07
3090.09716796875	2.2163576143542342e-07
3100.0	2.200773383861048e-07
3100.099609375	2.2006361257252106e-07
3110.0	2.2328140124728468e-07
3110.102294921875	2.2331465988524847e-07
3120.0	2.2873172556446405e-07
3120.104736328125	2.2878693869487312e-07
3130.0	2.412203825161068e-07
3130.107177734375	2.413573123693627e-07
3140.0	2.3429090612194518e-07
3140.10986328125	2.3421008829308923e-07
3150.0	2.3236565917203576e-07
3150.1123046875	2.3234703514311673e-07
3160.0	2.3366459522313493e-07
3160.11474609375	2.3367749363554486e-07
3170.0	2.3911841467045993e-07
3170.1171875	2.391853809880582e-07
3180.0	2.2868610750835223e-07
3180.119873046875	2.285562373941737e-07
3190.0	2.516306567251802e-07
3190.122314453125	2.51918960729157e-07
3200.0	2.385132990035182e-07
3200.125	2.38337540262561e-07
3210.0	2.2808589640065975e-07
3210.12744140625	2.279563540861555e-07
3220.0	2.103602013322309e-07
3220.1298828125	2.1012640849627794e-07
3230.0	1.9610235626003015e-07
3230.132568359375	1.9591655496455876e-07
3240.0	2.1533287579723086e-07
3240.135009765625	2.155958098271011e-07
3250.0	1.8184398936029447e-07
3250.1376953125	1.8137576415376267e-07
3260.0	1.9527151489362994e-07
3260.14013671875	1.954664228256353e-07
3270.0	1.7004627402620212e-07
3270.142578125	1.6968135672252328e-07
3280.0	1.6467227447673192e-07
3280.145263671875	1.6459638153599864e-07
3290.0	1.1667771781202516e-07
3290.147705078125	1.1596205234060823e-07
3300.0	9.028454510813448e-08
3300.150390625	8.989161614066362e-08
3310.0	6.729879833371431e-08
3310.15283203125	6.69496490446849e-08
3320.0	6.016544218665974e-08
3320.1552734375	6.005770221853757e-08
3330.0	9.306345188617598e-08
3330.157958984375	9.359356849273528e-08
3340.0	1.1515923868225504e-07
3340.160400390625	1.1550886919609008e-07
3350.0	1.8280424580729979e-07
3350.1630859375	1.8392065524183576e-07
3360.0	1.8226370417359896e-07
3360.16552734375	1.8223318593115282e-07
3370.0	2.3487454973528616e-07
3370.168212890625	2.3577715505722286e-07
3380.0	2.601691656604473e-07
3380.170654296875	2.605884142212474e-07
3390.0	2.703644057468776e-07
3390.173095703125	2.705404412894858e-07
3400.0	2.47116749511759e-07
3400.17578125	2.4667187194962307e-07
3410.0	2.810104384787872e-07
3410.17822265625	2.8163348364018755e-07
3420.0	2.1618566471431567e-07
3420.180908203125	2.149835741275863e-07
3430.0	2.4373569589738534e-07
3430.183349609375	2.442724925500383e-07
3440.0	2.745093408210692e-07
3440.18603515625	2.7507429919243754e-07
3450.0	2.8218831501935935e-07
3450.188720703125	2.8232862943488394e-07
3460.0	2.650762395303422e-07
3460.191162109375	2.64737464711517e-07
3470.0	2.796870626136767e-07
3470.193603515625	2.799798711088845e-07
3480.0	2.8694555897843655e-07
3480.1962890625	2.8708872002006714e-07
3490.0	2.8792823269362194e-07
3490.19873046875	2.879399153298489e-07
3500.0	2.8895354580276256e-07
3500.201416015625	2.889790841373437e-07
3510.0	2.991511121306504e-07
3510.2041015625	2.9935606437476615e-07
3520.0	2.94611760654841e-07
3520.20654296875	2.945175026343832e-07
3530.0	3.031208949408214e-07
3530.208984375	3.0329751016692054e-07
3540.0	3.1517606640620367e-07
3540.211669921875	3.1543653460418537e-07
3550.0	3.107850630698131e-07
3550.21435546875	3.106777292482123e-07
3560.0	2.99088763771171e-07
3560.216796875	2.9883356997797663e-07
3570.0	2.8894376208582416e-07
3570.219482421875	2.887287436585877e-07
3580.0	2.919006275256351e-07
3580.221923828125	2.919661656184452e-07
3590.0	2.7134190966128496e-07
3590.224609375	2.708767037842581e-07
3600.0	2.819466119933834e-07
3600.22705078125	2.8225884281940387e-07
3610.0	2.9275289817141824e-07
3610.229736328125	2.93005995121978e-07
3620.0	2.5892325598472355e-07
3620.232421875	2.5810473581839284e-07
3630.0	2.458882416226814e-07
3630.23486328125	2.4559297149565387e-07
3640.0	2.760103626352717e-07
3640.237548828125	2.7675752694542654e-07
3650.0	2.856245881359226e-07
3650.239990234375	2.8583718456629343e-07
3660.0	2.6943450614268756e-07
3660.24267578125	2.690315334807875e-07
3670.0	3.015640493792753e-07
3670.2451171875	3.023771790001894e-07
3680.0	3.0111708241821557e-07
3680.247802734375	3.010849917024879e-07
3690.0	2.7538109285888327e-07
3690.25048828125	2.7472551220957956e-07
3700.0	2.817403094208439e-07
3700.2529296875	2.819165768667796e-07
3710.0	3.649043346637457e-07
3710.255615234375	3.670931523109426e-07
3720.0	2.7478765459051484e-07
3720.25830078125	2.723276677809834e-07
3730.0	3.2927232094614595e-07
3730.2607421875	3.307995015018256e-07
3740.0	3.4925046969689253e-07
3740.26318359375	3.4975799126436215e-07
3750.0	3.30014913559389e-07
3750.265869140625	3.294666126895345e-07
3760.0	2.879947955173893e-07
3760.2685546875	2.868550153124264e-07
3770.0	3.2457092914660466e-07
3770.27099609375	3.2561647251684673e-07
3780.0	3.3404532664113135e-07
3780.273681640625	3.342828546424595e-07
3790.0	3.457464397344847e-07
3790.2763671875	3.4608103449472307e-07
3800.0	3.7157565969922694e-07
3800.27880859375	3.72340305395881e-07
3810.0	3.493213506756799e-07
3810.281494140625	3.486504968516257e-07
3820.0	3.3928160970709036e-07
3820.2841796875	3.3901405242507353e-07
3830.0	3.52587919373584e-07
3830.28662109375	3.5298180358402186e-07
3840.0	3.340756459372644e-07
3840.289306640625	3.3351730301157936e-07
3850.0	3.259606896212452e-07
3850.2919921875	3.2572330826849294e-07
3860.0	3.385649244270862e-07
3860.29443359375	3.389562397867814e-07
3870.0	3.279294639821248e-07
3870.297119140625	3.2759807479200767e-07
3880.0	3.134463942253878e-07
3880.2998046875	3.129977770766813e-07
3890.0	3.3524601101687e-07
3890.30224609375	3.3594270802932783e-07
3900.0	3.5128679589545484e-07
3900.304931640625	3.517808020994478e-07
3910.0	3.510861227187706e-07
3910.3076171875	3.510540981303955e-07
3920.0	3.150052115573183e-07
3920.31005859375	3.138453521284026e-07
3930.0	3.5681507983001106e-07
3930.312744140625	3.5821873677346867e-07
3940.0	2.618173671165089e-07
3940.3154296875	2.58651349463521e-07
3950.0	3.714333134910381e-07
3950.318115234375	3.7515728636699135e-07
3960.0	3.3621111092295745e-07
3960.320556640625	3.3492365185574134e-07
3970.0	3.7526652881459815e-07
3970.3232421875	3.766109752219548e-07
3980.0	3.8168186233093174e-07
3980.32568359375	3.8185293448014645e-07
3990.0	3.359021798599727e-07
3990.328369140625	3.3434342436708163e-07
4000.0	3.9988398081737143e-07
4000.3310546875	4.020793007955435e-07
4010.0	3.8898581902326007e-07
4010.33349609375	3.885333678443538e-07
4020.0	3.889364384429025e-07
4020.336181640625	3.889615387637921e-07
4030.0	3.7102195711588094e-07
4030.3388671875	3.7038836034425045e-07
4040.0	3.389732636196249e-07
4040.341552734375	3.378602826144013e-07
4050.0	3.3421558133876807e-07
4050.343994140625	3.3409521826895226e-07
4060.0	3.2267708475598684e-07
4060.3466796875	3.222561743284692e-07
4070.0	3.203509618842969e-07
4070.349365234375	3.2028172147009143e-07
4080.0	3.248926495637965e-07
4080.351806640625	3.2507076315313075e-07
4090.0	3.4361085238888983e-07
4090.3544921875	3.442832639019124e-07
4100.0	3.641382799668065e-07
4100.357421875	3.6487524053035773e-07
4110.0	3.754395012876827e-07
4110.35986328125	3.758459272677311e-07
4120.0	3.915036808146053e-07
4120.3623046875	3.920813213150393e-07
4130.0	3.770909348810702e-07
4130.365234375	3.7652163257542964e-07
4140.0	3.554012967669684e-07
4140.36767578125	3.545937112627227e-07
4150.0	3.360571383719859e-07
4150.3701171875	3.3535410353550016e-07
4160.0	3.282874720376175e-07
4160.373046875	3.2800234785766233e-07
4170.0	3.1474837850081043e-07
4170.37548828125	3.1423033917391486e-07
4180.0	3.3810890284694633e-07
4180.3779296875	3.39059094706338e-07
4190.0	3.458225771266269e-07
4190.380859375	3.4607952814085197e-07
4200.0	3.947991839206337e-07
4200.38330078125	3.967438632357705e-07
4210.0	4.214052132048005e-07
4210.38623046875	4.2239726782708845e-07
4220.0	4.445296348144672e-07
4220.388671875	4.454407220766335e-07
4230.0	4.5811905978870827e-07
4230.39111328125	4.586138830361189e-07
4240.0	4.840984235594275e-07
4240.39404296875	4.851447466921134e-07
4250.0	4.806205761931237e-07
4250.396484375	4.804497864891529e-07
4260.0	4.7542421115245024e-07
4260.3994140625	4.75198296177491e-07
4270.0	4.7259775202321265e-07
4270.40185546875	4.724886299332419e-07
4280.0	4.853299787948966e-07
4280.404296875	4.858714543329946e-07
4290.0	4.801110759971897e-07
4290.4072265625	4.79882833812061e-07
4300.0	4.7068640904149555e-07
4300.40966796875	4.702761716922803e-07
4310.0	4.6812119991790567e-07
4310.412109375	4.6802835151230246e-07
4320.0	4.5874284027025515e-07
4320.4150390625	4.583403340827136e-07
4330.0	4.452799557099049e-07
4330.41748046875	4.4472614767384694e-07
4340.0	4.5727747065641915e-07
4340.42041015625	4.578127406484774e-07
4350.0	4.5666452606082884e-07
4350.4228515625	4.566136260055686e-07
4360.0	4.724323145588808e-07
4360.42529296875	4.731354887748981e-07
4370.0	4.828285857169951e-07
4370.42822265625	4.832802158786169e-07
4380.0	5.135196066112239e-07
4380.4306640625	5.148640221585318e-07
4390.0	5.216093251794351e-07
4390.43359375	5.219152373702643e-07
4400.0	5.477959984406224e-07
4400.43603515625	5.489770949749487e-07
4410.0	5.367433339812773e-07
4410.4384765625	5.361817090757911e-07
4420.0	5.299044261768496e-07
4420.44140625	5.296340864066928e-07
4430.0	5.01070609530918e-07
4430.44384765625	4.997308744708017e-07
4440.0	4.410304394797139e-07
4440.4462890625	4.382844152932341e-07
4450.0	3.956591475879729e-07
4450.44921875	3.9365156588358416e-07
4460.0	3.4999097008820466e-07
4460.45166015625	3.479362163359235e-07
4470.0	3.016217427186348e-07
4470.45458984375	2.993996268703752e-07
4480.0	2.8428141581839905e-07
4480.45703125	2.8355640333911817e-07
4490.0	2.758340274843267e-07
4490.45947265625	2.754615632537532e-07
4500.0	3.094306013238373e-07
4500.46240234375	3.110649030243928e-07
4510.0	3.548471076052914e-07
4510.46484375	3.569962889780618e-07
4520.0	4.1737687544868176e-07
4520.4677734375	4.203264634946238e-07
4530.0	4.7686966701744e-07
4530.47021484375	4.796605050699975e-07
4540.0	5.226071144754135e-07
4540.47265625	5.247384085628889e-07
4550.0	5.640924179178645e-07
4550.4755859375	5.660579839191333e-07
4560.0	5.852905056656055e-07
4560.47802734375	5.862801606301937e-07
4570.0	6.022564091474947e-07
4570.48095703125	6.030397113371063e-07
4580.0	6.09958328211919e-07
4580.4833984375	6.103099122314122e-07
4590.0	6.17242897183349e-07
4590.486328125	6.17597438364844e-07
4600.0	6.09885415336689e-07
4600.48876953125	6.094889218569535e-07
4610.0	6.155359272009029e-07
4610.4912109375	6.158740979110437e-07
4620.0	6.018994579967459e-07
4620.494140625	6.011467624282859e-07
4630.0	5.411501105518657e-07
4630.49658203125	5.380082166605873e-07
4640.0	4.956227773986918e-07
4640.49951171875	4.933941645853253e-07
4650.0	4.283437417404645e-07
4650.501953125	4.249056682205864e-07
4660.0	4.2630687105256696e-07
4660.50439453125	4.263813398783297e-07
4670.0	4.3850087217113623e-07
4670.50732421875	4.391675235686889e-07
4680.0	4.883840860250226e-07
4680.509765625	4.910089390529275e-07
4690.0	5.080261713178324e-07
4690.5126953125	5.089457400263094e-07
4700.0	5.28858088395517e-07
4700.51513671875	5.299396077159386e-07
4710.0	5.329761839877636e-07
4710.51806640625	5.331420971859682e-07
4720.0	4.7377897394872294e-07
4720.5205078125	4.705192038253231e-07
4730.0	4.0225399599229495e-07
4730.5234375	3.984832206741027e-07
4740.0	3.1492506166607956e-07
4740.52587890625	3.1030047449577123e-07
4750.0	2.5388980223999967e-07
4750.5283203125	2.5072903273886886e-07
4760.0	1.8378655398040622e-07
4760.53125	1.8003055852117582e-07
4770.0	1.6472509262409875e-07
4770.53369140625	1.6386212363625574e-07
4780.0	1.5050144543929046e-07
4780.53662109375	1.497437981010407e-07
4790.0	1.5923536012289894e-07
4790.5390625	1.5977620147581629e-07
4800.0	1.6682398512384644e-07
4800.54150390625	1.6722750814594177e-07
4810.0	2.0910656720910174e-07
4810.54443359375	2.115277651825879e-07
4820.0	2.49101877577978e-07
4820.546875	2.5126599777935113e-07
4830.0	3.202987499483566e-07
4830.5498046875	3.243132257612739e-07
4840.0	4.000274637371388e-07
4840.55224609375	4.044530803738086e-07
4850.0	4.85737978352422e-07
4850.55517578125	4.905155643451437e-07
4860.0	5.747076498698274e-07
4860.5576171875	5.796794278166208e-07
4870.0	6.47460285837811e-07
4870.56005859375	6.51481596338413e-07
4880.0	7.035827731796263e-07
4880.56298828125	7.066909530248435e-07
4890.0	7.483278400797973e-07
4890.5654296875	7.508592326190803e-07
4900.0	7.641414588099744e-07
4900.568359375	7.649056040716508e-07
4910.0	7.922109109149488e-07
4910.57080078125	7.93863677301156e-07
4920.0	8.034971011574472e-07
4920.57373046875	8.040835371738331e-07
4930.0	8.176303316804851e-07
4930.576171875	8.184587886742613e-07
4940.0	8.231169525735497e-07
4940.5791015625	8.234033433391494e-07
4950.0	8.438044595378302e-07
4950.58154296875	8.450641110237107e-07
4960.0	8.388422382934548e-07
4960.583984375	8.384562010338262e-07
4970.0	8.325163114690796e-07
4970.5869140625	8.321459749158644e-07
4980.0	8.226588872952976e-07
4980.58935546875	8.220648980166385e-07
4990.0	7.711419017935093e-07
4990.59228515625	7.679748159731706e-07
5000.0	7.304549611210753e-07
5000.5947265625	7.28032256852197e-07
5010.0	7.141664961397425e-07
5010.59765625	7.132855453922645e-07
5020.0	7.033270951744048e-07
5020.60009765625	7.026915732076567e-07
5030.0	7.254975005573417e-07
5030.60302734375	7.269505962740688e-07
5040.0	7.510496946963234e-07
5040.60546875	7.52602155141222e-07
5050.0	7.68874078329589e-07
5050.60791015625	7.699266987760671e-07
5060.0	7.412305935708654e-07
5060.61083984375	7.393647716874532e-07
5070.0	6.524776270252369e-07
5070.61328125	6.468037252044974e-07
5080.0	5.164654182944267e-07
5080.6162109375	5.079111288378195e-07
5090.0	3.784280392186775e-07
5090.61865234375	3.698935193685605e-07
5100.0	2.462917796425235e-07
5100.62158203125	2.3810417703620357e-07
5110.0	1.3084702360782432e-07
5110.6240234375	1.237119282069321e-07
5120.0	7.027914808171111e-08
5120.62646484375	6.670979928553e-08
5130.0	4.5133481386744506e-08
5130.62939453125	4.3687388494192265e-08
5140.0	2.7387470938339248e-08
5140.63232421875	2.6285487055042844e-08
5150.0	1.7372539710590016e-08
5150.634765625	1.676872781920754e-08
5160.0	1.1445753955674238e-08
5160.63720703125	1.1083663480215748e-08
5170.0	1.7190964033599163e-08
5170.64013671875	1.7608421098586016e-08
5180.0	1.2814371400520686e-08
5180.642578125	1.2485323401268633e-08
5190.0	2.6664502141964685e-08
5190.6455078125	2.764240461177765e-08
5200.0	1.9478570761041763e-08
5200.64794921875	1.8913225691336087e-08
5210.0	2.381483873785349e-08
5210.65087890625	2.4155893889634427e-08
5220.0	6.13202326490698e-08
5220.6533203125	6.391666430545974e-08
5230.0	8.710037207667213e-08
5230.65576171875	8.87268748803325e-08
5240.0	1.0687903330650299e-07
5240.65869140625	1.0815837457426112e-07
5250.0	1.2177266057600506e-07
5250.66162109375	1.2273674931497099e-07
5260.0	1.215893047632838e-07
5260.6640625	1.2150773543999396e-07
5270.0	1.0285628236400227e-07
5270.66650390625	1.015249639031195e-07
5280.0	1.0808745275238707e-07
5280.66943359375	1.0855803026695145e-07
5290.0	1.3263575321732594e-07
5290.671875	1.3436920252196552e-07
5300.0	1.5018085007169956e-07
5300.6748046875	1.5132443132595844e-07
5310.0	1.8301715183428886e-07
5310.67724609375	1.853183678187878e-07
5320.0	1.9161537332763366e-07
5320.68017578125	1.9207472533968222e-07
5330.0	1.8230053653684585e-07
5330.6826171875	1.8158473863101056e-07
5340.0	1.5375004499311607e-07
5340.68505859375	1.5170388987942432e-07
5350.0	1.0860030485106158e-07
5350.68798828125	1.0541730920412767e-07
5360.0	6.168466856222676e-08
5360.69091796875	5.8440504520738685e-08
5370.0	3.9402394863902585e-08
5370.693359375	3.798469009782458e-08
5380.0	2.4323744759552335e-08
5380.69580078125	2.330262132891804e-08
5390.0	2.4531960209811565e-08
5390.69873046875	2.4624261814363022e-08
5400.0	1.4004757692424888e-08
5400.701171875	1.3204377841166769e-08
5410.0	1.1644051381188487e-08
5410.7041015625	1.1525926405519607e-08
5420.0	7.788621639476167e-09
5420.70654296875	7.504625349059225e-09
5430.0	2.651924489975361e-09
5430.70947265625	2.2815464109881448e-09
5440.0	8.155939808342805e-10
5440.7119140625	7.032878222185647e-10
5450.0	2.35605588034891e-09
5450.71484375	2.483226722581617e-09
5460.0	6.628536025843341e-09
5460.71728515625	6.948681285966099e-09
5470.0	5.26094390347796e-10
5470.72021484375	2.7914593417973555e-11
5480.0	2.7907816552271782e-11
5480.72265625	2.790728266647471e-11
5490.0	2.7900429449765587e-11
5490.7255859375	2.7899883897709546e-11
5500.0	3.261716966155482e-09
5500.72802734375	3.515509886292277e-09
5510.0	2.4801309780810924e-09
5510.73046875	2.3985787244877446e-09
5520.0	3.1140347243698436e-09
5520.7333984375	3.1706273978531634e-09
5530.0	1.118800925990345e-09
5530.736328125	9.55799276849196e-10
5540.0	9.638766967771782e-11
5540.73876953125	2.7866676168604467e-11
5550.0	2.443048593676691e-10
5550.7412109375	2.616228651316573e-10
5560.0	4.5239476073416355e-11
5560.744140625	2.7852818056418672e-11
5570.0	2.7846234486149242e-11
5570.74658203125	2.7843938024829254e-11
5580.0	2.7815481070662414e-11
5580.74951171875	2.7814935532855874e-11
5590.0	2.822592833613999e-09
5590.751953125	3.049715101680825e-09
5600.0	2.5579752564496567e-10
5600.7548828125	2.780036729723205e-11
5610.0	2.7793519119189977e-11
5610.75732421875	2.779295191631904e-11
5620.0	2.778603020946447e-11
5620.76025390625	2.7785444178788102e-11
5630.0	2.7778322541365607e-11
5630.7626953125	2.7777168531848196e-11
5640.0	2.7763194962552014e-11
5640.765625	2.7762040403475323e-11
5650.0	6.919587295795431e-10
5650.76806640625	7.471730750700973e-10
5660.0	8.315647124755347e-11
5660.77099609375	2.7731879657166113e-11
5670.0	2.7717898981322938e-11
5670.7734375	2.771671399002451e-11
5680.0	2.7702581055131135e-11
5680.77587890625	2.77013830303771e-11
5690.0	2.7687143403152136e-11
5690.77880859375	2.7685937776730884e-11
5700.0	5.275339105731835e-09
5700.78173828125	5.719968187495666e-09
5710.0	2.725780329050947e-09
5710.7841796875	2.4712121482758897e-09
5720.0	2.3373970602735957e-09
5720.78662109375	2.3258260090892537e-09
5730.0	2.0876762225852553e-10
5730.78955078125	2.760083387652048e-11
5740.0	5.869006614714211e-09
5740.7919921875	6.371018196909708e-09
5750.0	1.3121871568354514e-09
5750.794921875	8.757062207618801e-10
5760.0	9.513146490155871e-11
5760.79736328125	2.755437327709085e-11
5770.0	2.0736448129560466e-09
5770.80029296875	2.2514799943862815e-09
5780.0	2.5486539361479846e-09
5780.802734375	2.5745693991874935e-09
5790.0	9.627631110710677e-09
5790.8056640625	1.0245117569287144e-08
5800.0	2.060947839856876e-09
5800.80810546875	1.34203385989374e-09
5810.0	1.058252347795283e-08
5810.81103515625	1.1397388458617018e-08
5820.0	9.51675822158647e-10
5820.8134765625	2.7459731181624223e-11
5830.0	1.4484118170381745e-08
5830.81640625	1.5768358151264098e-08
5840.0	5.372363580940647e-09
5840.81884765625	4.445791543787123e-09
5850.0	1.6879307729292886e-08
5850.82177734375	1.799174444515325e-08
5860.0	8.250955743907129e-09
5860.82421875	7.3765734530013655e-09
5870.0	2.7837759111887087e-08
5870.8271484375	2.9681485317138217e-08
5880.0	2.743396848900421e-08
5880.82958984375	2.723078560804129e-08
5890.0	3.068610315930048e-08
5890.83251953125	3.099966123704613e-08
5900.0	2.855283100191348e-08
5900.8349609375	2.8328064103238137e-08
5910.0	2.7504287779133355e-08
5910.837890625	2.7431029490994852e-08
5920.0	3.783417978953593e-08
5920.84033203125	3.8787969403517916e-08
5930.0	2.675223839811758e-08
5930.84326171875	2.564463828428052e-08
5940.0	4.007608844840776e-08
5940.845703125	4.140844489604376e-08
5950.0	4.060203588405053e-08
5950.8486328125	4.05273127390799e-08
5960.0	5.481946055804707e-08
5960.85107421875	5.6148125914735375e-08
5970.0	6.631743997847227e-08
5970.85400390625	6.726145885757692e-08
5980.0	7.931567780505737e-08
5980.8564453125	8.044892014479624e-08
5990.0	9.986906344847341e-08
5990.85888671875	1.016925983736669e-07
6000.0	1.280846768173803e-07
6000.86181640625	1.3058067078651606e-07
6010.0	1.7933523446462329e-07
6010.8642578125	1.8394819247493652e-07
6020.0	2.586171922886655e-07
6020.8671875	2.657078725509219e-07
6030.0	3.7883515894427337e-07
6030.8701171875	3.8958496524622277e-07
6040.0	6.166011206702787e-07
6040.87255859375	6.383327314302874e-07
6050.0	1.0625039156433542e-06
6050.875	1.1031790032364457e-06
6060.0	3.584082217959718e-06
6070.0	6.304412624917288e-06
6080.0	9.026381805002791e-06
6090.0	1.1749969784161022e-05
6100.0	1.4462884009801809e-05
6100.888671875	1.4704937210424248e-05
6101.0888671875	1.4705024627478172e-05
6101.28857421875	1.2254261227791577e-05
6101.48876953125	1.1437377300246773e-05
6101.68896484375	1.4432966790440966e-05
6101.888671875	1.4977696337902464e-05
6102.0888671875	2.096889744493738e-05
6102.2890625	1.525020011162562e-05
6102.4892578125	1.7973556066951585e-05
6102.68896484375	2.042461717380001e-05
6102.88916015625	1.3888820896424341e-05
6103.08935546875	2.3692836106129464e-05
6103.2890625	1.797398277520458e-05
6103.4892578125	1.388906828081063e-05
6103.689453125	1.933587753631792e-05
6103.88916015625	1.8791316852185328e-05
6104.08935546875	1.797440968379419e-05
6104.28955078125	1.5523445478498047e-05
6104.48974609375	1.824696471345903e-05
6104.68994140625	1.6613007395397715e-05
6104.8896484375	1.6340760109891085e-05
6105.08984375	1.606850982621331e-05
6105.2900390625	1.579625630384159e-05
6105.48974609375	2.6145682087815067e-05
6105.68994140625	2.4784075371187327e-05
6105.89013671875	2.0154202622340686e-05
6106.08984375	1.7158408230038993e-05
6106.2900390625	2.2605658169122618e-05
6106.490234375	1.7975690048468175e-05
6106.6904296875	2.1244122165739705e-05
6106.89013671875	2.1244247998172988e-05
6107.09033203125	2.0154920104768073e-05
6107.29052734375	2.34234233163851e-05
6107.490234375	1.961042565979041e-05
6107.6904296875	2.75092315550342e-05
6107.890625	2.614754397692181e-05
6108.0908203125	2.287923602295727e-05
6108.29052734375	2.2879371501370755e-05
6108.49072265625	1.9883383283857468e-05
6108.69091796875	3.077856895674937e-05
6108.890625	3.350253371470717e-05
6109.0908203125	2.805513310988834e-05
6109.291015625	3.077911652290021e-05
6109.49072265625	2.8327847560309816e-05
6109.69091796875	3.0234710311660353e-05
6109.89111328125	3.1869210588887755e-05
6110.0	2.94988787911993e-05
6110.09130859375	2.7511190058447633e-05
6110.291015625	3.0507641946365302e-05
6110.4912109375	2.7239125863934934e-05
6110.69140625	3.568346869643316e-05
6110.89111328125	3.432170674833345e-05
6111.09130859375	3.214274456611944e-05
6111.29150390625	3.4866911132600636e-05
6111.49169921875	3.486711907700751e-05
6111.69140625	3.922574643437021e-05
6111.8916015625	3.268831559155476e-05
6112.091796875	3.5140147367978754e-05
6112.29150390625	3.3505922793978816e-05
6112.49169921875	3.432334322620533e-05
6112.69189453125	3.9499321150876965e-05
6112.8916015625	4.331330881995919e-05
6113.091796875	4.0861857185852945e-05
6113.2919921875	4.1679340917318334e-05
6113.4921875	4.740031669885708e-05
6113.69189453125	4.004533342099941e-05
6113.89208984375	4.222492492739729e-05
6114.09228515625	4.44045382923644e-05
6114.2919921875	4.44048023212953e-05
6114.4921875	4.549476491086659e-05
6114.6923828125	4.712958446116804e-05
6114.892578125	5.012656212688053e-05
6115.09228515625	4.7947433575416964e-05
6115.29248046875	4.27715431951007e-05
6115.49267578125	4.822043351271394e-05
6115.6923828125	5.067262396270852e-05
6115.892578125	5.1490229297571344e-05
6116.0927734375	5.4487339933718044e-05
6116.29296875	6.020886888105207e-05
6116.49267578125	4.849430939782724e-05
6116.69287109375	5.748517450380532e-05
6116.89306640625	5.5578409317610475e-05
6117.0927734375	5.69409633240937e-05
6117.29296875	5.830353847039078e-05
6117.4931640625	5.966612571871367e-05
6117.69287109375	6.239097634675536e-05
6117.89306640625	6.211889589993588e-05
6118.09326171875	6.211926587318933e-05
6118.29345703125	6.211963583347411e-05
6118.4931640625	6.811404476837358e-05
6118.693359375	6.784199185593021e-05
6118.8935546875	6.539025848133374e-05
6119.09326171875	6.78427988427532e-05
6119.29345703125	7.165767402540974e-05
6119.49365234375	7.002331875106205e-05
6119.69384765625	6.893387318013814e-05
6119.8935546875	7.629090114432953e-05
6120.0	7.498728473380743e-05
6120.09375	7.383914087739883e-05
6120.2939453125	7.411206082471786e-05
6120.494140625	7.983441466386533e-05
6120.69384765625	8.146974269835232e-05
6120.89404296875	8.937202115177897e-05
6121.09423828125	8.283310931973999e-05
6121.2939453125	9.155293297264088e-05
6121.494140625	8.80112383099088e-05
6121.6943359375	9.15540344439692e-05
6121.89453125	9.26445237260835e-05
6122.09423828125	9.427998905255151e-05
6122.29443359375	9.482553194586838e-05
6122.49462890625	0.00010572564336657082
6122.6943359375	9.864153961426647e-05
6122.89453125	0.00010191203033138417
6123.0947265625	0.00010245764036208278
6123.29443359375	0.0001087256530068647
6123.49462890625	0.00011335873959394283
6123.69482421875	0.00011281443068039112
6123.89501953125	0.00012289761788240704
6124.0947265625	0.00011663081454747773
6124.294921875	0.00013488924155086212
6124.4951171875	0.0001297124521772598
6124.69482421875	0.0001297132300668571
6124.89501953125	0.00013025904469842815
6125.09521484375	0.00013352994133326786
6125.29541015625	0.0001433411602716311
6125.4951171875	0.00013952683041224432
6125.6953125	0.0001447054559430543
6125.8955078125	0.00014416129911159505
6126.09521484375	0.00015097511837716915
6126.29541015625	0.00015097602569911903
6126.49560546875	0.00015642736247601315
6126.69580078125	0.00016351391657020063
6126.8955078125	0.00016896539164246727
6127.095703125	0.0001733268257536954
6127.2958984375	0.00017469050729551326
6127.49560546875	0.00018041467376724574
6127.69580078125	0.00018559385553499765
6127.89599609375	0.0001910456291190953
6128.095703125	0.0001986777648213111
6128.2958984375	0.00019568104697791606
6128.49609375	0.00019758996425087361
6128.6962890625	0.00020631244063033216
6128.89599609375	0.00020876655009049525
6129.09619140625	0.00021612645149841797
6129.29638671875	0.00022266881799431958
6129.49609375	0.0002313916343486218
6129.6962890625	0.000229757724923457
6129.896484375	0.00024038854664246552
6130.0	0.00024193949483541184
6130.0966796875	0.00024338802663002125
6130.29638671875	0.0002463875675108482
6130.49658203125	0.0002534754273040582
6130.69677734375	0.0002605634210620497
6130.896484375	0.0002641082095049976
6131.0966796875	0.0002736493364553748
6131.296875	0.00027528634732186557
6131.49658203125	0.000283737431070209
6131.69677734375	0.0002949142259617319
6131.89697265625	0.0002984593451001326
6132.09716796875	0.0003060930470900371
6132.296875	0.00031481703172362433
6132.4970703125	0.00031863491643159786
6132.697265625	0.00032681401267851506
6132.89697265625	0.00033444799494932766
6133.09716796875	0.0003445352705004295
6133.29736328125	0.00035653069827879164
6133.49755859375	0.0003679811515237269
6133.697265625	0.0003707091436861897
6133.8974609375	0.000385430759966344
6134.09765625	0.00039197508176437297
6134.29736328125	0.00040397114391332585
6134.49755859375	0.0004178754879100402
6134.69775390625	0.00042387491701332603
6134.8974609375	0.00043805210921467796
6135.09765625	0.0004462324689662512
6135.2978515625	0.00046667965230082697
6135.498046875	0.0004696809590458124
6135.6982421875	0.00048522178351794284
6135.89794921875	0.0004953107919083323
6136.09814453125	0.0005113971139635812
6136.29833984375	0.000518215229425408
6136.498046875	0.0005337566726206674
6136.6982421875	0.0005479352857936724
6136.8984375	0.0005711100454967211
6137.09814453125	0.0005858343165719972
6137.29833984375	0.0005942886821044752
6137.49853515625	0.0006101037059841073
6137.69873046875	0.0006280997933477436
6137.8984375	0.0006548196378845816
6138.0986328125	0.0006649103901167032
6138.298828125	0.0006864511600125855
6138.49853515625	0.0007049933192553887
6138.69873046875	0.0007248988462566141
6138.89892578125	0.0007404425725807625
6139.09912109375	0.000761984436976074
6139.298828125	0.0007848895101930249
6139.4990234375	0.0008058864169694181
6139.69921875	0.0008339720705374351
6139.89892578125	0.0008601495730503466
6140.0	0.0008751555066971038
6140.09912109375	0.000889871573141569
6140.29931640625	0.0009048717319110292
6140.49951171875	0.0009340492049677721
6140.69921875	0.000961863860996362
6140.8994140625	0.0009932230416251208
6141.099609375	0.0010194024776223522
6141.29931640625	0.0010493991860296321
6141.49951171875	0.0010791235787739766
6141.69970703125	0.001112392787800089
6141.8994140625	0.0011456623125174605
6142.099609375	0.0011748425573862259
6142.2998046875	0.0012233813563432094
6142.5	0.001240293185525868
6142.69970703125	0.0012972851077989542
6142.89990234375	0.0013281030333254374
6143.10009765625	0.0013831875916789922
6143.2998046875	0.0014200046903027055
6143.5	0.001465274621369269
6143.7001953125	0.0015067281093331466
6143.900390625	0.0015503632406589979
6144.10009765625	0.0016040873962526656
6144.30029296875	0.001646360398280801
6144.50048828125	0.001701176518819787
6144.7001953125	0.0017611740137498718
6144.900390625	0.0018116287877457569
6145.1005859375	0.0018866247982075386
6145.30029296875	0.0019406255426215827
6145.50048828125	0.001994081647677819
6145.70068359375	0.002068534778409696
6145.90087890625	0.0021132665179417966
6146.1005859375	0.0021863577818031217
6146.30078125	0.0022769016997000934
6146.5009765625	0.002345086489129431
6146.70068359375	0.0024195435142483858
6146.90087890625	0.0025008190835466245
6147.10107421875	0.0025837316419914753
6147.30126953125	0.0026857334896799195
6147.5009765625	0.002786645825645273
6147.701171875	0.002881560043801845
6147.9013671875	0.0029663857249602557
6148.10107421875	0.0030572115478945724
6148.30126953125	0.0031597648956576464
6148.50146484375	0.0033002246216260614
6148.70166015625	0.0033975987575550035
6148.9013671875	0.0035113371660424096
6149.1015625	0.0036278033148421634
6149.3017578125	0.0037761775271445064
6149.50146484375	0.003923190406243309
6149.70166015625	0.0040576600078945525
6149.90185546875	0.0041776776009036
6150.0	0.004245237327367572
6150.1015625	0.004315112931229978
6150.3017578125	0.004453055781638574
6150.501953125	0.0046332645976518575
6150.7021484375	0.0048557379728914685
6150.90185546875	0.005000488275610629
6151.10205078125	0.005181229583281393
6151.30224609375	0.005376693617504571
6151.50244140625	0.005599967541755914
6151.7021484375	0.005842596185359505
6151.90234375	0.00605931656904955
6152.1025390625	0.006295118172941508
6152.30224609375	0.00648019683812334
6152.50244140625	0.006718442832539619
6152.70263671875	0.007011491261009518
6152.90283203125	0.0073151666357430195
6153.1025390625	0.007577935635233751
6153.302734375	0.007894141417994998
6153.5029296875	0.008167804616007275
6153.70263671875	0.008489176238781048
6153.90283203125	0.008877069562933845
6154.10302734375	0.009163526527971096
6154.30322265625	0.009528228380218474
6154.5029296875	0.009877381318535841
6154.703125	0.010211256243343224
6154.9033203125	0.010652545928882026
6155.10302734375	0.011176161683088524
6155.30322265625	0.011584169173256317
6155.50341796875	0.01203660526136762
6155.703125	0.01253183500911536
6155.9033203125	0.01312192538806331
6156.103515625	0.013681471354049566
6156.3037109375	0.014259541012760195
6156.50341796875	0.014818516322744434
6156.70361328125	0.015333042007258093
6156.90380859375	0.015967232878840804
6157.103515625	0.016786781077050016
6157.3037109375	0.017504900886481677
6157.50390625	0.01823254936962301
6157.7041015625	0.018947638668762833
6157.90380859375	0.01969351698326871
6158.10400390625	0.02062174258286336
6158.30419921875	0.021609915054981648
6158.50390625	0.0223361111749736
6158.7041015625	0.023183590861698515
6158.904296875	0.02412972605844495
6159.10400390625	0.025095194047277537
6159.30419921875	0.026282241810705834
6159.50439453125	0.027491336914530477
6159.70458984375	0.02872248705198168
6159.904296875	0.029824412660325983
6160.0	0.030425710062736706
6160.1044921875	0.031082497465581
6160.3046875	0.032744775613829685
6160.50439453125	0.03418929531780256
6160.70458984375	0.0355605152548989
6160.90478515625	0.03704404218378739
6161.10498046875	0.03831498800557094
6161.3046875	0.04007194259167965
6161.5048828125	0.042252497761215556
6161.705078125	0.04386802611459689
6161.90478515625	0.045731624489875985
6162.10498046875	0.047559535923694524
6162.30517578125	0.04948613766211473
6162.50537109375	0.051863346132778335
6162.705078125	0.054000706842525656
6162.9052734375	0.055966362349391716
6163.10546875	0.05802390386383057
6163.30517578125	0.060123452500781036
6163.50537109375	0.06280717679669638
6163.70556640625	0.06551465452349788
6163.9052734375	0.0682548772710118
6164.10546875	0.07075851556155718
6164.3056640625	0.07331698430527239
6164.505859375	0.07638441524043708
6164.70556640625	0.07977954395595498
6164.90576171875	0.08259298483060187
6165.10595703125	0.08549096197156887
6165.3056640625	0.08821478768598282
6165.505859375	0.09098717208777252
6165.7060546875	0.09464063932961916
6165.90625	0.09847028482469107
6166.10595703125	0.10157452616388075
6166.30615234375	0.10482793488254712
6166.50634765625	0.10825203937151168
6166.70654296875	0.11156960174416031
6166.90625	0.1155188413217489
6167.1064453125	0.11855486504734405
6167.306640625	0.1217583142573869
6167.50634765625	0.12445826127049014
6167.70654296875	0.1276421523053967
6167.90673828125	0.13151416921219355
6168.10693359375	0.135337997805786
6168.306640625	0.13834234317652488
6168.5068359375	0.14180937228626986
6168.70703125	0.1447898021896569
6168.90673828125	0.14877384113780198
6169.10693359375	0.15234895741296456
6169.30712890625	0.15516646215510024
6169.5068359375	0.15785258021647552
6169.70703125	0.1607192299683684
6169.9072265625	0.16337977838054976
6170.0	0.1650213427926484
6170.107421875	0.16692211563453435
6170.30712890625	0.17005033073034853
6170.50732421875	0.17259349665560678
6170.70751953125	0.17494991522027772
6170.9072265625	0.1774048082874675
6171.107421875	0.18021087664258248
6171.3076171875	0.1824283506150709
6171.5078125	0.18425020855756666
6171.70751953125	0.18613970435320532
6171.90771484375	0.18775984384270863
6172.10791015625	0.1897448525956441
6172.3076171875	0.19212329032185774
6172.5078125	0.19364507372719
6172.7080078125	0.19525193690379264
6172.90771484375	0.19672220712994712
6173.10791015625	0.1980319020542915
6173.30810546875	0.1998719635439547
6173.50830078125	0.20117295504666982
6173.7080078125	0.20227410927445238
6173.908203125	0.20323402759149473
6174.1083984375	0.20424329611804143
6174.30810546875	0.20534258175429293
6174.50830078125	0.2063330834089601
6174.70849609375	0.20718478749567498
6174.90869140625	0.20810603314941786
6175.1083984375	0.2087720831127793
6175.30859375	0.2095641017334752
6175.5087890625	0.21034140329685272
6175.70849609375	0.2107734909999645
6175.90869140625	0.2114848176634369
6176.10888671875	0.21191963607441244
6176.30908203125	0.2122516592914519
6176.5087890625	0.21279940660496421
6176.708984375	0.2135028670159403
6176.9091796875	0.2137803665525519
6177.10888671875	0.21405459354243891
6177.30908203125	0.2145906260656774
6177.50927734375	0.21495513380285708
6177.708984375	0.2153812849193129
6177.9091796875	0.21587914117421134
6178.109375	0.2161891389935896
6178.3095703125	0.21633850337679875
6178.50927734375	0.21697983495346537
6178.70947265625	0.21716819290782766
6178.90966796875	0.21761480502061237
6179.109375	0.21778735804376056
6179.3095703125	0.21818272611123415
6179.509765625	0.21848701392265762
6179.7099609375	0.21880874967184477
6179.90966796875	0.21918448973125193
6180.0	0.21934947395116924
6180.10986328125	0.2195501277561473
6180.31005859375	0.21973251307185207
6180.509765625	0.22021134099534537
6180.7099609375	0.22048018070502498
6180.91015625	0.22079567290371213
6181.10986328125	0.22124698105278484
6181.31005859375	0.22166527991898807
6181.51025390625	0.22181059976902842
6181.71044921875	0.22223600976566102
6181.91015625	0.2228302415786424
6182.1103515625	0.22324148997590684
6182.310546875	0.22358344950498374
6182.5107421875	0.22386404886895067
6182.71044921875	0.22421117565709633
6182.91064453125	0.22454282082856228
6183.11083984375	0.22506833461395614
6183.310546875	0.22549678334256334
6183.5107421875	0.22593070701772358
6183.7109375	0.2263793487905749
6183.9111328125	0.22675215220092365
6184.11083984375	0.22720734740556425
6184.31103515625	0.2276963816572881
6184.51123046875	0.22809513324912636
6184.7109375	0.22829776816157607
6184.9111328125	0.2288069977937317
6185.111328125	0.22921639302875224
6185.3115234375	0.22972944734017986
6185.51123046875	0.23021822311001636
6185.71142578125	0.23045224772674586
6185.91162109375	0.23092659261945467
6186.111328125	0.23151657698247713
6186.3115234375	0.23183899949761347
6186.51171875	0.23233926253363996
6186.71142578125	0.23264940574441292
6186.91162109375	0.23294863815030717
6187.11181640625	0.23352120650048466
6187.31201171875	0.23377598294925783
6187.51171875	0.23420698102097082
6187.7119140625	0.2345965430353028
6187.912109375	0.235025377348072
6188.11181640625	0.23546266761196843
6188.31201171875	0.23573739204598448
6188.51220703125	0.23617442485711299
6188.71240234375	0.23656480266345112
6188.912109375	0.23672360116198798
6189.1123046875	0.2371999164272086
6189.3125	0.2372305033566194
6189.51220703125	0.23753253196963395
6189.71240234375	0.23796656954607417
6189.91259765625	0.238260964531029
6190.0	0.23838257580392985
6190.11279296875	0.23853950780747124
6190.3125	0.23872831431248887
6190.5126953125	0.2389877867164023
6190.712890625	0.2393198130109439
6190.91259765625	0.23961228157178455
6191.11279296875	0.2396952359327429
6191.31298828125	0.2398393179856296
6191.5126953125	0.24018963065048857
6191.712890625	0.2403009762606757
6191.9130859375	0.24055989405045353
6192.11328125	0.2406183169398589
6192.31298828125	0.24079131512479007
6192.51318359375	0.2409809763713613
6192.71337890625	0.24109146873212772
6192.9130859375	0.24102111848020674
6193.11328125	0.24127189726617285
6193.3134765625	0.24118379538324708
6193.513671875	0.24155953969395286
6193.71337890625	0.24138383961952323
6193.91357421875	0.24147366245263477
6194.11376953125	0.2414595015145369
6194.3134765625	0.24148083136109227
6194.513671875	0.2414415555603217
6194.7138671875	0.24155755862377687
6194.91357421875	0.2415090130813377
6195.11376953125	0.24160292393467017
6195.31396484375	0.2414889097226046
6195.51416015625	0.24119728076774993
6195.7138671875	0.24146115617353722
6195.9140625	0.24114795246549048
6196.1142578125	0.24116980768093205
6196.31396484375	0.2409611097354411
6196.51416015625	0.2408350695402331
6196.71435546875	0.24101300482629934
6196.91455078125	0.24071783305401043
6197.1142578125	0.24065044145863598
6197.314453125	0.24049386132432415
6197.5146484375	0.24056619994365086
6197.71484375	0.24020631873735981
6197.91455078125	0.240210982048281
6198.11474609375	0.24003446036454068
6198.31494140625	0.2397217828587498
6198.5146484375	0.2397130742511458
6198.71484375	0.23946342161036704
6198.9150390625	0.23945689221284674
6199.115234375	0.23921187715782405
6199.31494140625	0.23904789882659042
6199.51513671875	0.2389955191628947
6199.71533203125	0.23869538169874863
6199.9150390625	0.23849481678398207
6200.0	0.23846737736348
6200.115234375	0.23842781588846013
6200.3154296875	0.23822319946622922
6200.51513671875	0.23799158560409392
6200.71533203125	0.23763497314241575
6200.91552734375	0.2377201494673917
6201.11572265625	0.23740259059214625
6201.3154296875	0.23721682371400937
6201.515625	0.2369658494683079
6201.7158203125	0.23685511265968365
6201.91552734375	0.23677387225020927
6202.11572265625	0.2366364038362701
6202.31591796875	0.23638326951815988
6202.51611328125	0.2361358287776763
6202.7158203125	0.23616074646330013
6202.916015625	0.2357556561079425
6203.1162109375	0.2357180553006321
6203.31591796875	0.2353669936570406
6203.51611328125	0.2352093486287858
6203.71630859375	0.23512922416208887
6203.91650390625	0.2348654790767295
6204.1162109375	0.23471304913620972
6204.31640625	0.23455599180586156
6204.5166015625	0.23456532304281527
6204.71630859375	0.23432506012250415
6204.91650390625	0.2341071737138509
6205.11669921875	0.23390157773431142
6205.31640625	0.23382580067951417
6205.5166015625	0.2336685099604861
6205.716796875	0.23341297446175543
6205.9169921875	0.2333339585619408
6206.11669921875	0.2331930365334702
6206.31689453125	0.23329077083206806
6206.51708984375	0.23286041312783687
6206.716796875	0.23287660122262469
6206.9169921875	0.23273295006766317
6207.1171875	0.2325674670559062
6207.3173828125	0.23250182994477267
6207.51708984375	0.23227990027388784
6207.71728515625	0.2321269813642379
6207.91748046875	0.2321033653533388
6208.1171875	0.2318497934144934
6208.3173828125	0.2318452808359348
6208.517578125	0.23179654495941068
6208.71728515625	0.2314769963877417
6208.91748046875	0.23160938940555126
6209.11767578125	0.2314510394250271
6209.31787109375	0.23121523398773092
6209.517578125	0.23147416921218508
6209.7177734375	0.231117264785999
6209.91796875	0.23089101983699373
6210.0	0.23088904822315728
6210.11767578125	0.23088853601866355
6210.31787109375	0.23094278880870694
6210.51806640625	0.23064410726758486
6210.71826171875	0.23063014728633596
6210.91796875	0.23054285947121364
6211.1181640625	0.2304920843758371
6211.318359375	0.23045084124961251
6211.51806640625	0.23031634290356925
6211.71826171875	0.23004956906757495
6211.91845703125	0.22999226018548583
6212.11865234375	0.2298711058953223
6212.318359375	0.2297594966921326
6212.5185546875	0.22961873374009553
6212.71875	0.2294651290855816
6212.91845703125	0.229360078910298
6213.11865234375	0.22928039043670403
6213.31884765625	0.2291985075133864
6213.51904296875	0.22891315265260248
6213.71875	0.22876198260758365
6213.9189453125	0.22855575689470362
6214.119140625	0.22837976560150103
6214.3193359375	0.22828996124417797
6214.51904296875	0.2279593180361235
6214.71923828125	0.22772196793216345
6214.91943359375	0.2275759857480335
6215.119140625	0.2272545962471218
6215.3193359375	0.22701340746540102
6215.51953125	0.2266920478537971
6215.71923828125	0.22638154818678302
6215.91943359375	0.2261867201206401
6216.11962890625	0.22579412399985557
6216.31982421875	0.22531998665255598
6216.51953125	0.22490582916012775
6216.7197265625	0.2244193627666118
6216.919921875	0.2240900607365366
6217.11962890625	0.2237937248861006
6217.31982421875	0.22316735152904202
6217.52001953125	0.22279627111294162
6217.72021484375	0.22217285471584775
6217.919921875	0.2214599731898686
6218.1201171875	0.2211655572219823
6218.3203125	0.22035223995457545
6218.52001953125	0.2196805452214436
6218.72021484375	0.21884375308669526
6218.92041015625	0.21811554555739984
6219.1201171875	0.21732758672339708
6219.3203125	0.21673085794828517
6219.5205078125	0.21588942234837083
6219.720703125	0.21498030446208347
6219.92041015625	0.21368844115703167
6220.0	0.2132157300996609
6220.12060546875	0.21249940945793408
6220.32080078125	0.21198230872491722
6220.5205078125	0.21093401623634617
6220.720703125	0.20965000143279713
6220.9208984375	0.20794232021151418
6221.12109375	0.20688332326378506
6221.32080078125	0.20584755048183256
6221.52099609375	0.2045329297690593
6221.72119140625	0.20328267937029368
6221.9208984375	0.2020127837746514
6222.12109375	0.19984008580986692
6222.3212890625	0.1983840705059303
6222.521484375	0.19694741359485032
6222.72119140625	0.19542289052634707
6222.92138671875	0.19339472804040098
6223.12158203125	0.19093079641725075
6223.3212890625	0.18949298078985544
6223.521484375	0.18778476907616753
6223.7216796875	0.18604841915956663
6223.92138671875	0.18418655888768729
6224.12158203125	0.18172825905849724
6224.32177734375	0.17899025958051898
6224.52197265625	0.17746911851643332
6224.7216796875	0.17521671894276275
6224.921875	0.17277547655562067
6225.1220703125	0.17055496088236086
6225.32177734375	0.16768448761809343
6225.52197265625	0.16549310061796813
6225.72216796875	0.16350798181573095
6225.92236328125	0.16131818292559755
6226.1220703125	0.15871223749433785
6226.322265625	0.1554792885714828
6226.5224609375	0.15286728984796713
6226.72216796875	0.15028883204992255
6226.92236328125	0.147696151192343
6227.12255859375	0.1450314325009811
6227.322265625	0.14192487386232341
6227.5224609375	0.13879403388900788
6227.72265625	0.1364637257301833
6227.9228515625	0.13391865295556565
6228.12255859375	0.13135143632930688
6228.32275390625	0.12862047192670908
6228.52294921875	0.12518521704700697
6228.72265625	0.12223806571897203
6228.9228515625	0.11966717180484446
6229.123046875	0.11727773907925265
6229.3232421875	0.11407398439791876
6229.52294921875	0.111217047435427
6229.72314453125	0.1085398934619974
6229.92333984375	0.10587033895638004
6230.0	0.10504464568406487
6230.12353515625	0.10371414736900472
6230.3232421875	0.10143763202345261
6230.5234375	0.09867808048149672
6230.7236328125	0.09513200467662382
6230.92333984375	0.09285293288455301
6231.12353515625	0.09041609741301984
6231.32373046875	0.08812549065780838
6231.52392578125	0.08542905462383805
6231.7236328125	0.08247905446683194
6231.923828125	0.08009418349147904
6232.1240234375	0.07813093673634629
6232.32373046875	0.07610106026572051
6232.52392578125	0.07385145707649293
6232.72412109375	0.07159310230054448
6232.923828125	0.06889014335866571
6233.1240234375	0.06670977082599298
6233.32421875	0.06497831755992164
6233.5244140625	0.06300284648399916
6233.72412109375	0.06062288562238429
6233.92431640625	0.05860505075384957
6234.12451171875	0.056870494656490675
6234.32421875	0.055261994840355044
6234.5244140625	0.05379485245221736
6234.724609375	0.05222015265457784
6234.9248046875	0.05021393007436822
6235.12451171875	0.04839763989889494
6235.32470703125	0.04682832650981289
6235.52490234375	0.045396833648215985
6235.724609375	0.043890252122633304
6235.9248046875	0.04236481974763076
6236.125	0.04072609997947893
6236.3251953125	0.03944108698380085
6236.52490234375	0.03835940309340016
6236.72509765625	0.03718681309447078
6236.92529296875	0.03582177198077266
6237.125	0.034463268797083446
6237.3251953125	0.033141592857055674
6237.525390625	0.0320216133343701
6237.72509765625	0.031097875716823722
6237.92529296875	0.029997242273699362
6238.12548828125	0.028824809864041734
6238.32568359375	0.027646083600657602
6238.525390625	0.02690244158497573
6238.7255859375	0.02604086963253744
6238.92578125	0.02528984389228116
6239.12548828125	0.024473562516416747
6239.32568359375	0.02344053016165599
6239.52587890625	0.02259010322065005
6239.72607421875	0.02191136618827922
6239.92578125	0.021250090751340257
6240.0	0.020946437796735867
6240.1259765625	0.020430802588641217
6240.326171875	0.01970639129802226
6240.52587890625	0.01897380521039198
6240.72607421875	0.018340594239694332
6240.92626953125	0.017852344041225408
6241.1259765625	0.017286580948516334
6241.326171875	0.0166280216905145
6241.5263671875	0.015966473288233165
6241.7265625	0.015427495616954091
6241.92626953125	0.014897809755149049
6242.12646484375	0.014424362504111794
6242.32666015625	0.013963752062351986
6242.5263671875	0.013344026596247536
6242.7265625	0.01295904219045241
6242.9267578125	0.012557688790189807
6243.126953125	0.012156344564866325
6243.32666015625	0.011761286442262445
6243.52685546875	0.011418910477426132
6243.72705078125	0.010944171240138613
6243.9267578125	0.010587892385489095
6244.126953125	0.010236805767337528
6244.3271484375	0.009910016918718727
6244.52734375	0.009567950291841605
6244.72705078125	0.009226164107615535
6244.92724609375	0.008941969247372793
6245.12744140625	0.008682068237282183
6245.32763671875	0.00844700795966452
6245.52734375	0.008158462615426857
6245.7275390625	0.007869105183761695
6245.927734375	0.007546459526706541
6246.12744140625	0.007342802867107291
6246.32763671875	0.0071323279227114515
6246.52783203125	0.0068858362555866085
6246.7275390625	0.006646444035739759
6246.927734375	0.006388227904321346
6247.1279296875	0.006199874942357172
6247.328125	0.006042360862921612
6247.52783203125	0.005870387803979956
6247.72802734375	0.005694324614138764
6247.92822265625	0.005473514276260583
6248.1279296875	0.0053135585591166075
6248.328125	0.005141326981466142
6248.5283203125	0.0049944741797925685
6248.728515625	0.004853355440602432
6248.92822265625	0.0046762220161559445
6249.12841796875	0.004526923536014403
6249.32861328125	0.004410097278237114
6249.5283203125	0.004283178168857497
6249.728515625	0.0041682663950113955
6249.9287109375	0.004035076868152709
6250.0	0.003984928440930817
6250.12890625	0.0038942926059585977
6250.32861328125	0.0037538042456013746
6250.52880859375	0.0036717027411309797
6250.72900390625	0.0035625883197417762
6250.9287109375	0.0034308259286201176
6251.12890625	0.0033358967268057745
6251.3291015625	0.0032183189698157706
6251.52880859375	0.003133755540863728
6251.72900390625	0.0030614693949728125
6251.92919921875	0.0029755397187385484
6252.12939453125	0.002877875204063407
6252.3291015625	0.0027785725060120365
6252.529296875	0.002698368761709581
6252.7294921875	0.0026258047107791758
6252.92919921875	0.002568792973346152
6253.12939453125	0.0024842202609744626
6253.32958984375	0.0024029211584829634
6253.52978515625	0.0023399031636631897
6253.7294921875	0.00228152349747341
6253.9296875	0.002223143335045503
6254.1298828125	0.002157121216943217
6254.32958984375	0.002095737484719189
6254.52978515625	0.0020261662222221663
6254.72998046875	0.001979516628891309
6254.9296875	0.0019260441317362055
6255.1298828125	0.001864656911970012
6255.330078125	0.0018139119137734372
6255.5302734375	0.0017555249629547635
6255.72998046875	0.0017072345085919999
6255.93017578125	0.001665492879657452
6256.13037109375	0.0016286627728400783
6256.330078125	0.0015779141354973335
6256.5302734375	0.0015271650949398544
6256.73046875	0.0014974289563397108
6256.9306640625	0.0014526824460768981
6257.13037109375	0.001422126569380814
6257.33056640625	0.0013874768080786057
6257.53076171875	0.0013410911419611494
6257.73046875	0.0013088965115764838
6257.9306640625	0.001273972105677878
6258.130859375	0.001238501294163958
6258.3310546875	0.0012213158744850574
6258.53076171875	0.0011803860307003716
6258.73095703125	0.0011509183917986934
6258.93115234375	0.001115991712312637
6259.130859375	0.0010799730397509373
6259.3310546875	0.0010671526943693062
6259.53125	0.001037137587779177
6259.73095703125	0.0009989340060714894
6259.93115234375	0.0009732850560917324
6260.0	0.0009654966804758803
6260.13134765625	0.0009506378251049413
6260.33154296875	0.0009320844204479013
6260.53173828125	0.0009088907258025132
6260.7314453125	0.0008900637895061282
6260.931640625	0.0008619566070450327
6261.1318359375	0.0008352136766027483
6261.33154296875	0.0008188424152931484
6261.53173828125	0.0007994684602483181
6261.73193359375	0.0007765460068350141
6261.931640625	0.0007541690339531254
6262.1318359375	0.0007429828972911947
6262.33203125	0.0007189677254446907
6262.5322265625	0.0007055975620289042
6262.73193359375	0.0006908624399469973
6262.93212890625	0.0006788567520415236
6263.13232421875	0.000657024191108803
6263.33203125	0.0006360101647875359
6263.5322265625	0.000623184958692216
6263.732421875	0.0006076298872478852
6263.9326171875	0.0006010826622778475
6264.13232421875	0.0005696948175884123
6264.33251953125	0.0005579606433549776
6264.53271484375	0.0005459534538800326
6264.732421875	0.000544865167465347
6264.9326171875	0.0005276710509584352
6265.1328125	0.000518120210092253
6265.33251953125	0.0004941011100276644
6265.53271484375	0.00048646077718087356
6265.73291015625	0.0004763634996267152
6265.93310546875	0.00046872297840953495
6266.1328125	0.0004501626970475556
6266.3330078125	0.0004362430174996441
6266.533203125	0.00043297003867835113
6266.73291015625	0.00042996995285363734
6266.93310546875	0.00041495794334148715
6267.13330078125	0.0004048596803313676
6267.33349609375	0.0003977643525566718
6267.533203125	0.000385754811040714
6267.7333984375	0.0003756561495987638
6267.93359375	0.00036965250123733803
6268.13330078125	0.0003622837188955574
6268.33349609375	0.0003560068760259318
6268.53369140625	0.0003502759687817748
6268.73388671875	0.00032952919292205475
6268.93359375	0.00033198853086997083
6269.1337890625	0.0003218890691042745
6269.333984375	0.00031424667613207677
6269.53369140625	0.0003074231503133576
6269.73388671875	0.00029350102981352653
6269.93408203125	0.000289134565150432
6270.0	0.0002886845972731978
6270.1337890625	0.00028777131722845496
6270.333984375	0.000284496885399648
6270.5341796875	0.0002809493982661336
6270.734375	0.0002686647578734069
6270.93408203125	0.00026184066679408934
6271.13427734375	0.0002520130705492738
6271.33447265625	0.0002481922204845354
6271.5341796875	0.00025037818304797976
6271.734375	0.00023863902458734043
6271.9345703125	0.0002342719273598133
6272.134765625	0.00023481955590453523
6272.33447265625	0.00022744883276183962
6272.53466796875	0.00021898581365080636
6272.73486328125	0.0002143453715168475
6272.9345703125	0.00021216237922289991
6273.134765625	0.00020315298584652376
6273.3349609375	0.00020042376977911087
6273.53466796875	0.00019441780043567055
6273.73486328125	0.00019059624466197678
6273.93505859375	0.00019496652295283807
6274.13525390625	0.00018868735614326504
6274.3349609375	0.00018568487060438598
6274.53515625	0.00017940554194209907
6274.7353515625	0.00017367227864540253
6274.93505859375	0.00016602742684512548
6275.13525390625	0.0001706707690692493
6275.33544921875	0.0001611142964080055
6275.53564453125	0.0001572922897746829
6275.7353515625	0.00015811255975906198
6275.935546875	0.0001542904822653456
6276.1357421875	0.00015702234785863837
6276.3359375	0.0001493770153211415
6276.53564453125	0.0001493780066517772
6276.73583984375	0.0001384555087225574
6276.93603515625	0.00013763714634458193
6277.1357421875	0.00013599952321900188
6277.3359375	0.00013163093251267302
6277.5361328125	0.00012862776672963662
6277.736328125	0.00013026719140533897
6277.93603515625	0.0001302680556977113
6278.13623046875	0.00012180280441124966
6278.33642578125	0.00011497606704911434
6278.5361328125	0.00011852718065388467
6278.736328125	0.00010924236651379168
6278.9365234375	0.00011607078471591167
6279.13623046875	0.00010842449080293245
6279.33642578125	0.00011033699248854057
6279.53662109375	0.00010269056058417883
6279.73681640625	0.0001056955042868039
6279.9365234375	0.00010760802413945849
6280.0	0.00010535669689539247
6280.13671875	0.00010050764992707732
6280.3369140625	0.0001043320032151493
6280.53662109375	9.968961340147388e-05
6280.73681640625	9.395466464653491e-05
6280.93701171875	9.641342971727779e-05
6281.13720703125	9.586780244878522e-05
6281.3369140625	8.985958697629761e-05
6281.537109375	9.177210135367243e-05
6281.7373046875	8.002798291557704e-05
6281.93701171875	8.139418494390089e-05
6282.13720703125	8.057532336923716e-05
6282.33740234375	8.385351061862458e-05
6282.53759765625	8.276150926282794e-05
6282.7373046875	7.921120238925169e-05
6282.9375	7.975802377062036e-05
6283.1376953125	7.156417395911973e-05
6283.33740234375	7.757389124044052e-05
6283.53759765625	6.965307290179122e-05
6283.73779296875	7.21118961766298e-05
6283.9375	6.528355059454018e-05
6284.1376953125	6.501081849400463e-05
6284.337890625	6.637703473263394e-05
6284.5380859375	6.446536817170647e-05
6284.73779296875	6.719739398351094e-05
6284.93798828125	6.446621946801771e-05
6285.13818359375	6.228133370816212e-05
6285.337890625	5.2174619968215815e-05
6285.5380859375	5.32676372843919e-05
6285.73828125	5.763869565891602e-05
6285.9384765625	5.927809870229093e-05
6286.13818359375	5.326869264509508e-05
6286.33837890625	5.490808841827191e-05
6286.53857421875	5.572797856870548e-05
6286.73828125	5.299656072595737e-05
6286.9384765625	5.245055771308103e-05
6287.138671875	4.644090481336594e-05
6287.33837890625	4.8080312887867166e-05
6287.53857421875	4.5621963472492315e-05
6287.73876953125	4.3709953343867504e-05
6287.93896484375	4.8354451575765176e-05
6288.138671875	4.726200814602385e-05
6288.3388671875	4.999424580138355e-05
6288.5390625	4.425749398640871e-05
6288.73876953125	4.398459279831046e-05
6288.93896484375	3.852092020453926e-05
6289.13916015625	4.043357460213077e-05
6289.33935546875	3.9614234525431834e-05
6289.5390625	4.098051647557759e-05
6289.7392578125	4.1800400994250086e-05
6289.939453125	3.387767165461421e-05
6290.0	3.478887536704413e-05
6290.13916015625	3.688274846391586e-05
6290.33935546875	3.496994374079401e-05
6290.53955078125	3.6335573892929784e-05
6290.73974609375	3.961355500024742e-05
6290.939453125	4.207188359487973e-05
6291.1396484375	3.442208824986756e-05
6291.33984375	2.9777525655434653e-05
6291.5400390625	3.5240918896108416e-05
6291.73974609375	3.059644841664881e-05
6291.93994140625	3.0049764923339316e-05
6292.14013671875	3.3327568332991354e-05
6292.33984375	2.9502782566106636e-05
6292.5400390625	3.3326866246218595e-05
6292.740234375	2.813631981575536e-05
6292.93994140625	2.7043361676702383e-05
6293.14013671875	2.7589402744298272e-05
6293.34033203125	2.813543021204453e-05
6293.54052734375	2.9500916267548104e-05
6293.740234375	2.950060580707984e-05
6293.9404296875	2.59493356357805e-05
6294.140625	2.458332219262295e-05
6294.34033203125	2.8407091365001706e-05
6294.54052734375	3.059193356698628e-05
6294.74072265625	2.43094024716947e-05
6294.94091796875	2.7859919698242678e-05
6295.140625	2.2123821331886832e-05
6295.3408203125	2.5401157329060996e-05
6295.541015625	2.321586666365424e-05
6295.74072265625	2.2396245064110356e-05
6295.94091796875	2.266913356359621e-05
6296.14111328125	2.3488250007352442e-05
6296.34130859375	2.0210607523764756e-05
6296.541015625	2.130284733434409e-05
6296.7412109375	2.2668176922181075e-05
6296.94140625	1.6386460263954068e-05
6297.14111328125	2.4579433566471523e-05
6297.34130859375	1.5839911374464786e-05
6297.54150390625	2.239411828346632e-05
6297.7412109375	2.53979421573593e-05
6297.94140625	2.020890195496368e-05
6298.1416015625	2.1301048952795015e-05
6298.341796875	1.7477598738233894e-05
6298.54150390625	2.2119853609071624e-05
6298.74169921875	1.4473331847803819e-05
6298.94189453125	2.703480479885709e-05
6299.1416015625	1.829608931188562e-05
6299.341796875	1.8842043714684027e-05
6299.5419921875	2.0480266283552568e-05
6299.7421875	2.020698182697212e-05
6299.94189453125	1.829531659297332e-05
6300.0	1.694792486829228e-05
6300.14208984375	1.3653242452203814e-05
6300.34228515625	1.8295462755522575e-05
6300.5419921875	1.4745692268411077e-05
6300.7421875	1.529192942031111e-05
6310.0	1.277010978938691e-05
6320.0	1.00443553756662e-05
6330.0	7.316849969298865e-06
6340.0	4.58370634715442e-06
6350.0	1.8551218282301958e-06
6350.95556640625	1.5942994479211233e-06
6360.0	1.0140991148901754e-06
6360.95849609375	9.525926703096317e-07
6370.0	6.429308159933998e-07
6370.9609375	6.099596743359996e-07
6380.0	4.2909883678033033e-07
6380.9638671875	4.098575284574708e-07
6390.0	3.0108312524294266e-07
6390.96630859375	2.8944757210676185e-07
6400.0	2.2016649683683143e-07
6400.96923828125	2.1273111459745293e-07
6410.0	1.6181519084269659e-07
6410.9716796875	1.56322235509097e-07
6420.0	1.322398793006076e-07
6420.974609375	1.296524708964503e-07
6430.0	1.134400082215552e-07
6430.97705078125	1.1168247694779203e-07
6440.0	8.990113519590859e-08
6440.97998046875	8.753525580440614e-08
6450.0	8.340125266684409e-08
6450.982421875	8.294392469253915e-08
6460.0	8.612872919746253e-08
6460.9853515625	8.648366518919337e-08
6470.0	7.194386388433743e-08
6470.98779296875	7.035051247271033e-08
6480.0	5.1240285285117294e-08
6480.99072265625	4.913935709052655e-08
6490.0	6.142036250640285e-08
6490.9931640625	6.27688259631302e-08
6500.0	5.978029159692621e-08
6500.99609375	5.944551101276119e-08
6510.0	5.674762030226118e-08
6510.99853515625	5.644882574079049e-08
6520.0	5.913477350250918e-08
6521.00146484375	5.94279321339594e-08
6530.0	5.064624777171148e-08
6531.00390625	4.967321001133795e-08
6540.0	5.064409735949736e-08
6541.0068359375	5.0752537582090285e-08
6550.0	5.793856995503019e-08
6551.00927734375	5.874366414063132e-08
6560.0	5.559334997162988e-08
6561.01220703125	5.5234411890786545e-08
6570.0	5.6390514886563706e-08
6571.0146484375	5.6525548713924526e-08
6580.0	4.816743981918171e-08
6581.017578125	4.7222432105574196e-08
6590.0	5.990232169770653e-08
6591.02001953125	6.133434345327668e-08
6600.0	6.06289710661644e-08
6601.02294921875	6.055406677933167e-08
6610.0	6.357005757244171e-08
6611.025390625	6.391392180726115e-08
6620.0	5.397845833457896e-08
6621.0283203125	5.284197634183459e-08
6630.0	5.384809785917798e-08
6631.03076171875	5.3956517323622265e-08
6640.0	6.382161921804813e-08
6641.03369140625	6.496087133702085e-08
6650.0	5.974612922569355e-08
6651.0361328125	5.914473377732875e-08
6660.0	5.969556296727333e-08
6661.0390625	5.975386636041956e-08
6670.0	6.105017408945577e-08
6671.04150390625	6.120581389310997e-08
6680.0	7.65705398604089e-08
6681.04443359375	7.835795858997352e-08
6690.0	7.379679948817109e-08
6691.046875	7.325811998876533e-08
6700.0	7.873598543687348e-08
6701.0498046875	7.938347407647581e-08
6710.0	7.487519892913118e-08
6711.052734375	7.434603704815729e-08
6720.0	7.603124907862076e-08
6721.05517578125	7.622256725551089e-08
6730.0	8.364863789601573e-08
6731.05810546875	8.453205219774608e-08
6740.0	8.449433353533149e-08
6741.060546875	8.448981590273324e-08
6750.0	8.491111751562632e-08
6751.06298828125	8.495325593654128e-08
6760.0	8.925229616060326e-08
6761.06591796875	8.97716795530995e-08
6770.0	9.800923953486464e-08
6771.068359375	9.89920929573921e-08
6780.0	1.0527941351846302e-07
6781.0712890625	1.0602200414281797e-07
6790.0	1.0434061857501389e-07
6791.07421875	1.0414852038984476e-07
6800.0	1.0740204709955523e-07
6801.07666015625	1.0779362046064967e-07
6810.0	1.0597052862881107e-07
6811.07958984375	1.0574054475562911e-07
6820.0	1.1943477410689822e-07
6821.08203125	1.211020419068224e-07
6830.0	1.2899711866233122e-07
6831.0849609375	1.2995874358197093e-07
6840.0	1.289893188665861e-07
6841.08740234375	1.2885914903991787e-07
6850.0	1.318813572171758e-07
6851.09033203125	1.3226245005033733e-07
6860.0	1.3602275811326913e-07
6861.0927734375	1.364700548232783e-07
6870.0	1.362427013590456e-07
6871.095703125	1.3622764997378141e-07
6880.0	1.3141765520036272e-07
6881.09814453125	1.308255403541636e-07
6890.0	1.2090703494622535e-07
6891.10107421875	1.196712095800069e-07
6900.0	1.1096062525375139e-07
6901.103515625	1.0989403564579899e-07
6910.0	7.977141025003027e-08
6911.1064453125	7.60325251198013e-08
6920.0	6.032631511518901e-08
6921.10888671875	5.8366265813054455e-08
6930.0	4.0103568641521136e-08
6931.11181640625	3.7829956491832064e-08
6940.0	4.0332813452217554e-08
6941.1142578125	4.0642004897439536e-08
6950.0	2.8189020432734857e-08
6951.1171875	2.6630353547562732e-08
6960.0	1.8587184985218543e-08
6961.11962890625	1.7575400035553995e-08
6970.0	1.3264334072465116e-08
6971.12255859375	1.2719218056146636e-08
6980.0	1.5090017341996862e-08
6981.125	1.5391105978700403e-08
6990.0	9.817211076601438e-09
6991.1279296875	9.110213950122528e-09
7000.0	1.855644914156306e-08
7001.13037109375	1.9753255238798655e-08
7010.0	1.7147395955796304e-08
7011.13330078125	1.6817381605331464e-08
7020.0	9.7732110830618e-09
7021.1357421875	8.87279215358801e-09
7030.0	1.1681252335202874e-09
7031.138671875	1.8229282338166794e-10
7040.0	5.251617246676614e-09
7041.14111328125	5.902195544609333e-09
7050.0	4.5116469887478465e-09
7051.14404296875	4.3322452657102815e-09
7060.0	3.867273489508697e-09
7061.146484375	3.807711912013975e-09
7070.0	4.880223678628141e-09
7071.1494140625	5.0184830456080795e-09
7080.0	5.151350886370369e-09
7081.15234375	5.169089901535049e-09
7090.0	3.5346158998277896e-09
7091.15478515625	3.3216781378696977e-09
7100.0	6.474863288587783e-09
7101.15771484375	6.886493441800989e-09
7110.0	3.829167230882461e-09
7111.16015625	3.4293965166058744e-09
7120.0	3.5746736251688118e-09
7121.16259765625	3.593346606006891e-09
7130.0	1.0823298927184935e-08
7131.16552734375	1.177392324637876e-08
7140.0	9.663132900653227e-09
7141.16796875	9.384065152113304e-09
7150.0	4.462950238400088e-09
7151.1708984375	3.81372694557806e-09
7160.0	3.3988549764919994e-09
7161.173828125	3.3435417629866847e-09
7170.0	7.456310193449411e-09
7171.17626953125	8.002880564342714e-09
7180.0	1.1177090719363612e-08
7181.17919921875	1.159982730929105e-08
7190.0	1.0918792833942515e-08
7191.181640625	1.082674523487694e-08
7200.0	6.014989849301614e-09
7201.1845703125	5.371963420441998e-09
7210.0	1.4383009253030905e-08
7211.18701171875	1.55905622817548e-08
7220.0	2.765205049283314e-08
7221.18994140625	2.927661538890144e-08
7230.0	4.527247363209349e-08
7231.1923828125	4.7422727666760986e-08
7240.0	1.1612396707695252e-07
7241.1953125	1.2541674264980427e-07
7250.0	4.1495745506051355e-07
7251.19775390625	4.5414612173638433e-07
7260.0	1.106767355891951e-06
7261.20068359375	1.1954940703916296e-06
7270.0	2.0143238381389394e-06
7271.203125	2.125850533434296e-06
7280.0	2.9209193492397883e-06
7281.2060546875	3.029179434439276e-06
7290.0	3.5645685315869367e-06
7291.20849609375	3.6381772857134667e-06
7300.0	3.5225582166142056e-06
7301.21142578125	3.5063113295444475e-06
7310.0	2.8975794192659425e-06
7311.2138671875	2.814197874493242e-06
7320.0	2.080613993396335e-06
7321.216796875	1.9791972916582124e-06
7330.0	1.287098366528977e-06
7331.21923828125	1.1916058451189034e-06
7340.0	7.335529159894371e-07
7341.22216796875	6.699711102276975e-07
7350.0	5.514857259077628e-07
7351.224609375	5.350907902229768e-07
7360.0	6.00691510921901e-07
7361.2275390625	6.097660261217902e-07
7370.0	7.183300485776801e-07
7371.22998046875	7.335579717840603e-07
7380.0	8.966765077562464e-07
7381.23291015625	9.194186633625002e-07
7390.0	1.1162448598690454e-06
7391.23583984375	1.143981685321983e-06
7400.0	1.3627075310665097e-06
7401.23828125	1.3933380518558649e-06
7410.0	1.5697495085382232e-06
7411.2412109375	1.5947944741339178e-06
7420.0	1.8682642069695062e-06
7421.24365234375	1.9067320168494072e-06
7430.0	2.219232009116215e-06
7431.24658203125	2.2639021193663466e-06
7440.0	2.5691651790919263e-06
7441.2490234375	2.6122861965195364e-06
7450.0	2.8140798142832793e-06
7451.251953125	2.843138257658709e-06
7460.0	2.836765605722171e-06
7461.25439453125	2.835536271679857e-06
7470.0	2.5550142849433646e-06
7471.25732421875	2.515132335337946e-06
7480.0	2.1168763248560794e-06
7481.259765625	2.0594545336695233e-06
7490.0	1.6012037167978635e-06
7491.2626953125	1.5354561753113046e-06
7500.0	1.2041052809651237e-06
7501.26513671875	1.1561088777824271e-06
7510.0	9.6159672874362e-07
7511.26806640625	9.335935593872399e-07
7520.0	9.382710486287381e-07
7521.2705078125	9.388434978877675e-07
7530.0	1.016849032167854e-06
7531.2734375	1.0282914467830727e-06
7540.0	1.1396865851744719e-06
7541.27587890625	1.1557810876077173e-06
7550.0	1.2369404433116597e-06
7551.27880859375	1.2489223962698992e-06
7560.0	1.240277541356284e-06
7561.28173828125	1.2388684896134243e-06
7570.0	1.1508014833738838e-06
7571.2841796875	1.1380172090980208e-06
7580.0	1.042516658328411e-06
7581.287109375	1.0283466658727545e-06
7590.0	9.101628504588007e-07
7591.28955078125	8.928525611325489e-07
7600.0	8.037077123670886e-07
7601.29248046875	7.904372823409875e-07
7610.0	7.518470125131281e-07
7611.294921875	7.461332091065911e-07
7620.0	7.520523836745509e-07
7621.2978515625	7.530165986277468e-07
7630.0	7.114340859174722e-07
7631.30029296875	7.050590167120459e-07
7640.0	6.664835169361016e-07
7641.30322265625	6.608131166514133e-07
7650.0	5.848099692014658e-07
7651.3056640625	5.733870963903032e-07
7660.0	4.6785273017332936e-07
7661.30859375	4.521119711458479e-07
7670.0	3.625690846288201e-07
7671.31103515625	3.490865758902883e-07
7680.0	2.784675288671465e-07
7681.31396484375	2.678809500501624e-07
7690.0	2.4116118845297553e-07
7691.31640625	2.371031164714144e-07
7700.0	2.120265112686365e-07
7701.3193359375	2.0823804204644142e-07
7710.0	1.9838600977592773e-07
7711.32177734375	1.9691737522887984e-07
7720.0	1.8920564862303135e-07
7721.32470703125	1.8801152742943669e-07
7730.0	1.7365612210491172e-07
7731.3271484375	1.7149277820723932e-07
7740.0	1.75328796438431e-07
7741.330078125	1.7589277962943756e-07
7750.0	1.5655672832635315e-07
7751.33251953125	1.536202260350447e-07
7760.0	1.489594029558057e-07
7761.33544921875	1.4822672664897563e-07
7770.0	1.6152717165180776e-07
7771.337890625	1.6356833104213987e-07
7780.0	1.7701639263356889e-07
7781.3408203125	1.7910686039633104e-07
7790.0	2.2816251296162494e-07
7791.34326171875	2.357052043501318e-07
7800.0	2.786692722616566e-07
7801.34619140625	2.853448001923954e-07
7810.0	3.2036588626237953e-07
7811.34912109375	3.2575779978702017e-07
7820.0	3.718982608988494e-07
7821.3515625	3.791093658757582e-07
7830.0	3.9575278962736304e-07
7831.3544921875	3.9834781186206515e-07
7840.0	3.851529924278664e-07
7841.35693359375	3.8309148901004176e-07
7850.0	4.028098119954574e-07
7851.35986328125	4.059455729294206e-07
7860.0	3.991563793228418e-07
7861.3623046875	3.98040631226064e-07
7870.0	4.438528654030835e-07
7871.365234375	4.5111191551553054e-07
7880.0	4.9113350715008e-07
7881.36767578125	4.97383956287653e-07
7890.0	5.174243996000774e-07
7891.37060546875	5.205890051419445e-07
7900.0	5.491188651887139e-07
7901.373046875	5.537028843595792e-07
7910.0	5.353738625171765e-07
7911.3759765625	5.323952935268237e-07
7920.0	5.204665296590065e-07
7921.37841796875	5.186331039534043e-07
7930.0	4.590780946894093e-07
7931.38134765625	4.495191105444436e-07
7940.0	4.065379710878319e-07
7941.3837890625	3.9967155567991717e-07
7950.0	4.169713306178376e-07
7951.38671875	4.197935230232056e-07
7960.0	7.124520829691418e-07
7961.38916015625	7.59356968195299e-07
7970.0	1.3631491324012324e-06
7971.39208984375	1.4602623588843914e-06
7980.0	2.2095005986017864e-06
7981.39501953125	2.330620403079662e-06
7990.0	3.0273270061175294e-06
7991.3974609375	3.1396738199797264e-06
8000.0	3.528357948304417e-06
8001.400390625	3.59131264511733e-06
8010.0	3.224661041758708e-06
8011.40283203125	3.164785035502186e-06
8020.0	2.519878637900372e-06
8021.40576171875	2.41504140349968e-06
8030.0	1.709579609269225e-06
8031.408203125	1.5948699214841647e-06
8040.0	1.0312915440315166e-06
8041.4111328125	9.390347179913822e-07
8050.0	7.053322134121372e-07
8051.41357421875	6.670797455479225e-07
8060.0	6.835355239400684e-07
8061.41650390625	6.863215842374092e-07
8070.0	7.307325442740271e-07
8071.41943359375	7.379447529866939e-07
8080.0	7.888471906198927e-07
8081.421875	7.972323222916905e-07
8090.0	7.60837556327573e-07
8091.4248046875	7.54921915384074e-07
8100.0	6.94459613413963e-07
8101.42724609375	6.843524553371654e-07
8110.0	6.265330932246171e-07
8111.43017578125	6.169392017458392e-07
8120.0	5.611160834816491e-07
8121.4326171875	5.519075897031077e-07
8130.0	7.941374870977873e-07
8131.435546875	8.344192516435607e-07
8140.0	1.3795737705638559e-06
8141.43798828125	1.4705781319061399e-06
8150.0	2.1109769672734855e-06
8151.44091796875	2.218419414084092e-06
8160.0	2.846717253104463e-06
8161.443359375	2.9517571734937082e-06
8170.0	3.1825058247035807e-06
8171.4462890625	3.221269785156034e-06
8180.0	2.829713458349662e-06
8181.44873046875	2.764138399114836e-06
8190.0	2.1385554707676933e-06
8191.45166015625	2.0325981071794933e-06
8200.0	1.3635795157187232e-06
8201.4541015625	1.2504609744091794e-06
8210.0	6.871981714258855e-07
8211.45703125	5.917907693665153e-07
8220.0	3.875570357502651e-07
8221.4599609375	3.5277367664077004e-07
8230.0	3.5358070655932173e-07
8231.4619140625	3.5374695766394304e-07
8240.0	4.2753521810735597e-07
8241.46484375	4.401870821989906e-07
8250.0	5.68747802216029e-07
8251.4677734375	5.906792262800257e-07
8260.0	8.263024186419287e-07
8261.470703125	8.667006881735959e-07
8270.0	1.35814372998347e-06
8271.4736328125	1.4427966926210755e-06
8280.0	2.014797083392321e-06
8281.4755859375	2.113061075277512e-06
8290.0	2.6468971758217567e-06
8291.478515625	2.7389855084530715e-06
8300.0	3.0539421423563458e-06
8301.4814453125	3.1083933746229907e-06
8310.0	2.882475918522181e-06
8311.484375	2.843700863121572e-06
8320.0	2.2911028251140534e-06
8321.486328125	2.194770858879998e-06
8330.0	1.5284583635007937e-06
8331.4892578125	1.412528174020481e-06
8340.0	8.227910690227802e-07
8341.4921875	7.200507770268373e-07
8350.0	3.4317423919357905e-07
8351.4951171875	2.7720464267636023e-07
8360.0	1.672325497044726e-07
8361.4970703125	1.4798017533492803e-07
8370.0	1.2720414945741665e-07
8371.5	1.2355868356804654e-07
8380.0	1.0621445541363767e-07
8381.5029296875	1.0317874681427806e-07
8390.0	1.1777241732749205e-07
8391.505859375	1.2032941797837056e-07
8400.0	1.1188278562739681e-07
8401.5078125	1.1040322265773613e-07
8410.0	1.2843781629015386e-07
8411.5107421875	1.3164847477957907e-07
8420.0	1.5053073046293475e-07
8421.513671875	1.5386185410497272e-07
8430.0	2.160658108899313e-07
8431.5166015625	2.271582612910797e-07
8440.0	3.68142660540572e-07
8441.51953125	3.9329176119637303e-07
8450.0	5.334488014343521e-07
8451.521484375	5.585696158773172e-07
8460.0	7.367561704595826e-07
8461.5244140625	7.685798122729605e-07
8470.0	8.583857448952818e-07
8471.52734375	8.744996328006902e-07
8480.0	8.616714547820384e-07
8481.5302734375	8.593627985320073e-07
8490.0	6.970581821074351e-07
8491.5322265625	6.679154271888585e-07
8500.0	1.0223384505671448e-07
8501.53515625	1.2168679974518209e-11
8510.0	1.4951669837609681e-06
8511.5380859375	1.765360221097829e-06
8520.0	6.486605815296715e-07
8521.541015625	4.46404179591592e-07
8530.0	8.948117639973232e-07
8531.5439453125	9.763429338773729e-07
8540.0	8.783848572959432e-07
8541.5458984375	8.604295266908174e-07
8550.0	2.739435672302668e-07
8551.548828125	1.6709521469241154e-07
8560.0	8.861057830613443e-07
8561.5517578125	1.0173775182030638e-06
8570.0	2.771195427971741e-07
8571.5546875	1.4168642774582974e-07
8580.0	2.2456851239070434e-06
8581.556640625	2.6312390983850083e-06
8590.0	1.6268301082427283e-06
8591.5595703125	1.4423664311126707e-06
8600.0	1.3470597761438893e-06
8601.5625	1.3295107627959005e-06
8610.0	1.241588157058041e-06
8611.5654296875	1.225545008436456e-06
8620.0	1.0359823224959356e-06
8621.5673828125	1.0007768497723306e-06
8630.0	2.222314315340761e-06
8631.5703125	2.4491887874584564e-06
8640.0	1.7048114585354263e-06
8641.5732421875	1.566436572279467e-06
8650.0	1.4268291675997002e-06
8651.576171875	1.4008143039053811e-06
8660.0	9.502485521071926e-07
8661.578125	8.66313178083336e-07
8670.0	1.638124640662838e-06
8671.5810546875	1.7822710886379026e-06
8680.0	1.6189863020775524e-06
8681.583984375	1.5883857305912574e-06
8690.0	2.424965944085679e-06
8691.5869140625	2.582015259958831e-06
8700.0	1.0704370945978975e-06
8701.58984375	7.8603180297467e-07
8710.0	1.5243066329180968e-06
8711.591796875	1.6636643427589217e-06
8720.0	1.3060940298009632e-06
8721.5947265625	1.2383199863854804e-06
8730.0	1.2354935991671624e-06
8731.59765625	1.2349504631611171e-06
8740.0	7.205326142309036e-07
8741.6005859375	6.229875725740313e-07
8750.0	1.0642123048863235e-06
8751.6025390625	1.1479925238791403e-06
8760.0	1.1218476121157516e-06
8761.60546875	1.117036476124951e-06
8770.0	1.4821930645872469e-06
8771.6083984375	1.5516384807438473e-06
8780.0	2.367980783395869e-06
8781.611328125	2.5239490539070106e-06
8790.0	1.9353821441951667e-06
8791.6142578125	1.8226685831910527e-06
8800.0	1.4621396060710146e-06
8801.6162109375	1.3926979953260622e-06
8810.0	1.114261123687173e-06
8811.619140625	1.0609858267572688e-06
8820.0	9.166561884856521e-07
8821.6220703125	8.88729656873997e-07
8830.0	1.5923775506389232e-06
8831.625	1.7284130268789568e-06
8840.0	1.9550179336113148e-06
8841.626953125	1.9988040844580363e-06
8850.0	1.4367468646994964e-06
8851.6298828125	1.3278778691257381e-06
8860.0	1.211395917475379e-06
8861.6328125	1.1887791056375484e-06
8870.0	1.256080060508913e-06
8871.6357421875	1.2693581061522556e-06
8880.0	8.90156774492979e-07
8881.638671875	8.160507154397863e-07
8890.0	1.2217899808997027e-06
8891.640625	1.3009644100744622e-06
8900.0	1.0523842335099085e-06
8901.6435546875	1.003766709918571e-06
8910.0	5.005573306395093e-07
8911.646484375	4.0195252086079507e-07
8920.0	1.0848294862978174e-06
8921.6494140625	1.2188970995549021e-06
8930.0	9.877558820804344e-07
8931.6513671875	9.422973103446779e-07
8940.0	9.387495465181899e-07
8941.654296875	9.381918348542825e-07
8950.0	1.5846568543143977e-06
8951.6572265625	1.7121060224798561e-06
8960.0	1.3205008232778336e-06
8961.66015625	1.243025987308904e-06
8970.0	1.0969158985149432e-06
8971.662109375	1.0679625654894373e-06
8980.0	6.5073543415341e-07
8981.6650390625	5.679224748526086e-07
8990.0	7.258525667188484e-07
8991.66796875	7.572526884154364e-07
9000.0	7.166755562689129e-07
9001.6708984375	7.084329430159642e-07
9010.0	5.308566205389435e-07
9011.6728515625	4.955404076476366e-07
9020.0	5.276770119733983e-07
9021.67578125	5.340081068006709e-07
9030.0	7.340802260944675e-07
9031.6787109375	7.741861845185916e-07
9040.0	5.542321818102505e-07
9041.681640625	5.100996699483209e-07
9050.0	8.515640819462677e-07
9051.6845703125	9.201966989005979e-07
9060.0	6.183876573681691e-07
9061.6865234375	5.57624264534638e-07
9070.0	7.772517330953576e-07
9071.689453125	8.215389966507531e-07
9080.0	6.461672461347741e-07
9081.6923828125	6.108204615175433e-07
9090.0	5.527858708869153e-07
9091.6953125	5.409266760038622e-07
9100.0	2.0976482725046701e-07
9101.697265625	1.4261042686635987e-07
9110.0	6.605287463430777e-07
9111.7001953125	7.657369305307644e-07
9120.0	4.517677473491001e-07
9121.703125	3.8785193196492155e-07
9130.0	4.3241426383820374e-07
9131.7060546875	4.414969355963184e-07
9140.0	4.267950321001995e-07
9141.708984375	4.23784533104482e-07
9150.0	2.9680599434480985e-07
9151.7109375	2.708170866728454e-07
9160.0	2.926332546384583e-07
9161.7138671875	2.9710132279498236e-07
9170.0	6.334675252051747e-07
9171.716796875	7.025504595087342e-07
9180.0	3.6315118177371464e-07
9181.7197265625	2.9334418018624727e-07
9190.0	3.1392133550120747e-07
9191.7216796875	3.1810708750366586e-07
9200.0	1.8890248352082149e-07
9201.724609375	1.6220531450014224e-07
9210.0	3.894256701049225e-07
9211.7275390625	4.3639028396186417e-07
9220.0	2.8581490307851687e-07
9221.73046875	2.54622085639381e-07
9230.0	2.3558878269539926e-07
9231.732421875	2.3165388679260867e-07
9240.0	3.4048441501387357e-07
9241.7353515625	3.630988639942027e-07
9250.0	2.1811850442856664e-07
9251.73828125	1.8792142859258814e-07
9260.0	3.263088878847741e-07
9261.7412109375	3.551756927811293e-07
9270.0	3.661957639432324e-07
9271.744140625	3.684911373554635e-07
9280.0	2.0335223230198223e-07
9281.74609375	1.687818953986113e-07
9290.0	1.606251100840348e-07
9291.7490234375	1.589109731528403e-07
9300.0	3.4850978171874095e-07
9301.751953125	3.8839807753867444e-07
9310.0	3.3992007756221463e-07
9311.7548828125	3.2964119596877665e-07
9320.0	1.8929825657766719e-07
9321.7568359375	1.5971893482757988e-07
9330.0	2.3381231926104568e-07
9331.759765625	2.494462902343212e-07
9340.0	1.8105596568180399e-07
9341.7626953125	1.6658789077170523e-07
9350.0	1.1527580962745523e-07
9351.765625	1.0440139698249734e-07
9360.0	2.03583447126166e-07
9361.7685546875	2.2462814434995204e-07
9370.0	2.76743846535962e-07
9371.7705078125	2.8781011456820434e-07
9380.0	1.5691708105278972e-07
9381.7734375	1.2904935354825088e-07
9390.0	2.1833209397056547e-07
9391.7763671875	2.3736390241508749e-07
9400.0	9.748258936063766e-08
9401.779296875	6.758450634444788e-08
9410.0	9.027950341834537e-08
9411.78125	9.51250028238941e-08
9420.0	7.979262485063578e-08
9421.7841796875	7.6508147300614e-08
9430.0	1.4275469364169613e-07
9431.787109375	1.5696938442854523e-07
9440.0	8.742559240174879e-08
9441.7900390625	7.247721055828412e-08
9450.0	2.3580192765461796e-07
9451.79296875	2.7095014842343154e-07
9460.0	1.4124562163845695e-07
9461.794921875	1.1328555759922455e-07
9470.0	1.4008141766101694e-07
9471.7978515625	1.4585902984562492e-07
9480.0	1.3136157178993124e-07
9481.80078125	1.2822048759756034e-07
9490.0	1.4018238711216072e-07
9491.8037109375	1.427660853377356e-07
9500.0	9.588118506497835e-08
9501.8056640625	8.580699868602009e-08
9510.0	4.5902087430445694e-08
9511.80859375	3.718005795863152e-08
9520.0	1.0570932125419801e-07
9521.8115234375	1.2071093940814292e-07
9530.0	5.808991964405244e-08
9531.814453125	4.435307746590609e-08
9540.0	7.93951635303767e-08
9541.81640625	8.708924250221072e-08
9550.0	1.385518882091384e-07
9551.8193359375	1.498698205659604e-07
9560.0	9.084033913784509e-08
9561.822265625	7.782847090637235e-08
9570.0	7.829359728311653e-08
9571.8251953125	7.83941713536689e-08
9580.0	7.838731533830303e-08
9581.828125	7.838363750568176e-08
9590.0	4.831637005157993e-08
9591.830078125	4.165637705547472e-08
9600.0	9.428976229282766e-08
9601.8330078125	1.059752181184531e-07
9610.0	8.964249576151845e-08
9611.8359375	8.597542402253599e-08
9620.0	7.948708849022313e-08
9621.8388671875	7.80568678536963e-08
9630.0	1.4226460109402946e-08
9631.8408203125	4.836428559331092e-12
9640.0	4.007220687687072e-08
9641.84375	4.901186971091634e-08
9650.0	3.197833512582122e-08
9651.8466796875	2.8169570440655668e-08
9660.0	1.4784476831474416e-08
9661.849609375	1.1786679711718716e-08
9670.0	5.678952990778453e-08
9671.8525390625	6.688191096456034e-08
9680.0	3.751157297175973e-08
9681.8544921875	3.0914263640697034e-08
9690.0	8.425215865302251e-08
9691.857421875	9.624598849047097e-08
9700.0	6.483993538150386e-08
9701.8603515625	5.776111469050078e-08
9710.0	3.030919163363399e-08
9711.86328125	2.4112288167772534e-08
9720.0	6.621595265295398e-08
9721.865234375	7.572617862416893e-08
9730.0	1.3978164367609926e-08
9731.8681640625	4.2213820871523954e-12
9740.0	4.7740227879636515e-08
9741.87109375	5.855816986977415e-08
9750.0	4.7255382788105115e-08
9751.8740234375	4.468682380888e-08
9760.0	5.162304093773329e-08
9761.8759765625	5.319690028737519e-08
9770.0	2.3095323353156772e-08
9771.87890625	1.6242020377597197e-08
9780.0	5.0820534884876824e-08
9781.8818359375	5.870142689578311e-08
9790.0	5.036792122027747e-08
9791.884765625	4.846196152692113e-08
9800.0	8.052319587770848e-08
9801.8876953125	8.784168203061502e-08
9810.0	7.94134909748256e-08
9811.8896484375	7.74797520350895e-08
9820.0	3.696743220648367e-08
9821.892578125	2.768154981485263e-08
9830.0	5.5747254887800224e-08
9831.8955078125	6.218904816501519e-08
9840.0	2.0356272495608925e-08
9841.8984375	1.073587384188318e-08
9850.0	2.197205508440681e-08
9851.900390625	2.4556559972083404e-08
9860.0	4.361412009367613e-08
9861.9033203125	4.8003009373486065e-08
9870.0	4.2817273171233093e-08
9871.90625	4.161683287473779e-08
9880.0	4.6205205061666836e-08
9881.9091796875	4.7261814859871753e-08
9890.0	8.886658392993665e-09
9891.912109375	3.1782435776379133e-12
9900.0	3.6213011220359355e-08
9901.9140625	4.4589394199449375e-08
9910.0	1.3226351419099087e-08
9911.9169921875	5.958930268019353e-09
9920.0	1.934292379286556e-08
9921.919921875	2.2449674061259005e-08
9930.0	5.8122402709693634e-08
9931.9228515625	6.641281752387229e-08
9940.0	4.944787106491169e-08
9941.9248046875	4.549350066467915e-08
9950.0	2.1543403591885857e-08
9951.927734375	1.5959886897773432e-08
9960.0	2.2253012960607977e-08
9961.9306640625	2.3718435733053114e-08
9970.0	4.5325230069338975e-08
9971.93359375	5.03661833470723e-08
9980.0	1.564214971227009e-08
9981.9365234375	7.51970381816247e-09
9990.0	2.3423812688218556e-08
9991.9384765625	2.714173692108934e-08
10000.0	3.222324832170524e-08
10001.94140625	3.343489302610922e-08
10010.0	2.6658583474821326e-08
10011.9443359375	2.5059972709057396e-08
10020.0	1.3677675882295922e-08
10021.947265625	1.0992700827980887e-08
10030.0	2.3805335478985374e-08
10031.9501953125	2.6820708051890236e-08
10040.0	2.8225230924766994e-08
10041.9521484375	2.8558611835016438e-08
10050.0	1.2799949688708565e-08
10051.955078125	9.072271459109636e-09
10060.0	2.4105040055235812e-08
10061.9580078125	2.765948190845016e-08
10070.0	2.4634933573523474e-08
10071.9599609375	2.3914661901956642e-08
10080.0	3.2408891248157033e-08
10081.962890625	3.4416772265518726e-08
10090.0	1.8998258106807925e-08
10091.9658203125	1.53365577452212e-08
10100.0	1.520991222345287e-08
10101.96875	1.5176894342485017e-08
10110.0	1.505316063549618e-08
10111.970703125	1.5020669439814717e-08
10120.0	1.614262713328347e-08
10121.9736328125	1.640224190097686e-08
10130.0	2.7415355595520842e-08
10131.9765625	3.0032176920596055e-08
10140.0	2.231502947404013e-08
10141.978515625	2.0473388619838808e-08
10150.0	1.2830961038792163e-08
10151.982421875	1.1007621537186551e-08
10160.0	1.2004801401349544e-08
10161.9853515625	1.2238880844343005e-08
10170.0	9.315289361524613e-09
10171.98828125	8.615554010458598e-09
10180.0	3.778499163598487e-09
10181.990234375	2.6247138985426593e-09
10190.0	1.823701818684064e-08
10191.9931640625	2.1949784624546934e-08
10200.0	2.233575730032993e-08
10201.99609375	2.250468394881075e-08
10210.0	1.291769136305726e-08
10211.998046875	1.058983066359559e-08
10220.0	1.6730685477759277e-08
10222.0009765625	1.822280931574281e-08
10230.0	1.3248963720911437e-08
10232.00390625	1.2035073980938619e-08
10240.0	9.898243658610743e-09
10242.0068359375	9.37546060062531e-09
10250.0	1.8402258832096651e-09
10252.0087890625	1.0947554673094836e-12
10260.0	4.322437147104229e-09
10262.01171875	5.377059213261825e-09
10270.0	1.05722532535433e-09
10272.0146484375	1.0292348935688463e-12
10280.0	7.280258908491399e-09
10282.0166015625	9.058824575076294e-09
10290.0	1.3755824324573883e-08
10292.01953125	1.490216093155898e-08
10300.0	7.351629241177733e-09
10302.0234375	5.500102125183112e-09
10310.0	4.853898191480446e-09
10312.0263671875	4.69424576420607e-09
10320.0	4.1165483186126785e-09
10322.0283203125	3.9737924257607085e-09
10330.0	6.320653050526582e-09
10332.03125	6.89442997720513e-09
10340.0	7.356659487152724e-09
10342.0341796875	7.466054875726365e-09
10350.0	1.4703083017777577e-09
10352.0361328125	7.677736194360868e-13
10360.0	8.038437640060254e-09
10362.0390625	1.0006936219176915e-08
10370.0	9.283123942785227e-09
10372.0419921875	9.101872568463774e-09
10380.0	2.4815304473673037e-09
10382.0439453125	8.578970176526769e-10
10390.0	1.6937196511522383e-10
10392.046875	6.389241695819667e-13
10400.0	5.3475635696302135e-09
10402.0498046875	6.686938109529977e-09
10410.0	5.046296644852345e-09
10412.052734375	4.6349175565925335e-09
10420.0	2.530544701311041e-09
10422.0546875	2.001208572286535e-09
10430.0	3.907395683227959e-09
10432.0576171875	4.386279844030069e-09
10440.0	4.915870439407675e-09
10442.060546875	5.048351416528948e-09
10450.0	1.0168418733799386e-09
10452.0634765625	5.268391029436442e-13
10460.0	3.7828674976777366e-09
10462.06640625	4.736244367782085e-09
10470.0	3.274371387551518e-09
10472.0693359375	2.9046014382659154e-09
10480.0	4.614551273712444e-09
10482.072265625	5.045511337102272e-09
10490.0	5.576997849355945e-09
10492.07421875	5.70994083835181e-09
10500.0	6.467808758287752e-09
10502.0771484375	6.656119711799316e-09
10510.0	4.353309366685796e-09
10512.080078125	3.771159133107796e-09
10520.0	3.6082090441320668e-09
10522.08203125	3.5659033908362683e-09
10530.0	8.981036840389508e-10
10532.0849609375	2.229701813136755e-10
10540.0	4.53364126789898e-11
10542.087890625	3.7929994419404986e-13
10550.0	2.9332547442483454e-09
10552.0908203125	3.6732629062931536e-09
10560.0	1.9778392519100382e-09
10562.0927734375	1.5491684724098058e-09
10570.0	2.790806675439774e-09
10572.095703125	3.103334335896934e-09
10580.0	1.1947822624644064e-09
10582.0986328125	7.120587112291628e-10
10590.0	1.4830423283108684e-09
10592.1005859375	1.6767347407911208e-09
10600.0	1.2263029039685687e-09
10602.103515625	1.1195022606953053e-09
10610.0	2.2556296659701857e-09
10612.107421875	2.5517970888002133e-09
10620.0	1.8019316494157087e-09
10622.1103515625	1.6059887476027292e-09
10630.0	8.39297801850668e-10
10632.1123046875	6.389212060637435e-10
10640.0	8.331179156207733e-10
10642.115234375	8.835724972964536e-10
10650.0	1.4440909893201285e-09
10652.1181640625	1.5908513994183977e-09
10660.0	1.678121310999754e-09
10662.1201171875	1.7007451125428031e-09
10670.0	1.2867184657673055e-09
10672.123046875	1.1779594981687726e-09
10680.0	3.050103375157722e-10
10682.1259765625	7.581620157998264e-11
10690.0	1.7779550737717297e-09
10692.12890625	2.2243559537177954e-09
10700.0	9.999732996427393e-10
10702.130859375	6.784568763397107e-10
10710.0	1.015500311521427e-09
10712.1337890625	1.103988581550295e-09
10720.0	9.973734815785324e-10
10722.13671875	9.691011196017042e-10
10730.0	1.3359161506425133e-09
10732.138671875	1.4319003007031766e-09
10740.0	1.657755416523159e-09
10742.1416015625	1.717271000980803e-09
10750.0	1.4880051813094444e-09
10752.14453125	1.4271763893746472e-09
10760.0	1.4721455788298332e-09
10762.1484375	1.4836440442049944e-09
10770.0	3.1017902676543344e-10
10772.150390625	1.7267822416656612e-13
10780.0	5.835972344600308e-10
10782.1533203125	7.375609003160726e-10
10790.0	1.5243535773943993e-09
10792.15625	1.7318047528198935e-09
10800.0	1.2264736825332258e-09
10802.158203125	1.0948997909730054e-09
10810.0	7.161898434336859e-10
10812.1611328125	6.147664278742535e-10
10820.0	1.401065025544797e-09
10822.1640625	1.6110098577787026e-09
10830.0	8.131990111547965e-10
10832.1669921875	5.99682826198657e-10
10840.0	7.207314026183557e-10
10842.1689453125	7.527250280301141e-10
10850.0	3.2376168443477894e-10
10852.171875	2.0909755632151956e-10
10860.0	9.644827193773736e-10
10862.1748046875	1.166396831876303e-09
10870.0	1.6256039457679782e-09
10872.1767578125	1.7480030252133165e-09
10880.0	1.0062724043083117e-09
10882.1796875	8.071712827781207e-10
10890.0	1.7043314899805745e-10
10892.1826171875	1.1057063940022341e-13
10900.0	5.698397241173381e-10
10902.185546875	7.22140698195682e-10
10910.0	9.904110691018344e-10
10912.1884765625	1.0617933229322823e-09
10920.0	4.6145644982756695e-10
10922.19140625	3.0051410338288844e-10
10930.0	6.115152625668167e-10
10932.1943359375	6.94451037251564e-10
10940.0	2.7788817338153536e-10
10942.1962890625	1.6645331278723782e-10
10950.0	1.995893952831128e-10
10952.19921875	2.0824725606178196e-10
10960.0	2.578066719235153e-10
10962.2021484375	2.7088247228510996e-10
10970.0	4.3337286024570583e-10
10972.205078125	4.76250631967765e-10
10980.0	3.5531082866001886e-10
10982.20703125	3.228136799519691e-10
10990.0	1.9658313957465343e-10
10992.2099609375	1.6305743139529806e-10
11000.0	3.6138447442778435e-10
11002.212890625	4.1567278673964936e-10
11004.42578125	0.0
