WAVELENGTH	THROUGHPUT
1989.3538818359375	0.0
1990.0	7.845291940168023e-09
1990.6463623046875	7.618957330046795e-09
2000.0	2.2748348160611426e-09
2000.648193359375	1.8892700875220202e-09
2010.0	6.376058675104829e-10
2010.64990234375	5.496023808523685e-10
2020.0	4.861969908526094e-11
2020.6517333984375	1.3296138655883672e-11
2030.0	1.3425434252475908e-11
2030.6534423828125	1.343526239115914e-11
2040.0	7.975658718704104e-10
2040.6552734375	8.531470706450005e-10
2050.0	4.108074794277237e-10
2050.656982421875	3.7941222715709267e-10
2060.0	3.828727701663231e-11
2060.658935546875	1.3915999167418121e-11
2070.0	2.02114441538603e-09
2070.660888671875	2.1648065993161245e-09
2080.0	2.5616198749253805e-09
2080.662841796875	2.5902356923676043e-09
2090.0	5.006892668487969e-09
2090.664794921875	5.181004250744721e-09
2100.0	5.96130307188862e-09
2100.666748046875	6.0262270505185886e-09
2110.0	3.300008444658724e-09
2110.668701171875	3.0978978437114106e-09
2120.0	1.0873649645337648e-08
2120.670654296875	1.1449692897175517e-08
2130.0	7.53408389384979e-09
2130.672607421875	7.242873989482551e-09
2140.0	7.522202159338156e-09
2140.674560546875	7.542617188912978e-09
2150.0	7.605792838759783e-09
2150.676513671875	7.610084927583774e-09
2160.0	5.723045776524691e-09
2160.6787109375	5.580724523492546e-09
2170.0	9.864365616812263e-09
2170.6806640625	1.018654310876783e-08
2180.0	8.180700474939304e-09
2180.682861328125	8.028854347475699e-09
2190.0	7.91377020417297e-09
2190.684814453125	7.904625927583064e-09
2200.0	1.55088792157961e-08
2200.68701171875	1.6087573340618528e-08
2210.0	1.6004111809251636e-08
2210.68896484375	1.5997785235671485e-08
2220.0	9.322877485368291e-09
2220.691162109375	8.811428477972774e-09
2230.0	8.970251001901916e-09
2230.693115234375	8.978608589880815e-09
2240.0	1.530152538165101e-08
2240.6953125	1.578358895905222e-08
2250.0	6.4600826613136564e-09
2250.697509765625	5.745296028513455e-09
2260.0	1.723817999009775e-08
2260.69970703125	1.812178292202254e-08
2270.0	1.4577928419946167e-08
2270.701904296875	1.4303747818195958e-08
2280.0	1.3096019938448594e-08
2280.7041015625	1.3001108771193824e-08
2290.0	1.3494438065959401e-08
2290.706298828125	1.353302670199991e-08
2300.0	1.6392361078957504e-08
2300.70849609375	1.6607522188127072e-08
2310.0	1.3237819473602871e-08
2310.71044921875	1.2976015613087893e-08
2320.0	1.7559244544505906e-08
2320.712890625	1.7914374750897968e-08
2330.0	1.6056959199629337e-08
2330.715087890625	1.591275440757135e-08
2340.0	1.9463449982606766e-08
2340.71728515625	1.9741086212153492e-08
2350.0	1.2995500786681653e-08
2350.719482421875	1.2465328509194898e-08
2360.0	1.2242509237486948e-08
2360.7216796875	1.222387871871447e-08
2370.0	9.178561401731593e-09
2370.723876953125	8.938536940095737e-09
2380.0	1.787448458942854e-08
2380.72607421875	1.8582541778202346e-08
2390.0	1.878685534671368e-08
2390.728515625	1.8801516305169877e-08
2400.0	1.8737173155890597e-08
2400.730712890625	1.871549487503516e-08
2410.0	1.7723704891804868e-08
2410.73291015625	1.7645211883244222e-08
2420.0	1.5956722899419208e-08
2420.735107421875	1.582279304976029e-08
2430.0	1.4468144676262233e-08
2430.737548828125	1.4357846797398589e-08
2440.0	1.9728856716324826e-08
2440.73974609375	2.015769602873096e-08
2450.0	2.1574971757603106e-08
2450.7421875	2.1688208057100783e-08
2460.0	2.0773836246267572e-08
2460.744384765625	2.069901685819137e-08
2470.0	1.537517901054629e-08
2470.74658203125	1.4948228072568306e-08
2480.0	1.604965030837419e-08
2480.7490234375	1.6138564402504557e-08
2490.0	2.6292323637298426e-08
2490.751220703125	2.7112855422728186e-08
2500.0	1.5008458821963937e-08
2500.753662109375	1.4022891899911901e-08
2510.0	1.758360532638917e-08
2510.756103515625	1.787299401173284e-08
2520.0	1.4171689244785318e-08
2520.75830078125	1.3868908459021266e-08
2530.0	1.6362162052899017e-08
2530.760498046875	1.656701918161513e-08
2540.0	2.377888368789227e-08
2540.762939453125	2.437069556107363e-08
2550.0	1.5176198021757375e-08
2550.765380859375	1.4417988986483576e-08
2560.0	7.54727345000297e-09
2560.767578125	6.9807235687994986e-09
2570.0	1.526153812584495e-08
2570.77001953125	1.5947825678812583e-08
2580.0	1.4113187774964309e-08
2580.7724609375	1.3959591187490373e-08
2590.0	2.2989683926415417e-08
2590.77490234375	2.3744113173498328e-08
2600.0	1.6337132897964094e-08
2600.777099609375	1.5711236913398435e-08
2610.0	1.3737199733107815e-08
2610.779541015625	1.3571118984937067e-08
2620.0	2.167004225463629e-08
2620.781982421875	2.23497653949289e-08
2630.0	1.748048475719114e-08
2630.7841796875	1.7071484695616997e-08
2640.0	2.0505483350534754e-08
2640.78662109375	2.0793543340455666e-08
2650.0	1.7755449511878296e-08
2650.7890625	1.7499523856439868e-08
2660.0	1.045056137572477e-08
2660.79150390625	9.851789156010219e-09
2670.0	1.754938521219234e-08
2670.793701171875	1.8203430445584374e-08
2680.0	1.7769035361451765e-08
2680.796142578125	1.7732994416972355e-08
2690.0	1.2584651330438722e-08
2690.798583984375	1.214325789323628e-08
2700.0	4.885793033958759e-09
2700.801025390625	4.26571309078986e-09
2710.0	7.073503699449652e-09
2710.803466796875	7.3189775094654405e-09
2720.0	1.0578814857061986e-08
2720.805908203125	1.0864386236593175e-08
2730.0	1.1634904976929541e-08
2730.808349609375	1.1701769334487251e-08
2740.0	1.5445149971423827e-08
2740.810791015625	1.5776110495412075e-08
2750.0	1.7775890027708643e-08
2750.81298828125	1.795143351847013e-08
2760.0	1.3089976708881596e-08
2760.815673828125	1.2659829166497902e-08
2770.0	1.5577192057221813e-08
2770.818115234375	1.5836975779220366e-08
2780.0	1.3575196002196172e-08
2780.8203125	1.3372199824575286e-08
2790.0	1.486406762203831e-08
2790.822998046875	1.499877412086891e-08
2800.0	1.1820124019751017e-08
2800.8251953125	1.1539217904627033e-08
2810.0	1.2295356219144006e-08
2810.827880859375	1.236297127986176e-08
2820.0	1.917078894678532e-08
2820.830078125	1.9790719005873695e-08
2830.0	1.750529538234159e-08
2830.83251953125	1.7293986791001815e-08
2840.0	1.7032288196453366e-08
2840.835205078125	1.7009659116577623e-08
2850.0	1.1400825983524107e-08
2850.837646484375	1.0886311647254083e-08
2860.0	1.597118988007424e-08
2860.840087890625	1.6437852340378873e-08
2870.0	1.0257244630510855e-08
2870.842529296875	9.687932045521172e-09
2880.0	1.8284991980559352e-08
2880.844970703125	1.907965372320273e-08
2890.0	1.4394486100007219e-08
2890.847412109375	1.396070148507112e-08
2900.0	3.929013528965221e-09
2900.849853515625	2.99520967520406e-09
2910.0	1.5155745343657964e-08
2910.852294921875	1.6295872306214998e-08
2920.0	6.983941976552665e-09
2920.854736328125	6.108411571139567e-09
2930.0	1.4937948711122604e-08
2930.857421875	1.5770802853845143e-08
2940.0	1.680336424392032e-08
2940.85986328125	1.6902367214613402e-08
2950.0	5.031815006777721e-09
2950.8623046875	3.903442709478006e-09
2960.0	2.3839764757866088e-08
2960.86474609375	2.5738485064227502e-08
2970.0	2.468300490125888e-08
2970.8671875	2.458396269985939e-08
2980.0	4.774854053636211e-09
2980.86962890625	2.874400585560458e-09
2990.0	1.902419302547007e-08
2990.872314453125	2.0578653388796488e-08
3000.0	1.607684293084456e-08
3000.874755859375	1.5632038360704646e-08
3010.0	1.2821929586159404e-08
3010.877197265625	1.255281468925234e-08
3020.0	1.0583293142439005e-08
3020.879638671875	1.0393235080174078e-08
3030.0	1.4431165050561992e-08
3030.882080078125	1.4820737735351474e-08
3040.0	7.123425120316304e-09
3040.884765625	6.377170007975956e-09
3050.0	1.3787131637911974e-08
3050.88720703125	1.4507688027697681e-08
3060.0	1.8778201135285193e-08
3060.8896484375	1.9196542032059396e-08
3070.0	2.1424766131174123e-08
3070.89208984375	2.1641362811144027e-08
3080.0	8.626927021204694e-09
3080.894775390625	7.349254788389452e-09
3090.0	1.1695101882950693e-08
3090.897216796875	1.212263447068317e-08
3100.0	2.6713502097370147e-08
3100.899658203125	2.8157451294269754e-08
3110.0	2.154507795854743e-08
3110.902099609375	2.0889181115486018e-08
3120.0	1.0080673709955676e-08
3120.90478515625	9.004361517306083e-09
3130.0	1.4750982177741907e-08
3130.9072265625	1.532527621043157e-08
3140.0	1.5486997785464717e-08
3140.909912109375	1.5501933713915278e-08
3150.0	1.691757882822223e-08
3150.912353515625	1.7061006243125612e-08
3160.0	2.27839597069148e-08
3160.914794921875	2.335849412200626e-08
3170.0	1.4106951940362948e-08
3170.917236328125	1.317425413700217e-08
3180.0	3.89310110437998e-09
3180.919921875	2.952274188617272e-09
3190.0	2.1474411324788325e-08
3190.92236328125	2.3357277180254978e-08
3200.0	1.724031215286595e-08
3200.9248046875	1.661365883241248e-08
3210.0	1.4640037677435624e-08
3210.927490234375	1.4439804505285852e-08
3220.0	1.3654309070594679e-09
3220.929931640625	2.6025357895327388e-11
3230.0	1.7368320003439466e-08
3230.9326171875	1.9150551557929852e-08
3240.0	1.8129166399129462e-09
3240.93505859375	2.5974091818129943e-11
3250.0	2.6564128383342277e-08
3250.9375	2.9307210681189302e-08
3260.0	9.858916838550154e-09
3260.940185546875	7.841718123606445e-09
3270.0	1.954265449245472e-08
3270.942626953125	2.076005483695659e-08
3280.0	2.5301600738985106e-08
3280.9453125	2.5773177062843994e-08
3290.0	1.5485214261549823e-08
3290.94775390625	1.441113503132306e-08
3300.0	1.4634552910766154e-08
3300.9501953125	1.4656761373748303e-08
3310.0	2.0224931089272053e-08
3310.952880859375	2.0812129785293893e-08
3320.0	2.3459008291141537e-08
3320.955322265625	2.3736341484314518e-08
3330.0	1.1877981315387787e-08
3330.9580078125	1.062466417865457e-08
3340.0	3.222540733185207e-08
3340.96044921875	3.451563226430711e-08
3350.0	3.341520599348198e-09
3350.962890625	2.5680191845892245e-11
3360.0	8.794916505729457e-09
3360.965576171875	9.730510479637405e-09
3370.0	3.2614637515264725e-08
3370.968017578125	3.506606640938087e-08
3380.0	4.830303294890276e-08
3380.970703125	4.972062980529799e-08
3390.0	1.0679566910872152e-08
3390.97314453125	6.478495085237415e-09
3400.0	1.6234799860286973e-08
3400.975830078125	1.7278729242084053e-08
3410.0	3.786016814176447e-08
3410.978271484375	4.007989624921142e-08
3420.0	1.721850352129101e-08
3420.98095703125	1.4745724629117052e-08
3430.0	3.879270535116219e-08
3430.9833984375	4.140036483552931e-08
3440.0	2.6013125023100332e-08
3440.986083984375	2.4338067217410826e-08
3450.0	4.812431818697396e-08
3450.988525390625	5.071927150265458e-08
3460.0	2.524556855911735e-08
3460.9912109375	2.2458355590833716e-08
3470.0	1.9455832104096496e-08
3470.99365234375	1.9126871031765292e-08
3480.0	2.3488221296561914e-08
3480.996337890625	2.396933713309562e-08
3490.0	6.031935727019609e-09
3490.998779296875	4.053963470294401e-09
3500.0	5.177676686003998e-08
3501.00146484375	5.705369207690703e-08
3510.0	7.121191648280437e-09
3511.00390625	1.585077347331776e-09
3520.0	1.0453873304658352e-08
3521.006591796875	1.1440089976805385e-08
3530.0	1.0626046435731741e-08
3531.009033203125	1.0534315601471124e-08
3540.0	2.415717697286093e-08
3541.01171875	2.568115473402594e-08
3550.0	2.752525021184981e-08
3551.014404296875	2.7729447945891162e-08
3560.0	1.1662520504215542e-08
3561.016845703125	9.857628654957948e-09
3570.0	4.65004851910392e-08
3571.019287109375	5.0631697766238265e-08
3580.0	3.672093648881716e-08
3581.02197265625	3.51450680292334e-08
3590.0	1.7946725851586292e-08
3591.024658203125	1.599997429719798e-08
3600.0	1.6531293057474155e-09
3601.027099609375	2.236061734860179e-11
3610.0	2.3300754402536128e-08
3611.02978515625	2.5980460770781214e-08
3620.0	3.4347035644049725e-08
3621.0322265625	3.530953360064246e-08
3630.0	1.4817194953961604e-08
3631.034912109375	1.2446980526113737e-08
3640.0	2.4612945786944667e-08
3641.03759765625	2.602619851991787e-08
3650.0	2.5563423784009965e-08
3651.0400390625	2.5507240850151304e-08
3660.0	1.0132458549752212e-08
3661.04248046875	8.340776563112428e-09
3670.0	2.331808886810207e-08
3671.045166015625	2.506839844210647e-08
3680.0	1.4746951970160345e-08
3681.0478515625	1.3536752681123286e-08
3690.0	3.2946956017444574e-08
3691.05029296875	3.5232001770914256e-08
3700.0	2.2655517290668544e-08
3701.052978515625	2.1169619387103478e-08
3710.0	2.498614007565412e-08
3711.0556640625	2.5439678827366323e-08
3720.0	8.444661337478723e-09
3721.05810546875	6.427800590186107e-09
3730.0	1.8358092089748422e-08
3731.060791015625	1.9776221521195945e-08
3740.0	3.5773453801157253e-08
3741.063232421875	3.768341398652866e-08
3750.0	4.681602068298746e-08
3751.06591796875	4.790394180505515e-08
3760.0	3.167602340882361e-08
3761.068603515625	2.9733901468805692e-08
3770.0	4.601847954201031e-08
3771.071044921875	4.797236676731218e-08
3780.0	2.560183674913979e-08
3781.07373046875	2.2906405534069894e-08
3790.0	3.9275073331554013e-08
3791.076416015625	4.1256665549119594e-08
3800.0	3.832449222769968e-08
3801.078857421875	3.798144351467513e-08
3810.0	6.741004069075926e-09
3811.08154296875	2.9313591380169705e-09
3820.0	3.4047315048343427e-10
3821.083984375	2.373173107543428e-11
3830.0	1.4884334025361958e-08
3831.086669921875	1.6705948641395398e-08
3840.0	4.2273741865679873e-08
3841.08935546875	4.542065186839162e-08
3850.0	1.0203650385495185e-08
3851.091796875	5.859559408850516e-09
3860.0	6.660377498032478e-10
3861.094482421875	2.4320973403023215e-11
3870.0	3.7210641425702046e-08
3871.09716796875	4.1821728382439374e-08
3880.0	4.081060024208166e-08
3881.099609375	4.0680844430502426e-08
3890.0	4.527285676519149e-09
3891.102294921875	2.4754139390289423e-11
3900.0	1.1227690849789575e-08
3901.10498046875	1.2627814871522765e-08
3910.0	1.3333788486881547e-08
3911.107421875	1.342088727141335e-08
3920.0	1.519070810536724e-09
3921.110107421875	2.5186532730536068e-11
3930.0	2.5307955570643528e-11
3931.11279296875	2.532557049112481e-11
3940.0	2.3503564474179444e-09
3941.115478515625	2.643742474414934e-09
3950.0	3.196225385216784e-10
3951.117919921875	2.5617879029079652e-11
3960.0	2.5738691446334287e-11
3961.12060546875	2.5756396036806917e-11
3970.0	2.5896800916711317e-11
3971.123291015625	2.5912025127040712e-11
3980.0	5.401670322321883e-09
3981.125732421875	6.086959127709016e-09
3990.0	1.3237999048082375e-08
3991.12841796875	1.4153336353289386e-08
4000.0	2.2062316389991165e-08
4001.131103515625	2.3064690399236405e-08
4010.0	1.9082304406360724e-08
4011.133544921875	1.857256724869912e-08
4020.0	1.9783343237484483e-08
4021.13623046875	1.994063395283264e-08
4030.0	1.9802092461822963e-08
4031.138916015625	1.9783688671987742e-08
4040.0	2.2460475911939077e-08
4041.1416015625	2.2805980609130532e-08
4050.0	2.129032592824229e-08
4051.14404296875	2.109623516296498e-08
4060.0	2.2722001152191138e-08
4061.146728515625	2.2930798266702002e-08
4070.0	3.105972302714042e-08
4071.1494140625	3.211708440130249e-08
4080.0	2.252564387234838e-08
4081.15185546875	2.1277052933722285e-08
4090.0	1.9018756907247763e-08
4091.154541015625	1.8721378680273475e-08
4100.0	2.2804577424204836e-08
4101.1572265625	2.3339747362105782e-08
4110.0	2.24876546937887e-08
4111.15966796875	2.2377889589019758e-08
4120.0	2.2454504788820008e-08
4121.16259765625	2.2462322688750507e-08
4130.0	2.7456716623512375e-08
4131.1650390625	2.811631329532823e-08
4140.0	2.727588880673686e-08
4141.16748046875	2.7164598899647993e-08
4150.0	2.679752045572061e-08
4151.17041015625	2.6751445622408983e-08
4160.0	1.6627854739395033e-08
4161.1728515625	1.5277945132756114e-08
4170.0	2.3967676848286168e-08
4171.17529296875	2.512674298965038e-08
4180.0	1.619137572376768e-08
4181.17822265625	1.4997716763476676e-08
4190.0	2.9227330640440285e-08
4191.1806640625	3.1133614983641014e-08
4200.0	3.10484733352784e-08
4201.18359375	3.10369885045964e-08
4210.0	2.6054269182959963e-08
4211.18603515625	2.5382741924472223e-08
4220.0	2.236463421123431e-08
4221.1884765625	2.1959171775150777e-08
4230.0	1.8487210308571743e-08
4231.19140625	1.8013849886788637e-08
4240.0	1.8735444863462804e-08
4241.19384765625	1.8833356628454208e-08
4250.0	2.1665299929300743e-08
4251.1962890625	2.2052777100041663e-08
4260.0	2.9421207488623078e-08
4261.19921875	3.042397621176492e-08
4270.0	3.260408928830961e-08
4271.20166015625	3.290213697632772e-08
4280.0	2.675176557779968e-08
4281.20458984375	2.590855955670387e-08
4290.0	2.3749611953552677e-08
4291.20703125	2.3455332884712054e-08
4300.0	2.4024957629862552e-08
4301.20947265625	2.4100962537696018e-08
4310.0	2.9116681132986432e-08
4311.21240234375	2.980934263365049e-08
4320.0	1.9136246749475152e-08
4321.21484375	1.7658807792096644e-08
4330.0	2.5098438992417505e-08
4331.2177734375	2.6133753757099447e-08
4340.0	2.0554998483896e-08
4341.22021484375	1.9776126597379904e-08
4350.0	2.198589244438134e-08
4351.22265625	2.2293998074566458e-08
4360.0	2.946378050045681e-08
4361.2255859375	3.04661566547254e-08
4370.0	2.4313627765559818e-08
4371.22802734375	2.3453889125029207e-08
4380.0	2.0814283748558172e-08
4381.23046875	2.0441070088551332e-08
4390.0	2.8817797595479754e-08
4391.2333984375	2.999742824514111e-08
4400.0	2.5377366135308915e-08
4401.23583984375	2.4725240900203844e-08
4410.0	2.3652724699565105e-08
4411.23876953125	2.3500933680566265e-08
4420.0	2.245756820844955e-08
4421.2412109375	2.231191438527848e-08
4430.0	2.7260243398740464e-08
4431.244140625	2.7962948183518612e-08
4440.0	2.1074226491961844e-08
4441.24658203125	2.0091852189566332e-08
4450.0	2.3775661077234487e-08
4451.2490234375	2.4302146683995164e-08
4460.0	2.2962690023313833e-08
4461.251953125	2.2773167640669723e-08
4470.0	2.3337111206786353e-08
4471.25439453125	2.34156591924387e-08
4480.0	1.8173212623014836e-08
4481.25732421875	1.7418308505716465e-08
4490.0	2.5356411916172658e-08
4491.259765625	2.6502082203360475e-08
4500.0	2.18345657737243e-08
4501.26220703125	2.1156688633747247e-08
4510.0	2.2686477570179926e-08
4511.26513671875	2.2910561225141478e-08
4520.0	2.5222394820655986e-08
4521.267578125	2.555559459471144e-08
4530.0	2.4124100077199026e-08
4531.2705078125	2.3915705080177723e-08
4540.0	2.1788655416771067e-08
4541.27294921875	2.14783041325878e-08
4550.0	2.5337170809353803e-08
4551.275390625	2.5901436446367197e-08
4560.0	2.470017204865722e-08
4561.2783203125	2.4526726425705273e-08
4570.0	2.9480935205511832e-08
4571.28076171875	3.020618250835558e-08
4580.0	2.4820800642322584e-08
4581.28369140625	2.402748423799158e-08
4590.0	2.0384008132100825e-08
4591.2861328125	1.9846088880511477e-08
4600.0	2.56031537138116e-08
4601.28857421875	2.645497333519809e-08
4610.0	2.980565620609228e-08
4611.29150390625	3.030601862392697e-08
4620.0	2.6095048643797667e-08
4621.2939453125	2.5465649698329906e-08
4630.0	2.1333728119048688e-08
4631.296875	2.0717282019710023e-08
4640.0	2.103184442052989e-08
4641.29931640625	2.1078822515750936e-08
4650.0	2.075687905449557e-08
4651.3017578125	2.0708698220066694e-08
4660.0	2.226788327197648e-08
4661.3046875	2.2501838559037325e-08
4670.0	2.2814455955919808e-08
4671.30712890625	2.2864003327785458e-08
4680.0	2.2790959694832203e-08
4681.31005859375	2.2777399440466338e-08
4690.0	2.4221946593143284e-08
4691.3125	2.4440192402761404e-08
4700.0	2.481736877951671e-08
4701.3154296875	2.487449374722632e-08
4710.0	3.153778591250369e-08
4711.31787109375	3.254927961153675e-08
4720.0	2.0171739443060144e-08
4721.3203125	1.82888144225232e-08
4730.0	2.5592054476074857e-08
4731.3232421875	2.6705840865501018e-08
4740.0	1.6336334307825215e-08
4741.32568359375	1.475313557100081e-08
4750.0	2.3703590474981746e-08
4751.32861328125	2.5073307183538015e-08
4760.0	2.384725179581223e-08
4761.3310546875	2.3658986627181783e-08
4770.0	3.380489597544418e-08
4771.333984375	3.5366699764558515e-08
4780.0	2.033340933924935e-08
4781.33642578125	1.8014250484676235e-08
4790.0	2.3988224296159235e-08
4791.3388671875	2.4911756513659394e-08
4800.0	2.445958455467654e-08
4801.341796875	2.4389508445764506e-08
4810.0	2.8189735434570824e-08
4811.34423828125	2.8783238039403913e-08
4820.0	3.099112738471338e-08
4821.34716796875	3.133159885234097e-08
4830.0	2.024531529605804e-08
4831.349609375	1.8515272766396636e-08
4840.0	2.6736458145035684e-08
4841.3525390625	2.8022197610042672e-08
4850.0	2.9223258273239375e-08
4851.35498046875	2.941148658492647e-08
4860.0	3.043617064181475e-08
4861.357421875	3.05970952225431e-08
4870.0	2.1849533976925222e-08
4871.3603515625	2.0472337888901906e-08
4880.0	3.343360071458707e-08
4881.36279296875	3.547857985838234e-08
4890.0	2.80195917148067e-08
4891.36572265625	2.6842998812876245e-08
4900.0	2.7785288846881824e-08
4901.3681640625	2.7931522815126025e-08
4910.0	3.207178865894444e-08
4911.37109375	3.272958016200233e-08
4920.0	3.0627821974728776e-08
4921.37353515625	3.029319974316572e-08
4930.0	2.685311138469571e-08
4931.3759765625	2.630427877411054e-08
4940.0	2.7614619083392138e-08
4941.37890625	2.7824188785217825e-08
4950.0	2.61015485383668e-08
4951.38134765625	2.5825462887638605e-08
4960.0	2.8894567757492085e-08
4961.38427734375	2.9387618993907397e-08
4970.0	2.630717972168321e-08
4971.38671875	2.581125436110713e-08
4980.0	2.7657851505985816e-08
4981.3896484375	2.7955862444479683e-08
4990.0	3.1865393672786475e-08
4991.39208984375	3.250147795731754e-08
5000.0	2.8079464079840467e-08
5001.39501953125	2.7357783935415617e-08
5010.0	2.839763869181265e-08
5011.3974609375	2.856652280443384e-08
5020.0	2.6156356466351092e-08
5021.39990234375	2.5764156449719086e-08
5030.0	2.2581893900200774e-08
5031.40283203125	2.206211152163063e-08
5040.0	2.827208637685129e-08
5041.4052734375	2.9286920952688744e-08
5050.0	2.6517775372220467e-08
5051.408203125	2.606416555498488e-08
5060.0	2.2473074807653826e-08
5061.41064453125	2.1883615171824828e-08
5070.0	2.6889861587885067e-08
5071.41357421875	2.7713566224998798e-08
5080.0	3.45517092457151e-08
5081.416015625	3.567915474326042e-08
5090.0	2.6117934185422912e-08
5091.4189453125	2.4537821693488906e-08
5100.0	3.500793769406305e-08
5101.42138671875	3.674184182894171e-08
5110.0	3.8453005025976137e-08
5111.42431640625	3.8737029231413885e-08
5120.0	3.1011727472212096e-08
5121.4267578125	2.972673391647987e-08
5130.0	2.7381365959962794e-08
5131.42919921875	2.6993740707202548e-08
5140.0	3.062820708876749e-08
5141.43212890625	3.123210975826855e-08
5150.0	2.945985477554882e-08
5151.4345703125	2.9163190609400983e-08
5160.0	3.172883041158286e-08
5161.4375	3.2159311962091865e-08
5170.0	2.565620195814158e-08
5171.43994140625	2.456281817456921e-08
5180.0	3.390296881773896e-08
5181.44287109375	3.547695602292404e-08
5190.0	2.711140955512726e-08
5191.4453125	2.5698792765509663e-08
5200.0	3.131915347584192e-08
5201.4482421875	3.227041476355773e-08
5210.0	2.5233002927371943e-08
5211.45068359375	2.4039473877897782e-08
5220.0	3.484893778454897e-08
5221.45361328125	3.668638557076157e-08
5230.0	3.0833192528235214e-08
5231.4560546875	2.983646234220633e-08
5240.0	3.599182656346859e-08
5241.45849609375	3.704238601983502e-08
5250.0	2.6445801943818797e-08
5251.46142578125	2.463309104163233e-08
5260.0	2.988613580796694e-08
5261.4638671875	3.078656779086071e-08
5270.0	3.327258648598154e-08
5271.466796875	3.369968301864646e-08
5280.0	2.9512347455436478e-08
5281.46923828125	2.8791495496151526e-08
5290.0	3.6058879134135585e-08
5291.47216796875	3.731278078553121e-08
5300.0	3.963332164593194e-08
5301.474609375	4.003448933420888e-08
5310.0	3.820266294382277e-08
5311.4775390625	3.788523120737981e-08
5320.0	2.8508507458003624e-08
5321.47998046875	2.6880501769582224e-08
5330.0	2.6079949291265378e-08
5331.48291015625	2.5940627659869107e-08
5340.0	2.7053065082426862e-08
5341.4853515625	2.7247025780079473e-08
5350.0	3.365013975228495e-08
5351.48779296875	3.476871573814756e-08
5360.0	3.659503780426201e-08
5361.49072265625	3.6914776466923635e-08
5370.0	2.6965768292078937e-08
5371.4931640625	2.5220326045915454e-08
5380.0	2.9135266325758222e-08
5381.49609375	2.9823644072772275e-08
5390.0	3.698427279876057e-08
5391.49853515625	3.82458296174276e-08
5400.0	3.3137091532667416e-08
5401.50146484375	3.2234994123524226e-08
5410.0	3.1548492956557276e-08
5411.50390625	3.142701360895104e-08
5420.0	2.9121749671301732e-08
5421.5068359375	2.87129674091688e-08
5430.0	2.416059860876011e-08
5431.50927734375	2.3351761787197166e-08
5440.0	3.0989733013379957e-08
5441.51220703125	3.234972228277577e-08
5450.0	2.917723038853828e-08
5451.5146484375	2.8611209281794214e-08
5460.0	2.9081617912586523e-08
5461.517578125	2.9165699853424107e-08
5470.0	2.2910796534671023e-08
5471.52001953125	2.1790205820024625e-08
5480.0	3.5600947732238974e-08
5481.5224609375	3.807980485896841e-08
5490.0	3.3464086162307946e-08
5491.525390625	3.263376122882736e-08
5500.0	3.119752706619803e-08
5501.52783203125	3.093888245201837e-08
5510.0	2.9523854987488814e-08
5511.53076171875	2.9268221942725365e-08
5520.0	2.2305122701820424e-08
5521.533203125	2.104485731928118e-08
5530.0	2.3939634175093854e-08
5531.5361328125	2.4464688447998357e-08
5540.0	3.0997710359083065e-08
5541.53857421875	3.218497129219579e-08
5550.0	3.443772168523012e-08
5551.54150390625	3.484800192227601e-08
5560.0	2.903949023840081e-08
5561.5439453125	2.797949665455811e-08
5570.0	2.8604674707883492e-08
5571.546875	2.8715237102783986e-08
5580.0	2.7530038103981167e-08
5581.54931640625	2.731661750213688e-08
5590.0	3.018993744765688e-08
5591.55224609375	3.071757885267768e-08
5600.0	3.061401812440629e-08
5601.5546875	3.059494142770975e-08
5610.0	2.6625567441432138e-08
5611.5576171875	2.589365603989497e-08
5620.0	2.7693175135371986e-08
5621.56005859375	2.8025581803750534e-08
5630.0	2.6435666790626716e-08
5631.56298828125	2.6140220793775617e-08
5640.0	2.651518917775615e-08
5641.5654296875	2.6584729960385185e-08
5650.0	3.04210112532668e-08
5651.56787109375	3.1133735207578716e-08
5660.0	2.6381082383866202e-08
5661.57080078125	2.549619019108061e-08
5670.0	2.6559220492237653e-08
5671.57373046875	2.675755222064326e-08
5680.0	2.4216317934470287e-08
5681.576171875	2.374121351526515e-08
5690.0	2.2592027088418937e-08
5691.57861328125	2.2376784653104916e-08
5700.0	2.160552715573125e-08
5701.58154296875	2.1460775526472826e-08
5710.0	1.8679121032156428e-08
5711.583984375	1.8156026137559893e-08
5720.0	2.4231322541518143e-08
5721.5869140625	2.5372812802262595e-08
5730.0	2.1003177476060253e-08
5731.58935546875	2.0181553719209354e-08
5740.0	2.1383333201228715e-08
5741.59228515625	2.1610728356345974e-08
5750.0	2.89406095401494e-08
5751.5947265625	3.033011768974516e-08
5760.0	2.4407709842699827e-08
5761.59765625	2.328262851359132e-08
5770.0	2.475705838612168e-08
5771.60009765625	2.5037676406515968e-08
5780.0	2.347852775694368e-08
5781.60302734375	2.3181142421563828e-08
5790.0	1.8618029148742838e-08
5791.60546875	1.7746065402345672e-08
5800.0	2.0008041848586068e-08
5801.6083984375	2.044120343190067e-08
5810.0	2.368868863115433e-08
5811.61083984375	2.4311720267293293e-08
5820.0	2.8471617655384003e-08
5821.61376953125	2.9267378145162208e-08
5830.0	1.8534192486633773e-08
5831.6162109375	1.6471245486729716e-08
5840.0	1.8079973057075672e-08
5841.619140625	1.8390530589837658e-08
5850.0	1.8513117175981818e-08
5851.62158203125	1.853684028591398e-08
5860.0	2.1247420375379796e-08
5861.62451171875	2.177277296930008e-08
5870.0	2.2057067972237872e-08
5871.626953125	2.2112275786962686e-08
5880.0	1.9157940157141634e-08
5881.6298828125	1.8583085892515155e-08
5890.0	2.1276505572557946e-08
5891.63232421875	2.180155888980953e-08
5900.0	1.6629656700092087e-08
5901.634765625	1.5617483937428034e-08
5910.0	3.21775307715239e-08
5911.6376953125	3.542045157505233e-08
5920.0	1.3206753611477758e-08
5921.640625	8.850316558005208e-09
5930.0	2.425101000082124e-08
5931.64306640625	2.727688891755992e-08
5940.0	2.3962530106158778e-08
5941.6455078125	2.331018997609705e-08
5950.0	2.7720565004888592e-08
5951.6484375	2.8590450554858873e-08
5960.0	2.267591318328695e-08
5961.65087890625	2.150723279895719e-08
5970.0	2.5309453604311276e-08
5971.65380859375	2.6058662185040287e-08
5980.0	1.6871969535019703e-08
5981.65673828125	1.5052755349407378e-08
5990.0	2.9697750521964594e-08
5991.6591796875	3.260902858236068e-08
6000.0	1.949131274444292e-08
6001.66162109375	1.6881219186205216e-08
6010.0	2.6560139386365995e-08
6011.66455078125	2.8493089222886438e-08
6020.0	2.177206292515393e-08
6021.6669921875	2.042740600435305e-08
6030.0	3.021956085644754e-08
6031.669921875	3.217751725497774e-08
6040.0	3.392076951318146e-08
6041.67236328125	3.42754312212572e-08
6050.0	3.3666365733226546e-08
6051.67529296875	3.3543809529763914e-08
6060.0	2.6762641936223817e-08
6061.677734375	2.5395591585305706e-08
6070.0	1.8503177338671195e-08
6071.6806640625	1.7110871248001852e-08
6080.0	2.2417749500208106e-08
6081.68310546875	2.349171677462679e-08
6090.0	2.240617687681249e-08
6091.68603515625	2.2182869480841905e-08
6100.0	2.6177105001096124e-08
6101.6884765625	2.6991711336648952e-08
6110.0	1.8989933917185508e-08
6111.69140625	1.7361081775453778e-08
6120.0	1.8291029375770015e-08
6121.69384765625	1.848068029749164e-08
6130.0	2.412459770855784e-08
6131.69677734375	2.5277872358194648e-08
6140.0	2.557057043641133e-08
6141.69921875	2.5630493528331904e-08
6150.0	2.6325941842713018e-08
6151.7021484375	2.6464749501914387e-08
6160.0	2.6473657528638734e-08
6161.70458984375	2.6479319938862513e-08
6170.0	2.6123702693783657e-08
6171.70751953125	2.6050486752291172e-08
6180.0	3.0781996711266367e-08
6181.7099609375	3.175794140176658e-08
6190.0	2.3986069833193623e-08
6191.712890625	2.237975824346173e-08
6200.0	2.1739073745503727e-08
6201.71533203125	2.160325743328351e-08
6210.0	3.1589054774209227e-08
6211.71826171875	3.3663891677571795e-08
6220.0	4.200226677099507e-08
6221.720703125	4.373523256238332e-08
6230.0	3.829475854787279e-08
6231.7236328125	3.716222744496266e-08
6240.0	2.781850909325833e-08
6241.72607421875	2.5865318100328908e-08
6250.0	3.061372306338819e-08
6251.72900390625	3.1610128933768464e-08
6260.0	2.2462525736221614e-08
6261.7314453125	2.054689393246232e-08
6270.0	2.9300411003591502e-08
6271.734375	3.113711387821796e-08
6280.0	2.8941682622868295e-08
6281.73681640625	2.8480204082528544e-08
6290.0	2.8286297216380533e-08
6291.73974609375	2.8241248231066582e-08
6300.0	3.153688445746787e-08
6301.7421875	3.223638138892276e-08
6310.0	3.131183105832683e-08
6311.7451171875	3.111634738273283e-08
6320.0	2.403859256026401e-08
6321.74755859375	2.2539744650841995e-08
6330.0	2.8534856871238824e-08
6331.75048828125	2.980244882983193e-08
6340.0	2.7175394190055665e-08
6341.7529296875	2.6621449077080503e-08
6350.0	3.455014568545561e-08
6351.755859375	3.623869361873382e-08
6360.0	2.6130285447898348e-08
6361.75830078125	2.3973705390122066e-08
6370.0	3.141554310008487e-08
6371.76123046875	3.300130090282181e-08
6380.0	3.478791926046501e-08
6381.763671875	3.5175423575287905e-08
6390.0	3.0462491246180325e-08
6391.7666015625	2.9451305230408425e-08
6400.0	2.8520660329384622e-08
6401.76904296875	2.8320621005122333e-08
6410.0	3.03507057304771e-08
6411.77197265625	3.078314859962246e-08
6420.0	3.328886699233604e-08
6421.7744140625	3.38340105657409e-08
6430.0	3.012609519510822e-08
6431.77734375	2.932375188345446e-08
6440.0	2.9322504052616685e-08
6441.77978515625	2.932219884113067e-08
6450.0	3.5840542187115933e-08
6451.78271484375	3.724851511996585e-08
6460.0	3.096512679087751e-08
6461.78515625	2.9605672210679304e-08
6470.0	3.041227681265811e-08
6471.7880859375	3.05877997688359e-08
6480.0	2.2438340250051062e-08
6481.79052734375	2.0661335408373453e-08
6490.0	3.261591410326433e-08
6491.79345703125	3.5222115346178054e-08
6500.0	2.6651632685316694e-08
6501.7958984375	2.477426210731686e-08
6510.0	2.822924658232534e-08
6511.798828125	2.8985486421661515e-08
6520.0	2.7725340595927685e-08
6521.80126953125	2.7444713984467844e-08
6530.0	3.25071684237977e-08
6531.80419921875	3.362356707369801e-08
6540.0	2.8191276584382545e-08
6541.806640625	2.6995743780140016e-08
6550.0	2.771373194788502e-08
6551.8095703125	2.787200989880461e-08
6560.0	2.5339905239436104e-08
6561.81201171875	2.4776746892301736e-08
6570.0	3.220488376680796e-08
6571.81494140625	3.3852431502283437e-08
6580.0	3.1478588591959875e-08
6581.8173828125	3.095233034031202e-08
6590.0	2.7444029608752954e-08
6591.8203125	2.6660670924522738e-08
6600.0	3.119414679329756e-08
6601.82275390625	3.220676706180896e-08
6610.0	2.819672645895234e-08
6611.82568359375	2.730292704884355e-08
6620.0	2.5968204666358315e-08
6621.828125	2.5670199319002784e-08
6630.0	2.343927632040489e-08
6631.8310546875	2.293498938654774e-08
6640.0	3.094143087786574e-08
6641.83349609375	3.273820435901587e-08
6650.0	3.362405804899653e-08
6651.83642578125	3.382277385381235e-08
6660.0	3.5361855940863875e-08
6661.8388671875	3.570207832067485e-08
6670.0	3.5525358778739537e-08
6671.841796875	3.549115964410413e-08
6680.0	2.9709256687616526e-08
6681.84423828125	2.8404974258107155e-08
6690.0	3.143490614614854e-08
6691.84716796875	3.211453242038548e-08
6700.0	2.932836782811563e-08
6701.849609375	2.8702712180721206e-08
6710.0	2.8700729027580038e-08
6711.8525390625	2.870025514260536e-08
6720.0	3.518167225176405e-08
6721.85498046875	3.664823715114539e-08
6730.0	3.4600779788337434e-08
6731.85791015625	3.4140565285454886e-08
6740.0	3.543512373386741e-08
6741.8603515625	3.573023007913188e-08
6750.0	3.280609804736457e-08
6751.86328125	3.213297362811397e-08
6760.0	2.688786943031908e-08
6761.86572265625	2.5692946010979036e-08
6770.0	3.228921254673957e-08
6771.86865234375	3.380119934161346e-08
6780.0	3.1969657911124874e-08
6781.87109375	3.1543990351813055e-08
6790.0	2.6207151289063386e-08
6791.8740234375	2.4984567747086027e-08
6800.0	3.736087493262399e-08
6801.87646484375	4.021254936496594e-08
6810.0	3.8303969685798806e-08
6811.87939453125	3.785721393806566e-08
6820.0	3.18748715796697e-08
6821.88232421875	3.049736199348584e-08
6830.0	3.257661051848576e-08
6831.884765625	3.3059733557918444e-08
6840.0	2.862072321220879e-08
6841.8876953125	2.7585672144475072e-08
6850.0	3.180475832017344e-08
6851.89013671875	3.2790341627871845e-08
6860.0	3.148451777873154e-08
6861.892578125	3.11752384463821e-08
6870.0	3.188869328077024e-08
6871.8955078125	3.2060251172657477e-08
6880.0	2.363685226837392e-08
6881.8984375	2.166758894710221e-08
6890.0	2.5135871566947917e-08
6891.90087890625	2.5943747838264647e-08
6900.0	2.9697196188885923e-08
6901.90380859375	3.058202456317429e-08
6910.0	2.9145663745484053e-08
6911.90625	2.880815322689334e-08
6920.0	2.7865352782552112e-08
6921.9091796875	2.763883616351547e-08
6930.0	2.974145579218666e-08
6931.91162109375	3.024181430863715e-08
6940.0	2.9078717758022792e-08
6941.91455078125	2.879913315946168e-08
6950.0	1.8537014468955563e-08
6951.9169921875	1.6113540124806467e-08
6960.0	2.1067133230286886e-08
6961.919921875	2.224142033298775e-08
6970.0	1.7883986101662316e-08
6971.92236328125	1.6846537726036663e-08
6980.0	2.2681096241935864e-08
6981.92529296875	2.4071823661263407e-08
6990.0	2.6181542497979986e-08
6991.927734375	2.6684206253702384e-08
7000.0	3.136286180184948e-08
7001.9306640625	3.2467459484085384e-08
7010.0	2.7034114027557356e-08
7011.93310546875	2.5741869939114453e-08
7020.0	2.4324870005012294e-08
7021.93603515625	2.3981793895361245e-08
7030.0	2.5963219739914358e-08
7031.9384765625	2.644028348750676e-08
7040.0	2.4503399401223972e-08
7041.94140625	2.4038513533031482e-08
7050.0	2.338002140570832e-08
7051.94384765625	2.3217755143872213e-08
7060.0	3.152316232918219e-08
7061.94677734375	3.352722208887614e-08
7070.0	4.3045645567857336e-08
7071.94921875	4.533390640785538e-08
7080.0	3.892742301639545e-08
7081.9521484375	3.738692097724618e-08
7090.0	3.9846386761031266e-08
7091.95458984375	4.04347571141015e-08
7100.0	4.2905378329718415e-08
7101.95751953125	4.351129334768812e-08
7110.0	5.689430621956148e-08
7111.9599609375	6.014457067288853e-08
7120.0	5.676356521563539e-08
7121.962890625	5.593126715717133e-08
7130.0	6.631273226628974e-08
7131.96533203125	6.885215402204958e-08
7140.0	7.438445073302081e-08
7141.96826171875	7.572196174896368e-08
7150.0	7.968790754806436e-08
7151.970703125	8.0670627974737e-08
7160.0	7.917268274867037e-08
7161.9736328125	7.879207841994119e-08
7170.0	8.314230170157906e-08
7171.97607421875	8.42230931144148e-08
7180.0	8.418268041727626e-08
7181.97900390625	8.417263408074312e-08
7190.0	9.250724763112215e-08
7191.98193359375	9.45430746472415e-08
7200.0	9.20574135989316e-08
7201.984375	9.146066207621059e-08
7210.0	9.19330796052604e-08
7211.9873046875	9.203367674000413e-08
7220.0	8.71986106176236e-08
7221.98974609375	8.601798219936585e-08
7230.0	8.155451100411689e-08
7231.99267578125	8.04274580147084e-08
7240.0	8.083151603522972e-08
7241.9951171875	8.094571918073717e-08
7250.0	6.880069304023346e-08
7251.998046875	6.576925602144136e-08
7260.0	7.732079673014663e-08
7262.00048828125	8.020899737143406e-08
7270.0	7.85565638935375e-08
7272.00341796875	7.814423271038932e-08
7280.0	8.737013289032289e-08
7282.005859375	8.96594469852374e-08
7290.0	9.174944947819761e-08
7292.0087890625	9.22882227491213e-08
7300.0	1.0767416691437847e-07
7302.01123046875	1.1151170847221871e-07
7310.0	1.3189705267869164e-07
7312.01416015625	1.3703646013225748e-07
7320.0	1.607566080326941e-07
7322.0166015625	1.666935636180373e-07
7330.0	1.8527567958538614e-07
7332.01953125	1.8998747266246932e-07
7340.0	1.9895506280129553e-07
7342.02197265625	2.0118224339058988e-07
7350.0	2.1280579124098658e-07
7352.02490234375	2.157798940106245e-07
7360.0	2.0395005517326243e-07
7362.02734375	2.0091821725712386e-07
7370.0	1.9797967824939895e-07
7372.0302734375	1.97269748538318e-07
7380.0	1.7630077749869726e-07
7382.03271484375	1.709423874623471e-07
7390.0	1.581171578695239e-07
7392.03564453125	1.548833737871755e-07
7400.0	1.3540556081798036e-07
7402.0380859375	1.304168464874868e-07
7410.0	1.251860319447931e-07
7412.041015625	1.2387357305082923e-07
7420.0	1.2011357861995217e-07
7422.04345703125	1.1913024587752457e-07
7430.0	1.1018056401929917e-07
7432.04638671875	1.079204814590881e-07
7440.0	1.1608329412709539e-07
7442.04931640625	1.1815788478399569e-07
7450.0	1.1873843333176464e-07
7452.0517578125	1.1890896935414634e-07
7460.0	1.2357094763427424e-07
7462.0546875	1.247490856070914e-07
7470.0	1.3857344921563092e-07
7472.05712890625	1.4216300943301503e-07
7480.0	1.535137152497627e-07
7482.06005859375	1.5641914211432767e-07
7490.0	1.6581620449937567e-07
7492.0625	1.6827786286285316e-07
7500.0	1.8101667278614638e-07
7502.0654296875	1.8427368493474667e-07
7510.0	1.8317732019778836e-07
7512.06787109375	1.829265627612937e-07
7520.0	1.978345777175566e-07
7522.07080078125	2.016751977377606e-07
7530.0	2.0617570625192832e-07
7532.0732421875	2.0738488025454517e-07
7540.0	2.0695534256315625e-07
7542.076171875	2.0680477253783995e-07
7550.0	2.2354640062209692e-07
7552.07861328125	2.279595221659957e-07
7560.0	2.3790045129696197e-07
7562.08154296875	2.4045787282656824e-07
7570.0	2.3686124669783025e-07
7572.083984375	2.3596217602309127e-07
7580.0	2.3347643261390057e-07
7582.0869140625	2.3277975918769458e-07
7590.0	2.2312805312341e-07
7592.08984375	2.2063120022124953e-07
7600.0	1.9662429599974625e-07
7602.09228515625	1.9026206694158794e-07
7610.0	1.6541462844931228e-07
7612.09521484375	1.5886101720976688e-07
7620.0	1.5983430106152565e-07
7622.09765625	1.6012087008713522e-07
7630.0	1.3955341788338968e-07
7632.1005859375	1.340498786685347e-07
7640.0	1.3395072141467353e-07
7642.10302734375	1.339490035453213e-07
7650.0	1.3578434057663272e-07
7652.10595703125	1.3624533206924857e-07
7660.0	1.4644294814189412e-07
7662.1083984375	1.4917833616692925e-07
7670.0	1.9264681450586158e-07
7672.111328125	2.0418025430180312e-07
7680.0	2.3730308856605385e-07
7682.11376953125	2.461724239601576e-07
7690.0	2.8039983372956634e-07
7692.11669921875	2.894856462105575e-07
7700.0	2.974074467351291e-07
7702.119140625	2.995231683491909e-07
7710.0	3.221756886495034e-07
7712.1220703125	3.2830077538467075e-07
7720.0	3.3373591633412e-07
7722.12451171875	3.351293589963012e-07
7730.0	3.916810382575531e-07
7732.12744140625	4.069442344554889e-07
7740.0	4.57574936899391e-07
7742.1298828125	4.7111318468233056e-07
7750.0	5.177003652957332e-07
7752.1328125	5.303507375019401e-07
7760.0	5.224381076494722e-07
7762.13525390625	5.201994716076051e-07
7770.0	4.7441059983608317e-07
7772.13818359375	4.6203293575541894e-07
7780.0	3.6876660997411194e-07
7782.140625	3.4358594467503166e-07
7790.0	2.509899578870825e-07
7792.1435546875	2.2581734190018798e-07
7800.0	1.5543890066956422e-07
7802.14599609375	1.363541647261697e-07
7810.0	9.217510887825195e-08
7812.14892578125	8.013215473349489e-08
7820.0	6.257253915960166e-08
7822.1513671875	5.7800281043692515e-08
7830.0	4.034217835151881e-08
7832.154296875	3.5574628355083576e-08
7840.0	3.4495187134798156e-08
7842.1572265625	3.419974410478012e-08
7850.0	3.3394426135097055e-08
7852.15966796875	3.31801264810242e-08
7860.0	2.667505842891283e-08
7862.16259765625	2.4883231052498744e-08
7870.0	2.9758703139572938e-08
7872.1650390625	3.110472176489222e-08
7880.0	2.738648122824152e-08
7882.16796875	2.6356645473738885e-08
7890.0	2.3081855766713172e-08
7892.17041015625	2.2178843037559627e-08
7900.0	2.1457331147441805e-08
7902.17333984375	2.1262170695470013e-08
7910.0	2.3502693936626385e-08
7912.17578125	2.4118132846664822e-08
7920.0	3.1080337347049564e-08
7922.1787109375	3.3015562924499876e-08
7930.0	2.1449756012097254e-08
7932.18115234375	1.8234199863152898e-08
7940.0	2.813479018045386e-08
7942.18408203125	3.088621040852581e-08
7950.0	2.8097760187479547e-08
7952.1865234375	2.7327009266775637e-08
7960.0	3.022339494206281e-08
7962.189453125	3.102533611969704e-08
7970.0	2.7382902978529726e-08
7972.19189453125	2.6365912451279677e-08
7980.0	2.402342708102006e-08
7982.19482421875	2.3373328134302446e-08
7990.0	1.7596266887004706e-08
7992.19775390625	1.597364757063644e-08
8000.0	2.397175164846353e-08
8002.2001953125	2.6216059083909307e-08
8010.0	2.511066108899222e-08
8012.203125	2.4795555506622767e-08
8020.0	2.6582246374146042e-08
8022.20556640625	2.7085024096787188e-08
8030.0	2.5033539354305898e-08
8032.20849609375	2.4461088420846667e-08
8040.0	2.6434086437456027e-08
8042.2109375	2.6985886727904914e-08
8050.0	2.727599709044991e-08
8052.2138671875	2.7357865350012492e-08
8060.0	3.244196962377583e-08
8062.21630859375	3.3887795177514154e-08
8070.0	2.869739491148879e-08
8072.21923828125	2.7218801607694047e-08
8080.0	1.60743439065606e-08
8082.2216796875	1.2909918667462952e-08
8090.0	2.0674416629324305e-08
8092.224609375	2.2887149575329037e-08
8100.0	2.2291397123902992e-08
8102.2275390625	2.211692021650215e-08
8110.0	2.1619963087652332e-08
8112.22998046875	2.147805405869597e-08
8120.0	1.5251849590700807e-08
8122.23291015625	1.3475416854811506e-08
8130.0	1.5539620231491405e-08
8132.2353515625	1.6127473369130117e-08
8140.0	1.1670935297421074e-08
8142.23828125	1.0393530866070364e-08
8150.0	1.8154386456536795e-08
8152.24072265625	2.0386112693409302e-08
8160.0	1.3337269506772902e-08
8162.24365234375	1.130650524057122e-08
8170.0	1.0283666932475243e-08
8172.24609375	9.989114955756931e-09
8180.0	2.0136130802362254e-08
8182.2490234375	2.3066880591509827e-08
8190.0	1.9807316331755715e-08
8192.251953125	1.886091630647552e-08
8200.0	2.1848704572959202e-08
8202.25390625	2.27133577531528e-08
8210.0	2.2678077551770753e-08
8212.2568359375	2.2672445947985896e-08
8220.0	2.620376435751859e-08
8222.259765625	2.722356745511047e-08
8230.0	3.051240035886167e-08
8232.2626953125	3.147226804074385e-08
8240.0	2.88365889173174e-08
8242.2646484375	2.807487955985785e-08
8250.0	1.4286686918090743e-08
8252.267578125	1.0259915384869287e-08
8260.0	1.795001266491004e-08
8262.2705078125	2.0196140624043463e-08
8270.0	1.1648641365697083e-08
8272.2734375	9.149714617486783e-09
8280.0	1.6737481533357477e-08
8282.2763671875	1.8959113901443678e-08
8290.0	1.6968051489521718e-08
8292.2783203125	1.638374035280559e-08
8300.0	1.737408284700891e-08
8302.28125	1.7665003975913954e-08
8310.0	1.3640981150864028e-08
8312.2841796875	1.245911238048407e-08
8320.0	1.3968628182292452e-08
8322.287109375	1.4410942891665006e-08
8330.0	2.6178799498480194e-08
8332.2890625	2.9652258245637966e-08
8340.0	2.149654281422017e-08
8342.2919921875	1.908945021073831e-08
8350.0	1.831962740778076e-08
8352.294921875	1.8087515542555255e-08
8360.0	1.3202423865382072e-08
8362.2978515625	1.1753471454038842e-08
8370.0	2.3138920455456482e-08
8372.2998046875	2.65196373963569e-08
8380.0	2.24674659350276e-08
8382.302734375	2.126680953401522e-08
8390.0	1.4672110577936732e-08
8392.3056640625	1.2703055416935353e-08
8400.0	1.5469487163086848e-08
8402.30859375	1.6297475482707175e-08
8410.0	1.2952248663070335e-08
8412.310546875	1.195474868486964e-08
8420.0	1.3691591707100555e-08
8422.3134765625	1.4208921018225917e-08
8430.0	2.012099632056661e-08
8432.31640625	2.1898391396536626e-08
8440.0	1.5621514119596536e-08
8442.3193359375	1.3734420501551553e-08
8450.0	2.0912975805779427e-08
8452.322265625	2.3079472892184594e-08
8460.0	1.587921855111842e-08
8462.32421875	1.3703423645032192e-08
8470.0	1.0679402791521061e-08
8472.3271484375	9.766328333258934e-09
8480.0	1.9748814135276714e-08
8482.330078125	2.276759853954339e-08
8490.0	1.5277923504567936e-08
8492.3330078125	1.3012127353571858e-08
8500.0	1.8261675365070483e-06
8502.3349609375	2.3753541199497495e-06
8510.0	2.0675295106925903e-06
8512.337890625	1.9741453833818304e-06
8520.0	3.847344364211015e-06
8522.3408203125	4.416465244642796e-06
8530.0	4.020652304371754e-06
8532.34375	3.901026629344457e-06
8540.0	3.66429066205798e-06
8542.3466796875	3.591243612199865e-06
8550.0	4.386349656105348e-06
8552.3486328125	4.628947957713288e-06
8560.0	5.703864408080501e-06
8562.3515625	6.03231079072958e-06
8570.0	6.612134642271367e-06
8572.3544921875	6.791064143745548e-06
8580.0	7.487506384775044e-06
8582.357421875	7.699440689229568e-06
8590.0	8.205808785302869e-06
8592.359375	8.361144980340604e-06
8600.0	9.809076166975622e-06
8602.3623046875	1.0254039242622619e-05
8610.0	8.308023411472039e-05
8620.0	0.00017760387218793974
8630.0	0.00027091452136330954
8640.0	0.00036381922707849536
8650.0	0.0004559483357181413
8660.0	0.0005472894474408737
8670.0	0.0006384402193116291
8680.0	0.0007282597005070995
8690.0	0.0008172570843207379
8700.0	0.0009054207766352681
8710.0	0.0009927376997906018
8720.0	0.0010802307414189269
8730.0	0.0011659063830652813
8740.0	0.0012507008967550216
8750.0	0.0013346028920335376
8760.0	0.0014176001532938227
8770.0	0.001501117723190952
8780.0	0.0015823496059429259
8790.0	0.0016626403168011569
8800.0	0.0017419778871532018
8810.0	0.0018179819245535268
8818.4208984375	0.0018825991844516796
8820.0	0.002244490851973177
8820.421875	0.002340971517429014
8822.421875	0.004102654217549397
8824.4228515625	0.004729635011327355
8826.4228515625	0.004366386107673741
8828.423828125	0.0055574123185904165
8830.0	0.006805347922396031
8830.423828125	0.007140966298243504
8832.4248046875	0.010158592805939195
8834.4248046875	0.010369766058072404
8836.42578125	0.015158725429302992
8838.4267578125	0.018949894191264697
8840.0	0.023164421200347743
8840.4267578125	0.024306500933885918
8842.427734375	0.031106581421851135
8844.427734375	0.03812917942300509
8846.4287109375	0.046520731093322804
8848.4287109375	0.05437365391426306
8850.0	0.06098920810875061
8850.4296875	0.06279644437270569
8852.4296875	0.06926237067484219
8854.4306640625	0.07719531182696286
8856.4306640625	0.08074035179825793
8858.431640625	0.08570612524186477
8860.0	0.08799009702608605
8860.4326171875	0.0886194192920408
8862.4326171875	0.09049340049219641
8864.43359375	0.09135974751686274
8866.43359375	0.09146073734296642
8868.4345703125	0.09317293142021509
8870.0	0.0921216333270056
8870.4345703125	0.0918339041136985
8872.435546875	0.0928649485985134
8874.435546875	0.09302174398841308
8876.4365234375	0.09294806863156985
8878.4375	0.09362194732378988
8880.0	0.09323356707869908
8880.4375	0.0931209408059147
8882.4384765625	0.09310788164964617
8884.4384765625	0.09415474995154804
8886.439453125	0.0940210179420553
8888.439453125	0.09450638284551675
8890.0	0.09344757197040768
8890.4404296875	0.09314902239219339
8892.4404296875	0.09418863209927464
8894.44140625	0.09369260887186473
8896.4423828125	0.09366280286491531
8898.4423828125	0.09396799330273801
8900.0	0.0941186228019026
8900.443359375	0.09416140423693363
8902.443359375	0.09345724330093687
8904.4443359375	0.09309233964930577
8906.4443359375	0.0937000531148997
8908.4453125	0.09380771939849478
8910.0	0.09402963672384043
8910.4453125	0.09409308074188183
8912.4462890625	0.09318416597662647
8914.447265625	0.09280123723458958
8916.447265625	0.0926893583968757
8918.4482421875	0.09323102184957054
8920.0	0.09183653723381512
8920.4482421875	0.0914341322858873
8922.44921875	0.0924295255609671
8924.44921875	0.0901629169560834
8926.4501953125	0.08856902888842559
8928.4501953125	0.08527434476048992
8930.0	0.08197397499800302
8930.451171875	0.08101424405856214
8932.4521484375	0.07641544357992838
8934.4521484375	0.07033080171619394
8936.453125	0.06301985163089797
8938.453125	0.05509122115716012
8940.0	0.04893406021865216
8940.4541015625	0.04713071843167866
8942.4541015625	0.03979479291776135
8944.455078125	0.031618455809765966
8946.455078125	0.02639945751677771
8948.4560546875	0.019801687304128797
8950.0	0.017303401121945054
8950.45703125	0.016563857761685855
8952.45703125	0.011531819757169774
8954.4580078125	0.010314533879145008
8956.4580078125	0.008057379420427726
8958.458984375	0.00607047876453532
8960.0	0.0056616217564901756
8960.458984375	0.005539989733765147
8962.4599609375	0.004521239334321239
8964.4599609375	0.00372535164855039
8966.4609375	0.004087736582443009
8968.4609375	0.002182506600005175
8970.0	0.0020802217097685705
8970.4619140625	0.002049560307499132
8972.462890625	0.0017930339769514532
8974.462890625	0.001674921527666907
8976.4638671875	0.001686294639168053
8978.4638671875	0.0014771812568917476
8980.0	0.001232989165680312
8980.46484375	0.0011591862657768003
8982.46484375	0.0015271574521588567
8984.4658203125	0.0017291340155505873
8986.4658203125	0.0014176663161117517
8988.466796875	0.0006055184047669976
8990.0	0.001083536072938827
8990.4677734375	0.0012291938496044167
9000.0	0.0011581193107923571
9010.0	0.0010829660180545445
9020.0	0.001009804380027198
9030.0	0.0009365875262622496
9040.0	0.0008649201584619516
9050.0	0.0007941769461885602
9060.0	0.0007243609937552612
9070.0	0.0006554797975706929
9080.0	0.0005875395248389322
9090.0	0.0005210576622656656
9100.0	0.0004549522530869367
9110.0	0.0003898064358590192
9120.0	0.000325629112089464
9130.0	0.00026242592402335484
9140.0	0.00020020494511434266
9150.0	0.00013897364116939676
9160.0	7.873962022765421e-05
9170.0	1.951091766225678e-05
9172.5166015625	4.764710443120765e-06
9180.0	3.464223524607369e-06
9182.51953125	3.030863859574992e-06
9190.0	2.369691072946032e-06
9192.5224609375	2.1479003300090674e-06
9200.0	1.7249516761682623e-06
9202.5244140625	1.583142851174875e-06
9210.0	1.4116904632808907e-06
9212.52734375	1.3542513015220261e-06
9220.0	1.1654855598382015e-06
9222.5302734375	1.102166614661393e-06
9230.0	8.982984923457211e-07
9232.533203125	8.299176064870486e-07
9240.0	7.059719490529577e-07
9242.53515625	6.642779071445669e-07
9250.0	5.376911823834723e-07
9252.5380859375	4.950596744488441e-07
9260.0	4.135906627671253e-07
9262.541015625	3.8611295946916344e-07
9270.0	4.3435995752377477e-07
9272.5439453125	4.5063311167840787e-07
9280.0	1.374308632396118e-07
9282.546875	3.154790432295473e-08
9290.0	6.222890971688998e-08
9292.548828125	7.260879835112955e-08
9300.0	1.49244544813767e-07
9302.5517578125	1.7524871224863265e-07
9310.0	1.6170251685257775e-07
9312.5546875	1.5705625004734203e-07
9320.0	9.303127852720136e-08
9322.5576171875	7.127641184723718e-08
9330.0	2.1016421710124648e-07
9332.5595703125	2.5738604653669146e-07
9340.0	1.4579922158756524e-07
9342.5625	1.0780088811349313e-07
9350.0	1.5562624188341372e-07
9352.5654296875	1.7192459720884637e-07
9360.0	4.3761634898906245e-08
9362.568359375	7.111948777090988e-12
9370.0	2.6715579651019402e-08
9372.5703125	3.5840764333719805e-08
9380.0	5.3966289743055634e-08
9382.5732421875	6.016464935552423e-08
9390.0	1.0367988147586438e-07
9392.576171875	1.1858128560705643e-07
9400.0	7.237499943078737e-08
9402.5791015625	5.6507118125279285e-08
9410.0	1.0232073695176803e-07
9412.58203125	1.1803298921846211e-07
9420.0	3.0177659371238825e-08
9422.583984375	6.576335689594633e-12
9430.0	1.2706130667226684e-08
9432.5869140625	1.7074254683678623e-08
9440.0	1.8854618876567166e-08
9442.58984375	1.9466733441976725e-08
9450.0	7.893873871228005e-09
9452.5927734375	3.90207671271405e-09
9460.0	4.4572150464634595e-08
9462.5947265625	5.860791699162019e-08
9470.0	1.0535116946677305e-07
9472.59765625	1.2149688388956252e-07
9480.0	5.6086742936529656e-08
9482.6005859375	3.3451732143801665e-08
9490.0	1.461497887812176e-08
9492.603515625	8.088755136307063e-09
9500.0	3.275241100029599e-08
9502.6064453125	4.137121181831714e-08
9510.0	3.852356216798198e-08
9512.6083984375	3.752754683477171e-08
9520.0	1.659960339723866e-08
9522.611328125	9.279401472440538e-09
9530.0	5.6890405817244104e-08
9532.6142578125	7.356337097435627e-08
9540.0	4.232003970526468e-08
9542.6171875	3.136123162790981e-08
9550.0	2.5326767110639223e-08
9552.619140625	2.320742644293456e-08
9560.0	3.098081917810175e-08
9562.6220703125	3.371184643269338e-08
9570.0	8.7804360969625e-09
9572.625	5.436511479006519e-12
9580.0	1.6916186991516797e-08
9582.6279296875	2.28752477638149e-08
9590.0	2.6862334912896836e-08
9592.630859375	2.8268230369065552e-08
9600.0	2.296687160021143e-08
9602.6328125	2.109700687347336e-08
9610.0	1.322773095224465e-08
9612.6357421875	1.0436667117513008e-08
9620.0	2.8758603960607792e-08
9622.638671875	3.5245735921817594e-08
9630.0	9.227544998988486e-09
9632.6416015625	5.068156903381731e-12
9640.0	3.2331720507052515e-08
9642.6435546875	4.379846851979501e-08
9650.0	1.1483152368008245e-08
9652.646484375	4.941155515478945e-12
9660.0	5.924753885211433e-08
9662.6494140625	8.031304539068806e-08
9670.0	4.9537853150841605e-08
9672.65234375	3.857647211492306e-08
9680.0	3.4246702265633046e-08
9682.6552734375	3.2701022706651474e-08
9690.0	4.2954631409492045e-08
9692.6572265625	4.6611245595749276e-08
9700.0	2.8109327377636986e-08
9702.66015625	2.149762504768655e-08
9710.0	5.667452981162172e-09
9712.6630859375	4.553928892941083e-12
9720.0	1.5960894864929499e-09
9722.666015625	2.1659920948656615e-09
9730.0	2.0736704083752845e-08
9732.66796875	2.73921344187182e-08
9740.0	2.1613919700077626e-08
9742.6708984375	1.953892312428572e-08
9750.0	3.092283319702051e-08
9752.673828125	3.501061748968193e-08
9760.0	9.265633118297181e-09
9762.6767578125	4.224174373852548e-12
9770.0	4.175364201354272e-12
9772.6796875	4.157462727502383e-12
9780.0	1.9267516517382784e-08
9782.681640625	2.6209042189269714e-08
9790.0	1.1434407004149504e-08
9792.6845703125	6.102776865407827e-09
9800.0	8.788473868583945e-09
9802.6875	9.75630928279336e-09
9810.0	1.9507530732548792e-08
9812.6904296875	2.3029967076409493e-08
9820.0	6.120432139940602e-09
9822.6923828125	3.815178009632752e-12
9830.0	6.414929674610968e-08
9832.6953125	8.737554052810673e-08
9840.0	3.811463680134706e-08
9842.6982421875	2.0249663973953904e-08
9850.0	1.9005539670455235e-08
9852.701171875	1.855191867420544e-08
9860.0	1.1196053365114594e-08
9862.703125	8.522979021931703e-09
9870.0	9.064129399124513e-09
9872.7060546875	9.259808782419381e-09
9880.0	1.2742684953032704e-08
9882.708984375	1.4008635559657758e-08
9890.0	4.294268766260622e-08
9892.7119140625	5.34775417920163e-08
9900.0	1.4293416124345723e-08
9902.71484375	3.2570680884147746e-12
9910.0	5.780079389371245e-09
9912.716796875	7.8870137678118e-09
9920.0	2.112128003678798e-09
9922.7197265625	3.113640033071987e-12
9930.0	3.062177878672082e-12
9932.72265625	3.0428987247967256e-12
9940.0	6.55167110812745e-10
9942.7255859375	8.936087841804885e-10
9950.0	1.3400170681622918e-09
9952.7275390625	1.503164664307817e-09
9960.0	7.601635431845528e-09
9962.73046875	9.833691872022846e-09
9970.0	2.3425367288247778e-08
9972.7333984375	2.8402437478660405e-08
9980.0	7.62498125858017e-09
9982.736328125	2.686455039400189e-12
9990.0	7.686630100142554e-09
9992.7392578125	1.050529052678191e-08
10000.0	2.8235057671069353e-09
10002.7412109375	2.5455257083941742e-12
10010.0	8.863637271312133e-09
10012.744140625	1.2130968812975798e-08
10020.0	3.273311297398678e-09
10022.7470703125	2.4222986642319836e-12
10030.0	2.412019455473514e-08
10032.75	3.301764856521382e-08
10040.0	8.907263249094645e-09
10042.751953125	2.2965246733640773e-12
10050.0	4.04164662011782e-09
10052.7548828125	5.5349458389444545e-09
10060.0	2.5231197613217457e-09
10062.7578125	1.4077364164828255e-09
10070.0	1.0197082054100663e-08
10072.759765625	1.3449180523228234e-08
10080.0	3.637597231943278e-09
10082.7626953125	2.0501605764012897e-12
10090.0	2.0056063613924866e-12
10092.765625	1.9885783734476416e-12
10100.0	8.264254602475656e-09
10102.7685546875	1.132602453402904e-08
10110.0	1.3287620798778785e-08
10112.771484375	1.4011541965629621e-08
10120.0	4.950288552307347e-09
10122.7744140625	1.5851557674082083e-09
10130.0	5.484725798332283e-09
10132.77734375	6.931160669136028e-09
10140.0	5.182861035826092e-09
10142.779296875	4.532012452955707e-09
10150.0	5.754381091816263e-09
10152.7822265625	6.205961124962038e-09
10160.0	8.929611008770235e-09
10162.78515625	9.937058486420534e-09
10170.0	1.4326968681537861e-08
10172.7880859375	1.595017275473074e-08
10180.0	8.432575979897894e-09
10182.7900390625	5.639461137090729e-09
10190.0	2.8980033581218957e-09
10192.79296875	1.8798824342038516e-09
10200.0	4.6435047102461334e-09
10202.7958984375	5.6957303806448996e-09
10210.0	6.197486276379437e-09
10212.7978515625	6.387790312372136e-09
10220.0	1.7549833213169577e-09
10222.80078125	1.2485230679865426e-12
10230.0	1.2238164821071073e-12
10232.8037109375	1.2141958182365919e-12
10240.0	1.189515480673689e-12
10242.806640625	1.179891259508603e-12
10250.0	6.231675853962248e-09
10252.80859375	8.5921590212983e-09
10260.0	5.374039066619351e-09
10262.8115234375	4.1521432925800906e-09
10270.0	6.948696159297308e-09
10272.8154296875	8.005856384989292e-09
10280.0	7.640007275653595e-09
10282.8173828125	7.501335640139682e-09
10290.0	3.6767099149443667e-09
10292.8203125	2.2230130363812797e-09
10300.0	1.7214074856954288e-09
10302.8232421875	1.5302738365343352e-09
10310.0	4.221802240781621e-10
10312.826171875	9.394715401666004e-13
10320.0	2.720996304653413e-09
10322.828125	3.753451264418651e-09
10330.0	6.973405962671869e-09
10332.8310546875	8.193909102470558e-09
10340.0	2.2572200243662835e-09
10342.833984375	8.372143351635702e-13
10350.0	6.625925950417771e-09
10352.8359375	9.138459580719364e-09
10360.0	2.5157453564599024e-09
10362.8388671875	7.688079388963064e-13
10370.0	7.446011136366103e-13
10372.841796875	7.349997382944599e-13
10380.0	7.108314654327364e-13
10382.84375	7.012356186695385e-13
10390.0	3.4831212006847404e-09
10392.8466796875	4.799419554233267e-09
10400.0	1.735851706946664e-09
10402.849609375	5.79768698084756e-10
10410.0	3.930011437873676e-09
10412.8525390625	5.229604439831402e-09
10420.0	1.889432349327757e-09
10422.85546875	5.917854238154237e-10
10430.0	1.01814703449235e-09
10432.8583984375	1.18360234297725e-09
10440.0	3.862034329065544e-09
10442.861328125	4.9026062884520974e-09
10450.0	2.2144397490442494e-09
10452.86328125	1.167930210251492e-09
10460.0	3.0388724758164445e-09
10462.8662109375	3.766343753293041e-09
10470.0	1.055886431782669e-09
10472.869140625	5.16407358327052e-13
10480.0	5.041879717127309e-13
10482.8720703125	4.992694704968534e-13
10490.0	2.6896020340719815e-09
10492.8740234375	3.735789986960158e-09
10500.0	2.147872491536618e-09
10502.876953125	1.5282196304003469e-09
10510.0	1.064706624895502e-09
10512.8798828125	8.842548770162398e-10
10520.0	2.481896094611857e-10
10522.8818359375	4.3047273781262363e-13
10530.0	4.1837834498933025e-13
10532.884765625	4.1348053660749547e-13
10540.0	4.0141005581791777e-13
10542.8876953125	3.9651482279297323e-13
10550.0	9.086994107265885e-10
10552.890625	1.2611785466412407e-09
10560.0	8.879743431061885e-10
10562.892578125	7.42781534286239e-10
10570.0	4.960728810509484e-10
10572.896484375	3.9989636808914004e-10
10580.0	1.7680010105818114e-10
10582.8994140625	9.005516220401587e-11
10590.0	2.5398929994858255e-11
10592.9013671875	3.117304165747328e-13
10600.0	2.324952300560017e-09
10602.904296875	3.2528868444872893e-09
10610.0	9.292039624895812e-10
10612.9072265625	2.905147385816418e-13
10620.0	1.3136821951490351e-09
10622.91015625	1.8395082327858506e-09
10630.0	5.265235406862415e-10
10632.912109375	2.766793303706553e-13
10640.0	4.840904001688883e-10
10642.9150390625	6.777890794776555e-10
10650.0	1.941689821462704e-10
10652.91796875	2.625854771839492e-13
10660.0	6.850757404750107e-10
10662.919921875	9.599087624344288e-10
10670.0	1.3093233914730968e-09
10672.9228515625	1.4494360329923313e-09
10680.0	5.819506701709435e-10
10682.92578125	2.3305032287563784e-10
10690.0	6.704009210601426e-11
10692.9287109375	2.3512202593864615e-13
10700.0	2.394306668999909e-10
10702.9306640625	3.356348791423357e-10
10710.0	1.9854844821609932e-10
10712.93359375	1.4330382863115853e-10
10720.0	4.1311700772508947e-11
10722.9365234375	2.1455076030311052e-13
10730.0	2.244383751386633e-10
10732.939453125	3.1463150519399387e-10
10740.0	4.975832270108818e-10
10742.9423828125	5.713014815504606e-10
10750.0	2.9647718677978043e-10
10752.9453125	1.8553353888550402e-10
10760.0	3.087647273106752e-10
10762.9482421875	3.5837359388027e-10
10770.0	1.0316803082086238e-10
10772.9501953125	1.8057985648147872e-13
10780.0	1.2661351353599367e-10
10782.953125	1.7756292341208062e-10
10790.0	2.8710102405701207e-10
10792.9560546875	3.311618001704212e-10
10800.0	9.530492727544103e-11
10802.9580078125	1.608985175207978e-13
10810.0	1.5735697868351442e-13
10812.9609375	1.5581398111074562e-13
10820.0	3.679526746126595e-10
10822.9638671875	5.177192305209864e-10
10830.0	1.5006824837325235e-10
10832.966796875	1.4566705425035402e-13
10840.0	4.740943414735268e-11
10842.96875	6.663577876800436e-11
10850.0	1.9383177117435488e-11
10852.9716796875	1.355299037148878e-13
10860.0	2.20794360224062e-10
10862.974609375	3.1067511771957356e-10
10870.0	9.008054997793911e-11
10872.9765625	1.2561036235285676e-13
10880.0	1.1108070627508331e-11
10882.98046875	1.5574333457438128e-11
10890.0	4.590026875310687e-12
10892.9833984375	1.1559001353867371e-13
10900.0	7.850941763390304e-11
10902.986328125	1.1041222357162937e-10
10910.0	3.203690703295862e-11
10912.98828125	1.0576411311792353e-13
10920.0	1.0232965817196691e-13
10922.9912109375	1.0082919491365164e-13
10930.0	9.732080079285916e-14
10932.994140625	9.586060411355597e-14
10940.0	4.168651836687105e-10
10942.99609375	5.857138045436383e-10
10950.0	1.85879067972595e-10
10952.9990234375	2.365048784123262e-11
10960.0	6.869668715365429e-12
10963.001953125	8.117441854667364e-14
10970.0	1.165882693155078e-10
10973.0048828125	1.6350688561633296e-10
10980.0	4.7031068467962866e-11
10983.0068359375	7.148471631861583e-14
10990.0	3.179057981407127e-10
10993.009765625	4.4500642676331843e-10
11000.0	1.272995692385546e-10
11003.0126953125	6.229059468632006e-14
11006.0263671875	0.0
