WAVELENGTH	THROUGHPUT
1989.3538818359375	0.0
1990.0	8.90408883706307e-09
1990.6463623046875	8.556943963061724e-09
2000.0	1.3227184460504163e-08
2000.648193359375	1.354233644425503e-08
2010.0	1.2083767069910267e-08
2010.64990234375	1.1981107254735933e-08
2020.0	1.2407785167459656e-08
2020.6517333984375	1.2436964867431856e-08
2030.0	7.626690018469641e-09
2030.6534423828125	7.2873296294641935e-09
2040.0	9.293732232416005e-09
2040.6552734375	9.435868322114719e-09
2050.0	8.903268935895356e-09
2050.656982421875	8.866516195406973e-09
2060.0	1.1860620951327117e-08
2060.658935546875	1.20743551946535e-08
2070.0	6.244799993037594e-09
2070.660888671875	5.8266162313370955e-09
2080.0	7.711550028961954e-09
2080.662841796875	7.847266512941545e-09
2090.0	1.0253642393041842e-08
2090.664794921875	1.04269273749471e-08
2100.0	6.15568268203936e-09
2100.666748046875	5.855174228791414e-09
2110.0	7.083315755884806e-09
2110.668701171875	7.173855757121021e-09
2120.0	4.821802121460873e-09
2120.670654296875	4.646565128929719e-09
2130.0	1.103090797087392e-08
2130.672607421875	1.1505894735048548e-08
2140.0	8.224565731605621e-09
2140.674560546875	7.979154069068176e-09
2150.0	1.0557969808859911e-08
2150.676513671875	1.0750359669082592e-08
2160.0	6.451500184820657e-09
2160.6787109375	6.128073878739414e-09
2170.0	6.939601352238116e-09
2170.6806640625	7.000688307429032e-09
2180.0	7.289224770459497e-09
2180.682861328125	7.31059511071974e-09
2190.0	9.194522901569146e-09
2190.684814453125	9.336571474149306e-09
2200.0	5.0659565725817915e-09
2200.68701171875	4.7423130446548615e-09
2210.0	8.713969878231787e-09
2210.68896484375	9.016845475541878e-09
2220.0	7.414618136460039e-09
2220.691162109375	7.291519120942718e-09
2230.0	6.504788075151932e-09
2230.693115234375	6.4416803047776245e-09
2240.0	6.279243569339251e-09
2240.6953125	6.266076413119646e-09
2250.0	1.184659730495642e-08
2250.697509765625	1.2274680938774994e-08
2260.0	1.3414816676178301e-08
2260.69970703125	1.3501890636816405e-08
2270.0	1.318533201593518e-08
2270.701904296875	1.3160274811090437e-08
2280.0	5.3935439323745385e-09
2280.7041015625	4.7919282573737455e-09
2290.0	1.0008822138680673e-08
2290.706298828125	1.0413589386835109e-08
2300.0	5.879749933206107e-09
2300.70849609375	5.5244169228352134e-09
2310.0	5.246907805852356e-09
2310.71044921875	5.225233859864517e-09
2320.0	1.0613699379433542e-08
2320.712890625	1.103215071328914e-08
2330.0	1.5292254383453318e-08
2330.715087890625	1.562526244810033e-08
2340.0	1.5583780317305697e-08
2340.71728515625	1.558017705146806e-08
2350.0	1.270467015346486e-08
2350.719482421875	1.2478515353434006e-08
2360.0	1.427252586566722e-08
2360.7216796875	1.4412618734459907e-08
2370.0	1.1755283032551024e-08
2370.723876953125	1.1546020940866232e-08
2380.0	1.2381002290087045e-08
2380.72607421875	1.2446968409564233e-08
2390.0	1.3305864679143958e-08
2390.728515625	1.3373052701908511e-08
2400.0	9.934294719511092e-09
2400.730712890625	9.651641001767935e-09
2410.0	1.566501979111593e-08
2410.73291015625	1.614005443836419e-08
2420.0	9.248001147341844e-09
2420.735107421875	8.701666059057066e-09
2430.0	6.059207238665949e-09
2430.737548828125	5.847993168580644e-09
2440.0	1.235773984815591e-08
2440.73974609375	1.2876758592876146e-08
2450.0	1.1410055839531392e-08
2450.7421875	1.1292746805337587e-08
2460.0	1.1585321975775128e-08
2460.744384765625	1.160795805110764e-08
2470.0	5.1502748799265125e-09
2470.74658203125	4.63148715919202e-09
2480.0	7.091292199576096e-09
2480.7490234375	7.289888251760215e-09
2490.0	1.1045435444485526e-08
2490.751220703125	1.1348832044987505e-08
2500.0	6.860164901561509e-09
2500.753662109375	6.49444251703103e-09
2510.0	1.0356697584916427e-08
2510.756103515625	1.0670607777037202e-08
2520.0	1.0610195117871435e-08
2520.75830078125	1.0604511134780673e-08
2530.0	1.0590242046248299e-08
2530.760498046875	1.0589794924786719e-08
2540.0	1.1040751145974466e-08
2540.762939453125	1.1077737022582306e-08
2550.0	5.5775026429988895e-09
2550.765380859375	5.1241903065792874e-09
2560.0	6.644116604719542e-09
2560.767578125	6.770010522261305e-09
2570.0	9.919599046415376e-09
2570.77001953125	1.018061583328265e-08
2580.0	9.453640620076986e-09
2580.7724609375	9.392494985206245e-09
2590.0	9.682380862173513e-09
2590.77490234375	9.707207983828489e-09
2600.0	8.583442073973738e-09
2600.777099609375	8.48617472051181e-09
2610.0	1.1523029501241128e-08
2610.779541015625	1.1775848070124207e-08
2620.0	7.269245299132567e-09
2620.781982421875	6.892176979209814e-09
2630.0	3.6395158618299117e-09
2630.7841796875	3.3661064401278577e-09
2640.0	8.104780204647716e-09
2640.78662109375	8.503963866828965e-09
2650.0	6.514232828938208e-09
2650.7890625	6.3463162518864045e-09
2660.0	3.526380157759993e-09
2660.79150390625	3.286849640128808e-09
2670.0	6.410724973603328e-09
2670.793701171875	6.67621342145582e-09
2680.0	5.688831706939392e-09
2680.796142578125	5.604879845103825e-09
2690.0	5.9484959264816255e-09
2690.798583984375	5.97786135913838e-09
2700.0	7.375750585096436e-09
2700.801025390625	7.502673264082888e-09
2710.0	6.221095588909435e-10
2710.803466796875	2.188977482257898e-11
2720.0	5.388030947457057e-09
2720.805908203125	5.858118901700892e-09
2730.0	5.003307004183825e-09
2730.808349609375	4.9278157964417796e-09
2740.0	1.0312836151366776e-08
2740.810791015625	1.0788054311278701e-08
2750.0	3.5930607014150734e-09
2750.81298828125	2.9565010535566113e-09
2760.0	3.5284740822026193e-09
2760.815673828125	3.5794601233926193e-09
2770.0	6.337940608486622e-09
2770.818115234375	6.583575974442031e-09
2780.0	7.57254266191069e-09
2780.8203125	7.660295875056918e-09
2790.0	6.495264014275658e-10
2790.822998046875	2.177115610461465e-11
2800.0	6.184886493592798e-09
2800.8251953125	6.741694219412545e-09
2810.0	8.78796973186041e-09
2810.827880859375	8.972805662173341e-09
2820.0	1.1028786790474144e-08
2820.830078125	1.1216397841536789e-08
2830.0	8.792527482418441e-09
2830.83251953125	8.570023401833142e-09
2840.0	1.7750697046993438e-08
2840.835205078125	1.8590795367055353e-08
2850.0	1.0294854974732449e-08
2850.837646484375	9.533849011473605e-09
2860.0	8.008292872944901e-09
2860.840087890625	7.867301955207585e-09
2870.0	5.346041737677588e-09
2870.842529296875	5.113889232090201e-09
2880.0	3.83662032350089e-09
2880.844970703125	3.7180501665111525e-09
2890.0	6.817283046399236e-09
2890.847412109375	7.105474056233966e-09
2900.0	1.1438874489319588e-08
2900.849853515625	1.1846826831495813e-08
2910.0	1.0999576115919511e-08
2910.852294921875	1.0919164148807164e-08
2920.0	8.332308387602674e-09
2920.854736328125	8.089552123772988e-09
2930.0	1.605222614636851e-08
2930.857421875	1.6803101594540066e-08
2940.0	1.313551936746529e-08
2940.85986328125	1.2789214116237102e-08
2950.0	1.2636721340247705e-08
2950.8623046875	1.262216878674375e-08
2960.0	1.537205286371473e-08
2960.86474609375	1.5632956553165564e-08
2970.0	8.821241771616587e-09
2970.8671875	8.170983219093754e-09
2980.0	1.7539312632631464e-08
2980.86962890625	1.8436459225678748e-08
2990.0	9.960126138943541e-09
2990.872314453125	9.145741952755884e-09
3000.0	1.5119077251355084e-08
3000.874755859375	1.568548668601528e-08
3010.0	1.4174187640724774e-08
3010.877197265625	1.4030023597323172e-08
3020.0	2.5323664628715295e-08
3020.879638671875	2.641341185893717e-08
3030.0	2.461967205615772e-08
3030.882080078125	2.4444005724540795e-08
3040.0	2.855872854262761e-08
3040.884765625	2.8960190751177835e-08
3050.0	1.8490484716474248e-08
3050.88720703125	1.746936593315356e-08
3060.0	1.1114113802318286e-08
3060.8896484375	1.049464684422671e-08
3070.0	1.8627398518292985e-08
3070.89208984375	1.9422730585750376e-08
3080.0	2.525722728133957e-08
3080.894775390625	2.583233093938079e-08
3090.0	1.9800931135327106e-08
3090.897216796875	1.920466749221731e-08
3100.0	2.2199454380038757e-08
3100.899658203125	2.2497161131764625e-08
3110.0	2.755479711208518e-08
3110.902099609375	2.8056458492365334e-08
3120.0	3.622895161385766e-08
3120.90478515625	3.703921668013683e-08
3130.0	2.7061574705220085e-08
3130.9072265625	2.6068691499434598e-08
3140.0	3.1174654922356605e-08
3140.909912109375	3.168335519214456e-08
3150.0	1.971761458049344e-08
3150.912353515625	1.8518460489349878e-08
3160.0	1.5063560398434495e-08
3160.914794921875	1.4714358044707197e-08
3170.0	2.8166718475115844e-08
3170.917236328125	2.952687948906213e-08
3180.0	2.4975610336736962e-08
3180.919921875	2.4512358336328642e-08
3190.0	2.5332673644408397e-08
3190.92236328125	2.5418053690345547e-08
3200.0	3.269063891531745e-08
3200.9248046875	3.342575552745496e-08
3210.0	2.980968859250995e-08
3210.927490234375	2.9443066764232964e-08
3220.0	3.121445403707912e-08
3220.929931640625	3.1393331815573414e-08
3230.0	2.6033634247520804e-08
3230.9326171875	2.5485412898737392e-08
3240.0	2.497339712372952e-08
3240.93505859375	2.4918557934243662e-08
3250.0	3.135587553457243e-08
3250.9375	3.202332450055011e-08
3260.0	3.444156072833108e-08
3260.940185546875	3.4689405102271725e-08
3270.0	3.06357236050667e-08
3270.942626953125	3.021708606184623e-08
3280.0	3.0518083518928534e-08
3280.9453125	3.0546923208897404e-08
3290.0	3.103228516949541e-08
3290.94775390625	3.1085618354267356e-08
3300.0	3.13472923066593e-08
3300.9501953125	3.137211133437267e-08
3310.0	1.1721904842680753e-08
3310.952880859375	9.656682755309178e-09
3320.0	2.4700198960698343e-08
3320.955322265625	2.6285593452760902e-08
3330.0	3.238023685790355e-08
3330.9580078125	3.302763571019086e-08
3340.0	1.4987469489038645e-08
3340.96044921875	1.3071201469353936e-08
3350.0	1.9704669730777133e-08
3350.962890625	2.041197221259071e-08
3360.0	2.163918328050389e-08
3360.965576171875	2.1768382420346578e-08
3370.0	2.1642434429701716e-08
3370.968017578125	2.1630813117787465e-08
3380.0	2.973414969982351e-09
3380.970703125	9.69285647496302e-10
3390.0	2.9618196898635032e-08
3390.97314453125	3.270421874375538e-08
3400.0	2.360187740573298e-08
3400.975830078125	2.2605148842687318e-08
3410.0	2.219094344937413e-09
3410.978271484375	2.3697374122051442e-11
3420.0	2.2839111038023573e-08
3420.98095703125	2.530333768620198e-08
3430.0	1.8584119722585627e-08
3430.9833984375	1.785774661668392e-08
3440.0	2.5153368060840555e-08
3440.986083984375	2.5944192082195365e-08
3450.0	1.4341350833821627e-08
3450.988525390625	1.3078661913333952e-08
3460.0	6.992015216298712e-09
3460.9912109375	6.325955589624241e-09
3470.0	1.362863214185795e-08
3470.99365234375	1.4428476542527147e-08
3480.0	2.9547510623909755e-08
3480.996337890625	3.1211030987025335e-08
3490.0	2.2217106012317974e-08
3490.998779296875	2.1223586200444483e-08
3500.0	3.030450229530301e-08
3501.00146484375	3.131032849531403e-08
3510.0	2.1028840378846015e-08
3511.00390625	1.988710862066027e-08
3520.0	2.6304352365302286e-08
3521.006591796875	2.7019523484802556e-08
3530.0	1.4885458571701835e-08
3531.009033203125	1.3531407131577234e-08
3540.0	2.5989182069451302e-08
3541.01171875	2.7383149106590522e-08
3550.0	3.2270212037716655e-08
3551.014404296875	3.2815154043114694e-08
3560.0	3.642136928666017e-08
3561.016845703125	3.682627346569279e-08
3570.0	2.7525549129287932e-08
3571.019287109375	2.6480258790398606e-08
3580.0	3.340111086350477e-08
3581.02197265625	3.418027724788056e-08
3590.0	3.664953966719719e-08
3591.024658203125	3.6932341909106925e-08
3600.0	5.942227324603573e-08
3601.027099609375	6.203517965512683e-08
3610.0	6.513602055943218e-08
3611.02978515625	6.549854989256055e-08
3620.0	2.358873152459599e-06
3630.0	4.925988042937068e-06
3640.0	7.503079403494912e-06
3650.0	1.0099341085566274e-05
3660.0	1.2699440248462087e-05
3670.0	1.5323317010633512e-05
3680.0	1.7946558662182132e-05
3690.0	2.0580255003879672e-05
3700.0	2.3244586281214697e-05
3701.853271484375	2.3736189902408212e-05
3702.05322265625	2.929719043119581e-05
3702.25341796875	4.2343623367736076e-05
3702.453369140625	3.699868548273576e-05
3702.6533203125	2.951458339692785e-05
3702.853515625	4.0851533425478694e-05
3703.053466796875	3.57197866883796e-05
3703.253662109375	4.042700848918917e-05
3703.45361328125	2.246034736589099e-05
3703.65380859375	4.1285909828898394e-05
3703.853759765625	5.5192698051927665e-05
3704.0537109375	3.4657267748292474e-05
3704.25390625	3.080769642303188e-05
3704.453857421875	4.3859935143917416e-05
3704.65380859375	3.081016217739227e-05
3704.85400390625	4.2365670700203036e-05
3705.053955078125	7.638964809203672e-05
3705.254150390625	4.707673804859168e-05
3705.4541015625	6.205817936117063e-05
3705.654296875	6.505669889854236e-05
3705.854248046875	3.5097780951008207e-05
3706.05419921875	6.634602269448134e-05
3706.25439453125	9.267412183665897e-05
3706.454345703125	5.9502165331656054e-05
3706.654296875	5.500959940094554e-05
3706.8544921875	7.64171730425175e-05
3707.054443359375	5.073275516973155e-05
3707.254638671875	7.556700382125022e-05
3707.45458984375	9.248229407754189e-05
3707.65478515625	7.428852336722795e-05
3707.854736328125	7.065185814767012e-05
3708.0546875	9.955886547761678e-05
3708.2548828125	9.37817828966158e-05
3708.454833984375	7.729813116689735e-05
3708.655029296875	9.057732935457245e-05
3708.85498046875	0.00011113833470521472
3709.05517578125	8.094792277698363e-05
3709.255126953125	8.71617032063885e-05
3709.455078125	6.960364360180032e-05
3709.6552734375	0.00010344586915749898
3709.855224609375	9.509689619676578e-05
3710.0	0.00010268949917750865
3710.055419921875	0.00010559656717784414
3710.25537109375	0.00010089013217599105
3710.455322265625	0.00011910430710513038
3710.655517578125	0.0001223245598899775
3710.85546875	0.00011247649669765944
3711.0556640625	0.00013262276691861766
3711.255615234375	0.00013005919557187436
3711.455810546875	0.00016006554775893465
3711.65576171875	0.00013928858278732193
3711.855712890625	0.0001365106588476723
3712.055908203125	0.00014209064954507107
3712.255859375	0.00015045755292410884
3712.455810546875	0.00015325259551975443
3712.656005859375	0.000186914596056009
3712.85595703125	0.0001777076780081939
3713.05615234375	0.00020687303083746428
3713.256103515625	0.0001897338001430274
3713.456298828125	0.00019446150846217207
3713.65625	0.0002279210957248997
3713.856201171875	0.00021742734262319115
3714.056396484375	0.0002556097279534056
3714.25634765625	0.0002455452210930512
3714.45654296875	0.0002489906950136442
3714.656494140625	0.00028074719502186164
3714.856689453125	0.00025781321164149054
3715.056640625	0.00026812395958653685
3715.256591796875	0.0002962403314679653
3715.456787109375	0.0003177096873269102
3715.65673828125	0.0003295274071489672
3715.856689453125	0.00030830597220761805
3716.056884765625	0.0003555270451812428
3716.2568359375	0.000369494634689602
3716.45703125	0.0003650095700673661
3716.656982421875	0.0003809106748896905
3716.857177734375	0.0003946675574758029
3717.05712890625	0.0003991972347147895
3717.257080078125	0.0004290543483470721
3717.457275390625	0.00043208397005972546
3717.6572265625	0.0004670981582346654
3717.857421875	0.00046454891755504546
3718.057373046875	0.0005472287447744417
3718.25732421875	0.000524717021360774
3718.45751953125	0.0005017733297077756
3718.657470703125	0.0005791014743648888
3718.857666015625	0.000582355611390166
3719.0576171875	0.000593985290221473
3719.2578125	0.0006303133689274852
3719.457763671875	0.0006644978947531609
3719.65771484375	0.0006456351216930087
3719.85791015625	0.0006944304072052882
3720.0	0.0007617747404909468
3720.057861328125	0.0007891960634185101
3720.258056640625	0.0007911609284077224
3720.4580078125	0.0007907628313579168
3720.658203125	0.0008225894458373539
3720.858154296875	0.0008503365519819043
3721.05810546875	0.0008901174181556637
3721.25830078125	0.000924959888825125
3721.458251953125	0.0009548630721951599
3721.658203125	0.0009894958190722449
3721.8583984375	0.0010582979755666912
3722.058349609375	0.001099599260905222
3722.258544921875	0.001106519927882235
3722.45849609375	0.001145892385212738
3722.65869140625	0.0012265319583771729
3722.858642578125	0.0012697809356152306
3723.05859375	0.0013467780499295421
3723.2587890625	0.0013986329289474905
3723.458740234375	0.0014741366909429175
3723.65869140625	0.0014920371745248556
3723.85888671875	0.0016307513740545178
3724.058837890625	0.0016361908102956364
3724.259033203125	0.0017701921852942134
3724.458984375	0.0018373410790019158
3724.6591796875	0.0019406156665575925
3724.859130859375	0.0019447783237236628
3725.05908203125	0.0020607514892688004
3725.25927734375	0.0021874856553541536
3725.459228515625	0.0023043376765194768
3725.659423828125	0.002363352279571966
3725.859375	0.002501081064462166
3726.0595703125	0.0026239817053363636
3726.259521484375	0.002742805766500515
3726.459716796875	0.0029115379225292887
3726.65966796875	0.0030718949913104985
3726.859619140625	0.0031077235926563235
3727.059814453125	0.0033223075971367303
3727.259765625	0.0033858985962892285
3727.459716796875	0.003628262360524701
3727.659912109375	0.003803308754679389
3727.85986328125	0.003941795218313651
3728.06005859375	0.004140534771351183
3728.260009765625	0.004314116330907602
3728.460205078125	0.00465962903350003
3728.66015625	0.004814309948868898
3728.860107421875	0.005075733826313705
3729.060302734375	0.005448217348707953
3729.26025390625	0.005633291191519162
3729.460205078125	0.0058767009477093705
3729.660400390625	0.006271859103436971
3729.8603515625	0.0066567170484722075
3730.0	0.0068007336103428385
3730.060546875	0.00686317691090031
3730.260498046875	0.007270905174143932
3730.460693359375	0.007581373408576174
3730.66064453125	0.008067947685943648
3730.860595703125	0.008602135581161402
3731.060791015625	0.008970817491388252
3731.2607421875	0.009505298932247087
3731.4609375	0.009847135862841975
3731.660888671875	0.010378249894681627
3731.861083984375	0.011092852392485312
3732.06103515625	0.011659371035995066
3732.260986328125	0.012407025924544594
3732.461181640625	0.013002281485985291
3732.6611328125	0.013788167499010635
3732.861083984375	0.014569375574186598
3733.061279296875	0.01557117918557126
3733.26123046875	0.01633443096082983
3733.46142578125	0.01723752444652961
3733.661376953125	0.01782234742934889
3733.861572265625	0.0189827552045707
3734.0615234375	0.02026711545586739
3734.26171875	0.0212915742101136
3734.461669921875	0.022455278559998706
3734.66162109375	0.02363932177138441
3734.86181640625	0.02499796811026761
3735.061767578125	0.02651852566060469
3735.26171875	0.02839470832620932
3735.4619140625	0.029874796623997456
3735.661865234375	0.03115224507997453
3735.862060546875	0.032615328167291686
3736.06201171875	0.03469935039764332
3736.26220703125	0.03699581327996484
3736.462158203125	0.03890130582784946
3736.662109375	0.04123540270083521
3736.8623046875	0.043009316868900804
3737.062255859375	0.04564831143657732
3737.262451171875	0.04867593083881891
3737.46240234375	0.05141106471730505
3737.66259765625	0.05379742661401773
3737.862548828125	0.05571187961590063
3738.0625	0.05898656560891067
3738.2626953125	0.06177450787338918
3738.462646484375	0.0657102741765383
3738.66259765625	0.06874902126155964
3738.86279296875	0.07136755799324464
3739.062744140625	0.07488350585464087
3739.262939453125	0.07913395504967853
3739.462890625	0.08300888092921696
3739.6630859375	0.08636483731940328
3739.863037109375	0.08965204953766236
3740.0	0.09186311428442646
3740.06298828125	0.09288051398109058
3740.26318359375	0.09646562090196482
3740.463134765625	0.10063759884676252
3740.6630859375	0.10504301166818868
3740.86328125	0.10824006943157287
3741.063232421875	0.11266388699466827
3741.263427734375	0.11593055322718734
3741.46337890625	0.11945154874804478
3741.66357421875	0.12460821535317392
3741.863525390625	0.12842699200878938
3742.063720703125	0.13053847171369132
3742.263671875	0.13341024763788417
3742.463623046875	0.1366438181531732
3742.663818359375	0.14020690543146877
3742.86376953125	0.14425969452591617
3743.06396484375	0.14647780911987157
3743.263916015625	0.1480615139570924
3743.464111328125	0.15123815017121592
3743.6640625	0.1545185275426674
3743.864013671875	0.1570209747688845
3744.064208984375	0.15843898369499715
3744.26416015625	0.1601082691944371
3744.464111328125	0.1612901386513928
3744.664306640625	0.16328974106721358
3744.8642578125	0.16436633132806008
3745.064453125	0.16624819936961296
3745.264404296875	0.1672384638634814
3745.464599609375	0.1687286850206721
3745.66455078125	0.16981705712012504
3745.864501953125	0.1709241367252087
3746.064697265625	0.17155564261385248
3746.2646484375	0.17228962348889768
3746.464599609375	0.17226358438341036
3746.664794921875	0.1731275320592341
3746.864990234375	0.17386973592374977
3747.06494140625	0.1740140567506381
3747.264892578125	0.1741465175001021
3747.465087890625	0.17430838159687267
3747.6650390625	0.17451609385429673
3747.864990234375	0.1749583389261511
3748.065185546875	0.17397204257922916
3748.26513671875	0.17511426994728774
3748.46533203125	0.1752604461657468
3748.665283203125	0.1745680311412932
3748.865478515625	0.17444199074867156
3749.0654296875	0.1733725770810124
3749.265380859375	0.174217756973904
3749.465576171875	0.17457045400592866
3749.66552734375	0.17439507207679641
3749.865478515625	0.17408818847531352
3750.0	0.17389605610688763
3750.065673828125	0.17380125913434424
3750.265625	0.1739236407682419
3750.4658203125	0.17386911542469288
3750.665771484375	0.17324612770303924
3750.865966796875	0.17396530432117932
3751.06591796875	0.17288062637115628
3751.26611328125	0.17244444617205212
3751.466064453125	0.17273750133999738
3751.666015625	0.17345006540685692
3751.8662109375	0.17305300730914042
3752.066162109375	0.17302091277478876
3752.266357421875	0.17296069687036578
3752.46630859375	0.17261139871562906
3752.66650390625	0.17311376667611686
3752.866455078125	0.17266921655816095
3753.06640625	0.1725695859431471
3753.2666015625	0.1727054160965666
3753.466552734375	0.1725637830050064
3753.66650390625	0.17272795391226942
3753.86669921875	0.17296684587854338
3754.066650390625	0.17278278097725802
3754.266845703125	0.17265086963635426
3754.466796875	0.17253129935808784
3754.6669921875	0.1736159803881806
3754.866943359375	0.17337519008733876
3755.06689453125	0.17387391560576132
3755.26708984375	0.17376022050495551
3755.467041015625	0.17377013556603782
3755.6669921875	0.17344487429477573
3755.8671875	0.1741853425745925
3756.067138671875	0.17393239651705808
3756.267333984375	0.1737734187552956
3756.46728515625	0.17476151577077054
3756.66748046875	0.17451635271107155
3756.867431640625	0.1748931664825658
3757.0673828125	0.17485547808607516
3757.267578125	0.17476775121378124
3757.467529296875	0.17547252651212922
3757.667724609375	0.1758550811275404
3757.86767578125	0.17582738344375698
3758.06787109375	0.17543967199745739
3758.267822265625	0.17593880104417572
3758.468017578125	0.17561993285135413
3758.66796875	0.1755616760171591
3758.867919921875	0.17670520655339683
3759.068115234375	0.17652630383888324
3759.26806640625	0.17654196495605964
3759.468017578125	0.1770330001894506
3759.668212890625	0.1767656830577032
3759.8681640625	0.17755475750115118
3760.0	0.17769339101305462
3760.068359375	0.17776633166865088
3760.268310546875	0.17744420093622643
3760.468505859375	0.17768818545797807
3760.66845703125	0.1776137560644607
3760.868408203125	0.17776347177260224
3761.068603515625	0.17793204266512166
3761.2685546875	0.17862697411797396
3761.468505859375	0.17852397168157816
3761.668701171875	0.17815863824257988
3761.86865234375	0.178477079963777
3762.06884765625	0.1789081095465585
3762.268798828125	0.17986266600472084
3762.468994140625	0.17923664381556573
3762.6689453125	0.17939604116134578
3762.868896484375	0.1788154565648844
3763.069091796875	0.1787987465340273
3763.26904296875	0.1792735332851389
3763.46923828125	0.17913905423580317
3763.669189453125	0.17934795214697638
3763.869384765625	0.17959399320326092
3764.0693359375	0.18018652211934008
3764.269287109375	0.1797452440329475
3764.469482421875	0.17974115574634011
3764.66943359375	0.17994450977669027
3764.869384765625	0.17957649943493612
3765.069580078125	0.1797559991623345
3765.26953125	0.17941809313982232
3765.4697265625	0.17891326373395877
3765.669677734375	0.1793566732673694
3765.869873046875	0.17891494693240295
3766.06982421875	0.1795418390509022
3766.27001953125	0.1800607056941231
3766.469970703125	0.17928504097115844
3766.669921875	0.1794063844582175
3766.8701171875	0.17929327278958496
3767.070068359375	0.1790863209328284
3767.27001953125	0.17917641183252456
3767.47021484375	0.17958555590072603
3767.670166015625	0.17898806333304967
3767.870361328125	0.17884320134591328
3768.0703125	0.17862747634984363
3768.2705078125	0.17921565854073498
3768.470458984375	0.17930967910218085
3768.67041015625	0.17874418782531443
3768.87060546875	0.17904113158141877
3769.070556640625	0.17873192395679108
3769.270751953125	0.17816651902134184
3769.470703125	0.17801020209553312
3769.6708984375	0.1786778977481331
3769.870849609375	0.17844400865293705
3770.0	0.17822230234115308
3770.07080078125	0.17809965639741226
3770.27099609375	0.17828925973560136
3770.470947265625	0.1773438901172619
3770.6708984375	0.17698788893329487
3770.87109375	0.1773691849973703
3771.071044921875	0.17703141639772504
3771.271240234375	0.17728315606140632
3771.47119140625	0.17699385399056922
3771.67138671875	0.17717257345006154
3771.871337890625	0.1769249747175903
3772.0712890625	0.17596598359133422
3772.271484375	0.17648732220454208
3772.471435546875	0.17620357377768261
3772.67138671875	0.17670671439857666
3772.87158203125	0.17659060539593138
3773.071533203125	0.17536873704084593
3773.271728515625	0.1759680066888059
3773.4716796875	0.1756008823842029
3773.671875	0.17548255278536068
3773.871826171875	0.1747275864269003
3774.072021484375	0.17482190285791613
3774.27197265625	0.1750710917096027
3774.471923828125	0.1747042969238026
3774.672119140625	0.17416586025861663
3774.8720703125	0.17457254030892352
3775.072265625	0.17436862601154454
3775.272216796875	0.17454581231740088
3775.472412109375	0.17335505894022435
3775.67236328125	0.17338341702865026
3775.872314453125	0.17372247430239587
3776.072509765625	0.17352914870651387
3776.2724609375	0.17345787230134896
3776.472412109375	0.17299162975742718
3776.672607421875	0.17270162387002344
3776.87255859375	0.17310556995642817
3777.07275390625	0.17258944958069483
3777.272705078125	0.17210220261583298
3777.472900390625	0.17210725138585464
3777.6728515625	0.17303969661020963
3777.872802734375	0.172856697744335
3778.072998046875	0.1724595140420893
3778.27294921875	0.17129803519099507
3778.472900390625	0.17126124307116877
3778.673095703125	0.17220319460925532
3778.873291015625	0.17130824703113157
3779.0732421875	0.17151746330488019
3779.273193359375	0.17081444216126865
3779.473388671875	0.17118064810113112
3779.67333984375	0.17117845629367653
3779.873291015625	0.17012368442380224
3780.0	0.17060656647592054
3780.073486328125	0.17088662837807847
3780.2734375	0.1708989977931574
3780.4736328125	0.17079423612216876
3780.673583984375	0.17026542128961294
3780.873779296875	0.17005018958656876
3781.07373046875	0.17129658708498766
3781.273681640625	0.17081912589600481
3781.473876953125	0.17014844556797462
3781.673828125	0.16999765142894102
3781.873779296875	0.1694227086903557
3782.073974609375	0.16973981729550472
3782.27392578125	0.1696586691486021
3782.47412109375	0.16978190945811028
3782.674072265625	0.16934457430230052
3782.874267578125	0.16907344056408036
3783.07421875	0.16896003403872994
3783.2744140625	0.1690823835052983
3783.474365234375	0.16916593505923083
3783.67431640625	0.16890455531367538
3783.87451171875	0.16850762407780012
3784.074462890625	0.16902789718226618
3784.274658203125	0.16840143964518442
3784.474609375	0.16823063647343892
3784.6748046875	0.16899093258573003
3784.874755859375	0.1684567953723397
3785.07470703125	0.16842527438135851
3785.27490234375	0.1673915133024342
3785.474853515625	0.1678863688128591
3785.6748046875	0.16686794553220763
3785.875	0.16788996428037398
3786.074951171875	0.16721394384663432
3786.275146484375	0.16794239018060003
3786.47509765625	0.16747021833884482
3786.67529296875	0.1669236342396895
3786.875244140625	0.16753243442867088
3787.0751953125	0.16668750292016468
3787.275390625	0.1662245522424035
3787.475341796875	0.16670342205366795
3787.67529296875	0.16658239817099135
3787.87548828125	0.16680572653064857
3788.075439453125	0.16616780018999805
3788.275634765625	0.16694270650070037
3788.4755859375	0.16658587956638032
3788.67578125	0.1661417796169321
3788.875732421875	0.16628900087821924
3789.07568359375	0.16610007874452257
3789.27587890625	0.16632868229334324
3789.475830078125	0.166040904875074
3789.676025390625	0.16660833543046913
3789.8759765625	0.16528337002564036
3790.0	0.165330105989985
3790.076171875	0.16535989847650406
3790.276123046875	0.16572947791411774
3790.476318359375	0.165777913740907
3790.67626953125	0.16540865685690734
3790.876220703125	0.1655742622311549
3791.076416015625	0.1652398936497413
3791.2763671875	0.1650484357678886
3791.476318359375	0.1646271024956934
3791.676513671875	0.16583719871464955
3791.87646484375	0.16538486463560953
3792.07666015625	0.16471244350241915
3792.276611328125	0.1649300298351557
3792.476806640625	0.16483563758723885
3792.6767578125	0.16496155459997233
3792.876708984375	0.16518945094400386
3793.076904296875	0.16461813438909828
3793.27685546875	0.16499125644246693
3793.476806640625	0.16512529116742203
3793.677001953125	0.1647091521157031
3793.876953125	0.16402673018818992
3794.0771484375	0.16483153353266897
3794.277099609375	0.1639408604600971
3794.477294921875	0.1645618010934134
3794.67724609375	0.1638634823210609
3794.877197265625	0.1645572295279507
3795.077392578125	0.16480750809721118
3795.27734375	0.16391878637668794
3795.4775390625	0.16383844773782916
3795.677490234375	0.16432714978922888
3795.877685546875	0.1637474807626847
3796.07763671875	0.1637851353296544
3796.277587890625	0.16336293303421873
3796.477783203125	0.16377958913470575
3796.677734375	0.1642251507437581
3796.877685546875	0.16387939469368223
3797.077880859375	0.16386965602404552
3797.27783203125	0.163510278478847
3797.47802734375	0.16355581213786688
3797.677978515625	0.16397743820608224
3797.878173828125	0.16391477326323523
3798.078125	0.16321047125529692
3798.2783203125	0.16388275859506268
3798.478271484375	0.16353792583350962
3798.67822265625	0.16396140671513051
3798.87841796875	0.16370447174322514
3799.078369140625	0.1630787223589171
3799.278564453125	0.16456363795739143
3799.478515625	0.16431585492888803
3799.6787109375	0.16412189224269663
3799.878662109375	0.1637598641012287
3800.0	0.16422686226746527
3800.07861328125	0.16453338220340277
3800.27880859375	0.1638132911788728
3800.478759765625	0.16379444021541031
3800.6787109375	0.1638738382670942
3800.87890625	0.16396357529993363
3801.078857421875	0.16419319708038224
3801.279052734375	0.16350436236432397
3801.47900390625	0.16396588254090033
3801.67919921875	0.16359727862365178
3801.879150390625	0.1641044549245165
3802.0791015625	0.16436356807864214
3802.279296875	0.164188980406154
3802.479248046875	0.16441790113718296
3802.67919921875	0.1642342495914683
3802.87939453125	0.1644358620225351
3803.079345703125	0.1644062552863438
3803.279541015625	0.1648269241203575
3803.4794921875	0.16458247876517632
3803.6796875	0.16431256701280011
3803.879638671875	0.16494494492590073
3804.07958984375	0.1653660686571107
3804.27978515625	0.16501410718858375
3804.479736328125	0.165346246704778
3804.679931640625	0.16502161661019177
3804.8798828125	0.16531715370797387
3805.080078125	0.1652836591266974
3805.280029296875	0.1649825763859716
3805.47998046875	0.16562614163730027
3805.68017578125	0.16538737138158122
3805.880126953125	0.16561508160782717
3806.080078125	0.16646246589260888
3806.2802734375	0.16509298002448167
3806.480224609375	0.16606416669993238
3806.680419921875	0.1659403863735301
3806.88037109375	0.16665815787217292
3807.08056640625	0.16659395740346541
3807.280517578125	0.1662539509993333
3807.480712890625	0.1672765914234768
3807.6806640625	0.16703459939015294
3807.880615234375	0.16775288289450097
3808.080810546875	0.1672143655159086
3808.28076171875	0.16733326493257933
3808.480712890625	0.1674871735948688
3808.680908203125	0.16759296580400412
3808.880859375	0.1683895773263444
3809.0810546875	0.16824209852027935
3809.281005859375	0.16840956277652988
3809.481201171875	0.16822200603820517
3809.68115234375	0.16820313296186495
3809.881103515625	0.16890256894268005
3810.0	0.1687116838419996
3810.081298828125	0.16858113580667747
3810.28125	0.16826093498370487
3810.4814453125	0.1695899804707471
3810.681396484375	0.16883167131240379
3810.881591796875	0.1705818789240385
3811.08154296875	0.17008159741593687
3811.281494140625	0.1703864063185264
3811.481689453125	0.16981838294600787
3811.681640625	0.1709171846481127
3811.881591796875	0.169316839237159
3812.081787109375	0.1704048308422781
3812.28173828125	0.1708742234098727
3812.48193359375	0.1710482114336158
3812.681884765625	0.17134101490421624
3812.882080078125	0.17226085589943438
3813.08203125	0.17227188428188883
3813.281982421875	0.17213690651062785
3813.482177734375	0.17168703066241703
3813.68212890625	0.173092081591528
3813.882080078125	0.172572028214031
3814.082275390625	0.17285265846923978
3814.2822265625	0.17309583764330605
3814.482421875	0.1733002359115222
3814.6826171875	0.1733065194561959
3814.882568359375	0.17421281423421686
3815.08251953125	0.17343466571857166
3815.28271484375	0.17393589355256497
3815.482666015625	0.17442110168157038
3815.6826171875	0.17487414433326262
3815.8828125	0.17526772337930113
3816.082763671875	0.1749006899113169
3816.282958984375	0.17525170309342605
3816.48291015625	0.17639628555891854
3816.68310546875	0.17569413025779884
3816.883056640625	0.17597814497284164
3817.0830078125	0.17593183663444323
3817.283203125	0.17712214237695673
3817.483154296875	0.1771816236865377
3817.68310546875	0.17675983781240492
3817.88330078125	0.17735765829405012
3818.083251953125	0.1777585605292045
3818.283447265625	0.17782058067622622
3818.4833984375	0.17866840549241525
3818.68359375	0.1785531263234768
3818.883544921875	0.1789764686231267
3819.08349609375	0.1788870311389853
3819.28369140625	0.17942803995276618
3819.483642578125	0.17958119898794409
3819.683837890625	0.17971823994959496
3819.8837890625	0.1795819353593766
3820.0	0.1797631466626176
3820.083984375	0.17989542359473956
3820.283935546875	0.1810890785844264
3820.48388671875	0.18101687281755646
3820.68408203125	0.18141237913676403
3820.884033203125	0.18095458220064686
3821.083984375	0.18106994964474743
3821.2841796875	0.18150772696616588
3821.484130859375	0.18135197307787362
3821.684326171875	0.1813750245298477
3821.88427734375	0.1823883607324941
3822.08447265625	0.18246874195197693
3822.284423828125	0.1824078983989195
3822.484619140625	0.1828585795756588
3822.6845703125	0.183009311317951
3822.884521484375	0.18257389644564265
3823.084716796875	0.1834861709469853
3823.28466796875	0.18406939438613537
3823.484619140625	0.18423567724994228
3823.684814453125	0.18364328636408905
3823.884765625	0.1835689481014588
3824.0849609375	0.18365576306301362
3824.284912109375	0.18477640230774747
3824.485107421875	0.1850572153995217
3824.68505859375	0.1844513956168274
3824.885009765625	0.18409437298872758
3825.085205078125	0.18458930994978331
3825.28515625	0.18465383030525528
3825.4853515625	0.18544733836834634
3825.685302734375	0.18362946899606833
3825.885498046875	0.18439437696418956
3826.08544921875	0.18398300662091438
3826.285400390625	0.18482571316227575
3826.485595703125	0.18499191130533435
3826.685546875	0.18507206736130133
3826.885498046875	0.18437367709869676
3827.085693359375	0.18435459649024358
3827.28564453125	0.18387279152731004
3827.48583984375	0.18437244077355097
3827.685791015625	0.1839906325821144
3827.885986328125	0.18422604543841628
3828.0859375	0.18415368095536594
3828.285888671875	0.18312349299552913
3828.486083984375	0.1826527233817447
3828.68603515625	0.18257899364935237
3828.885986328125	0.18343133666620318
3829.086181640625	0.18276041478076144
3829.2861328125	0.1816807931060575
3829.486328125	0.18248748504536194
3829.686279296875	0.18149062768959687
3829.886474609375	0.181498678696711
3830.0	0.18112378519876574
3830.08642578125	0.18083697798571244
3830.28662109375	0.17987229245578876
3830.486572265625	0.17968456414458694
3830.6865234375	0.17945334819148182
3830.88671875	0.17917814779804955
3831.086669921875	0.17882750364775205
3831.286865234375	0.17702904116251056
3831.48681640625	0.176333494394962
3831.68701171875	0.17606249542271443
3831.886962890625	0.17509002532216336
3832.0869140625	0.175131355319439
3832.287109375	0.17295900485712554
3832.487060546875	0.17212194987954438
3832.68701171875	0.1727285051647335
3832.88720703125	0.1712647089533155
3833.087158203125	0.17006484633293806
3833.287353515625	0.16897456826023455
3833.4873046875	0.16820690122974521
3833.6875	0.1674194141845352
3833.887451171875	0.16619533455101962
3834.08740234375	0.16555013953463094
3834.28759765625	0.16383522176648124
3834.487548828125	0.16297803492724497
3834.6875	0.16207570994322443
3834.8876953125	0.16034773473405803
3835.087890625	0.15990264715761066
3835.287841796875	0.15811831198112142
3835.48779296875	0.15653835813861808
3835.68798828125	0.15590374948424215
3835.887939453125	0.15478108524855178
3836.087890625	0.15293562118972645
3836.2880859375	0.1520163288706031
3836.488037109375	0.15027124428137886
3836.688232421875	0.14895949940767025
3836.88818359375	0.147510751282006
3837.08837890625	0.14530542327592666
3837.288330078125	0.14412064098132357
3837.48828125	0.1432721783509823
3837.6884765625	0.14141205293146436
3837.888427734375	0.13964416081973943
3838.08837890625	0.13783511965062817
3838.28857421875	0.13583826150087264
3838.488525390625	0.13463499374341406
3838.688720703125	0.13268971380971567
3838.888671875	0.13087835263142275
3839.0888671875	0.12889434006045444
3839.288818359375	0.12848768394928942
3839.489013671875	0.12590606100589047
3839.68896484375	0.12470728970062141
3839.888916015625	0.12265662700136418
3840.0	0.12158448490825949
3840.089111328125	0.12072524256798241
3840.2890625	0.11927666258669714
3840.4892578125	0.11714818466180053
3840.689208984375	0.11552745125914851
3840.889404296875	0.11366319580484609
3841.08935546875	0.11152302082611874
3841.289306640625	0.10937285682302549
3841.489501953125	0.10860095312228167
3841.689453125	0.1068909492421016
3841.889404296875	0.10486228335721838
3842.089599609375	0.10282164970065494
3842.28955078125	0.10089044350980952
3842.48974609375	0.09868128053656651
3842.689697265625	0.09721579411411824
3842.889892578125	0.09561902847560601
3843.08984375	0.09370539262734352
3843.289794921875	0.09209199719883929
3843.489990234375	0.08994691603215321
3843.68994140625	0.0888751710586901
3843.889892578125	0.08758271361343974
3844.090087890625	0.08592878747411013
3844.2900390625	0.08416720483419708
3844.490234375	0.08180116374542762
3844.690185546875	0.08074381775937248
3844.890380859375	0.07878232511384547
3845.09033203125	0.07801978467082807
3845.290283203125	0.07570519519479185
3845.490478515625	0.07392850756057187
3845.6904296875	0.07279314978004532
3845.890625	0.07119671808483553
3846.090576171875	0.06966759375952225
3846.290771484375	0.06808315615838825
3846.49072265625	0.06626037384695806
3846.69091796875	0.06493305569537307
3846.890869140625	0.06397910576559657
3847.0908203125	0.06272676808226466
3847.291015625	0.060641099965285744
3847.490966796875	0.058973576374585876
3847.69091796875	0.05788408089529708
3847.89111328125	0.05670283548024831
3848.091064453125	0.05555935026913987
3848.291259765625	0.0543209203033332
3848.4912109375	0.05298209177961872
3848.69140625	0.051451323119042554
3848.891357421875	0.05020667298535269
3849.09130859375	0.04910306144904212
3849.29150390625	0.048062527515182155
3849.491455078125	0.04672875766214755
3849.691650390625	0.04556606312595413
3849.8916015625	0.04421018275759252
3850.0	0.04371908845131077
3850.091796875	0.04330280460556224
3850.291748046875	0.04232754877600715
3850.49169921875	0.0412044897932014
3850.69189453125	0.04030573887574065
3850.891845703125	0.03890117546756352
3851.091796875	0.03821663310708127
3851.2919921875	0.03729217397475723
3851.491943359375	0.03653007019311365
3851.692138671875	0.035300805550663686
3851.89208984375	0.03439240013658713
3852.09228515625	0.033583634701803484
3852.292236328125	0.032986790466973004
3852.4921875	0.03213090538571023
3852.6923828125	0.03124184420463868
3852.892333984375	0.030325003606539364
3853.09228515625	0.029304223957190106
3853.29248046875	0.028845561858524868
3853.492431640625	0.02795910406546566
3853.692626953125	0.027203573707619496
3853.892578125	0.026262463169108425
3854.0927734375	0.025406168591337534
3854.292724609375	0.024848193374763024
3854.492919921875	0.02422992969729567
3854.69287109375	0.02358618941476015
3854.892822265625	0.022756341258015338
3855.093017578125	0.02225958092070502
3855.29296875	0.021696402178603004
3855.4931640625	0.020921508143176094
3855.693115234375	0.020327494918113413
3855.893310546875	0.01992824125889261
3856.09326171875	0.019054173211861456
3856.293212890625	0.01829628126288991
3856.493408203125	0.01802301122869615
3856.693359375	0.017675398943449112
3856.893310546875	0.017325214715280524
3857.093505859375	0.016863286449188917
3857.29345703125	0.01622182949621231
3857.49365234375	0.01570008334995391
3857.693603515625	0.015385771316036122
3857.893798828125	0.014972586288676258
3858.09375	0.014552959032372817
3858.293701171875	0.013937850300223762
3858.493896484375	0.013491262206760887
3858.69384765625	0.01331867040440385
3858.893798828125	0.012974169498822305
3859.093994140625	0.012647960170318861
3859.2939453125	0.012240481039670426
3859.494140625	0.01162628180466463
3859.694091796875	0.011288917006012113
3859.894287109375	0.011086012425521211
3860.0	0.01095724693105761
3860.09423828125	0.010842444604766204
3860.294189453125	0.010449279548866033
3860.494384765625	0.009961616646754061
3860.6943359375	0.009704445729697512
3860.89453125	0.009486488921097339
3861.094482421875	0.009166094967184908
3861.294677734375	0.009011828568886463
3861.49462890625	0.008745122929275869
3861.694580078125	0.008481536887975556
3861.894775390625	0.00822129950202009
3862.0947265625	0.008006205654996183
3862.294921875	0.007751762889535364
3862.494873046875	0.007538156499413573
3862.69482421875	0.007224067687412986
3862.89501953125	0.0070539871545022385
3863.094970703125	0.006834775319158366
3863.295166015625	0.0066027855085739745
3863.4951171875	0.006497820613932643
3863.6953125	0.0062041261841712155
3863.895263671875	0.0059581153456470335
3864.09521484375	0.005914441580463789
3864.29541015625	0.005705869244876518
3864.495361328125	0.0055663970819698014
3864.695556640625	0.005316108462059569
3864.8955078125	0.005167005202896086
3865.095703125	0.0050442628088047305
3865.295654296875	0.004914665315908527
3865.49560546875	0.004896101393629254
3865.69580078125	0.004669039335598804
3865.895751953125	0.0045024784426692934
3866.095703125	0.004353636316644718
3866.2958984375	0.004238916141577636
3866.495849609375	0.004110277744660234
3866.696044921875	0.004085917254938107
3866.89599609375	0.003908946317308898
3867.09619140625	0.0037212292835623133
3867.296142578125	0.003738734619632978
3867.49609375	0.0034887541812598016
3867.6962890625	0.003416912178911277
3867.896240234375	0.0033024370808397347
3868.09619140625	0.00321688210138016
3868.29638671875	0.003097116122928928
3868.496337890625	0.003042066990296415
3868.696533203125	0.002919290271744228
3868.896484375	0.0028851868298083796
3869.0966796875	0.002786766104483343
3869.296630859375	0.002683305189339446
3869.49658203125	0.0025857513051222693
3869.69677734375	0.0025691607735079587
3869.896728515625	0.0024793293710326783
3870.0	0.0024107364845728295
3870.096923828125	0.002346372037467222
3870.296875	0.0023640201232359897
3870.4970703125	0.0023278085466896326
3870.697021484375	0.0021751701429468945
3870.897216796875	0.002165863694626046
3871.09716796875	0.0020937642348836773
3871.297119140625	0.0020115986595387056
3871.497314453125	0.0019837677150801158
3871.697265625	0.0018782677514100933
3871.897216796875	0.0018622912300817827
3872.097412109375	0.0017955892242469502
3872.29736328125	0.001774570697517633
3872.49755859375	0.0016824726903158082
3872.697509765625	0.0015960644056679223
3872.897705078125	0.0015960426449341742
3873.09765625	0.001544351533295729
3873.297607421875	0.0015248871693637953
3873.497802734375	0.0014432162403068584
3873.69775390625	0.0013802785179595396
3873.897705078125	0.0013692486184720815
3874.097900390625	0.0013579873233064749
3874.298095703125	0.001341231896991417
3874.498046875	0.0012844264557438786
3874.697998046875	0.0011832073433484052
3874.898193359375	0.0012005273730463077
3875.09814453125	0.0011475732039495361
3875.298095703125	0.0011413109990193347
3875.498291015625	0.0010638348745919532
3875.6982421875	0.0010493158838876435
3875.8984375	0.001013950756771663
3876.098388671875	0.0009682681970340878
3876.298583984375	0.000953272975266987
3876.49853515625	0.0009171941960670444
3876.698486328125	0.0008941679016632205
3876.898681640625	0.0008546343634995661
3877.0986328125	0.000839616507861962
3877.298583984375	0.0008493532244652941
3877.498779296875	0.0008079642729162476
3877.69873046875	0.0008298525287342125
3877.89892578125	0.0008045037087046224
3878.098876953125	0.0007637808211259985
3878.299072265625	0.000726488450153334
3878.4990234375	0.0006956101679846833
3878.69921875	0.000694323316301256
3878.899169921875	0.000662055902161391
3879.09912109375	0.000614632363884354
3879.29931640625	0.000642486242413583
3879.499267578125	0.0005989507053790053
3879.699462890625	0.0006201513331883535
3879.8994140625	0.0005598384967688938
3880.0	0.0005727977121220173
3880.099609375	0.0005856276791148621
3880.299560546875	0.0005358516658135646
3880.49951171875	0.0005609497213404613
3880.69970703125	0.000524943913741335
3880.899658203125	0.0005001883755462852
3881.099609375	0.00046554647875817726
3881.2998046875	0.0005005297828941859
3881.499755859375	0.0004523197883720758
3881.699951171875	0.00046754113074280317
3881.89990234375	0.00044253540726076643
3882.10009765625	0.00042833010497897906
3882.300048828125	0.00042170955304690307
3882.5	0.0004263558645689603
3882.7001953125	0.0003670657242234768
3882.900146484375	0.0003868880404671215
3883.10009765625	0.00035702562804988485
3883.30029296875	0.0003628171407367936
3883.500244140625	0.0003474412357739309
3883.700439453125	0.0003380451112412534
3883.900390625	0.00032473433253748537
3884.1005859375	0.0003210878098049648
3884.300537109375	0.00032411607264716606
3884.50048828125	0.00031148997428976803
3884.70068359375	0.00030300551335014453
3884.900634765625	0.00028300547655161443
3885.100830078125	0.0002943216190852678
3885.30078125	0.0003187687235788026
3885.5009765625	0.00026352027163217134
3885.700927734375	0.0002564079140629974
3885.90087890625	0.0002601228881747673
3886.10107421875	0.00022812250070717172
3886.301025390625	0.00023736596561034628
3886.501220703125	0.000232782829274844
3886.701171875	0.00022819862191316958
3886.901123046875	0.00019963835452163896
3887.101318359375	0.0002167216442412492
3887.30126953125	0.0002280441759085316
3887.50146484375	0.00023729379988668217
3887.701416015625	0.00020480105947666262
3887.901611328125	0.00018544861628713643
3888.1015625	0.00020853751948209055
3888.301513671875	0.00017556934056319007
3888.501708984375	0.00018643337405542962
3888.70166015625	0.00014491728555924153
3888.90185546875	0.00018001281753904914
3889.101806640625	0.0001689538488584763
3889.302001953125	0.00016343253465810376
3889.501953125	0.00017499382105995467
3889.701904296875	0.0001620834857142071
3889.902099609375	0.00018426923383514548
3890.0	0.00017195499366251066
3890.10205078125	0.0001591172627126996
3890.302001953125	0.00020971623273475647
3890.502197265625	0.00015430173195178813
3890.7021484375	0.0001453091844762538
3890.90234375	0.00012383841652104284
3891.102294921875	0.0001287045272190159
3891.302490234375	0.00015737433982003238
3891.50244140625	0.00013497325791981984
3891.702392578125	0.00015093714190383612
3891.902587890625	0.0001368525202525645
3892.1025390625	0.00013709883403711942
3892.302490234375	0.00013827012196451828
3892.502685546875	0.00014938525764723306
3892.70263671875	9.38964920006805e-05
3892.90283203125	0.00011379850410819514
3893.102783203125	0.00013509283114793936
3893.302978515625	0.00012654786634235237
3893.5029296875	0.00012748736890053332
3893.702880859375	0.00012541885461463706
3893.903076171875	0.00011779569408414555
3894.10302734375	8.540552584290816e-05
3894.30322265625	0.00010254428062496542
3894.503173828125	0.00010139809561780638
3894.703369140625	0.00011437488136061052
3894.9033203125	8.451710678354417e-05
3895.103515625	8.846330006830952e-05
3895.303466796875	5.048986936708207e-05
3895.50341796875	6.369838606767777e-05
3895.70361328125	5.629243948314209e-05
3895.903564453125	6.255405186197881e-05
3896.103515625	5.8158528366720304e-05
3896.3037109375	6.140922013357553e-05
3896.503662109375	7.393095869970485e-05
3896.703857421875	3.7780811773080885e-05
3896.90380859375	9.156483013205655e-05
3897.10400390625	8.717007792986794e-05
3897.303955078125	6.654407189010877e-05
3897.50390625	3.4782972678468646e-05
3897.7041015625	9.206909680398485e-05
3897.904052734375	5.334566934165734e-05
3898.104248046875	3.479449622424396e-05
3898.30419921875	4.0598054939486364e-05
3898.50439453125	6.125182952465581e-05
3898.704345703125	8.49266732740275e-05
3898.904296875	4.7805530186727096e-05
3899.1044921875	6.057582874610471e-05
3899.304443359375	5.52438185836666e-05
3899.50439453125	5.7803476513765155e-05
3899.70458984375	1.6251768535188774e-05
3899.904541015625	5.131480506314817e-05
3900.0	4.666715662126739e-05
3900.104736328125	4.156762805524096e-05
3900.3046875	5.364996768788005e-05
3900.5048828125	3.484208372796574e-05
3900.704833984375	4.669433369773441e-05
3900.90478515625	5.506450382103668e-05
3901.10498046875	3.229933088011737e-05
3910.0	2.9291558074543667e-05
3920.0	2.5844839413817974e-05
3930.0	2.2358795719116874e-05
3940.0	1.8849772746553583e-05
3950.0	1.528215107156746e-05
3960.0	1.1675339283050047e-05
3970.0	8.036405065872423e-06
3980.0	4.348391855510436e-06
3990.0	6.215281437592729e-07
3991.12841796875	1.9856770082144785e-07
4000.0	1.5734339147307557e-07
4001.131103515625	1.5197617016591432e-07
4010.0	1.2281096246093883e-07
4011.133544921875	1.1907790715370837e-07
4020.0	9.872519720655655e-08
4021.13623046875	9.61226564832431e-08
4030.0	1.0349414742099671e-07
4031.138916015625	1.0444045555648353e-07
4040.0	9.91748534119579e-08
4041.1416015625	9.849497322327262e-08
4050.0	1.01636229912132e-07
4051.14404296875	1.0205256753189115e-07
4060.0	1.0636605713608649e-07
4061.146728515625	1.0691539775074227e-07
4070.0	1.112165303138714e-07
4071.1494140625	1.117758445068856e-07
4080.0	1.3384756612343981e-07
4081.15185546875	1.367389574749352e-07
4090.0	1.3259680685494555e-07
4091.154541015625	1.3204149338391999e-07
4100.0	1.323359328522139e-07
4101.1572265625	1.3237431694144242e-07
4110.0	1.1838847404274063e-07
4111.15966796875	1.1656228727141197e-07
4120.0	1.0832732248163977e-07
4121.16259765625	1.0723046885521525e-07
4130.0	8.007668432183999e-08
4131.1650390625	7.649023355979983e-08
4140.0	5.853449174331884e-08
4141.16748046875	5.615732346811078e-08
4150.0	3.474822720097815e-08
4151.17041015625	3.190923235570065e-08
4160.0	1.8618689590871575e-08
4161.1728515625	1.684681659578907e-08
4170.0	1.158718091910307e-08
4171.17529296875	1.0885595605638145e-08
4180.0	1.306729119227053e-09
4181.17822265625	2.5505428620630975e-11
4190.0	4.906921140485686e-10
4191.1806640625	5.530590652749676e-10
4200.0	2.972900550748454e-09
4201.18359375	3.2982303661049098e-09
4210.0	4.033011987988441e-09
4211.18603515625	4.13202985755219e-09
4220.0	3.026370720373453e-09
4221.1884765625	2.8773106477896874e-09
4230.0	2.913069444591853e-09
4231.19140625	2.9174820513823974e-09
4240.0	4.598813166493455e-09
4241.19384765625	4.82699406446571e-09
4250.0	3.0986246957628244e-09
4251.1962890625	2.863803052893511e-09
4260.0	7.670090364541236e-09
4261.19921875	8.325373732458397e-09
4270.0	8.278312881922803e-09
4271.20166015625	8.271872067454086e-09
4280.0	1.0201414463381388e-09
4281.20458984375	2.597023593712769e-11
4290.0	2.6000620967250624e-11
4291.20703125	2.6007453865961327e-11
4300.0	2.6057256480483757e-11
4301.20947265625	2.606139927522855e-11
4310.0	2.6091509773564406e-11
4311.21240234375	2.6095647674792198e-11
4320.0	7.816423819339122e-09
4321.21484375	8.894807179285066e-09
4330.0	4.6978284856589026e-09
4331.2177734375	4.1157211288480304e-09
4340.0	1.0210145756530877e-08
4341.22021484375	1.1057579461955084e-08
4350.0	2.6377043014349555e-09
4351.22265625	1.463646130232253e-09
4360.0	7.301915762114758e-09
4361.2255859375	8.11815849622108e-09
4370.0	2.0333792436324795e-09
4371.22802734375	1.1808142840367845e-09
4380.0	3.228906638323787e-09
4381.23046875	3.516438321118003e-09
4390.0	3.126690249913076e-09
4391.2333984375	3.071802304779065e-09
4400.0	4.0312749267722353e-10
4401.23583984375	2.644473867739729e-11
4410.0	4.837514563673647e-09
4411.23876953125	5.518393130683591e-09
4420.0	6.3043018128374295e-09
4421.2412109375	6.416457685640612e-09
4430.0	7.82916781517741e-09
4431.244140625	8.029781891882273e-09
4440.0	1.7880733592374748e-09
4441.24658203125	8.979819116581689e-10
4450.0	3.859675832580562e-09
4451.2490234375	4.282964794455406e-09
4460.0	9.660714191568836e-10
4461.251953125	4.908237820705201e-10
4470.0	1.7411131549657978e-09
4471.25439453125	1.920630915765604e-09
4480.0	1.9963265767216147e-09
4481.25732421875	2.007226919984767e-09
4490.0	8.571072472174408e-09
4491.259765625	9.518408229276172e-09
4500.0	1.5298774719003928e-08
4501.26220703125	1.613279854483372e-08
4510.0	1.1135937590516567e-08
4511.26513671875	1.0413136403310483e-08
4520.0	1.023040132634612e-08
4521.267578125	1.0202739558301169e-08
4530.0	1.6227692166104427e-08
4531.2705078125	1.7104792339731194e-08
4540.0	1.508311603190606e-08
4541.27294921875	1.4788139580565985e-08
4550.0	1.6943714528293692e-08
4551.275390625	1.7258914376747154e-08
4560.0	1.863692096593552e-08
4561.2783203125	1.8840989209464044e-08
4570.0	2.685523084193392e-08
4571.28076171875	2.8030719823361673e-08
4580.0	4.4498398245001044e-08
4581.28369140625	4.692425940461154e-08
4590.0	4.4855239208353436e-08
4591.2861328125	4.454977670454789e-08
4600.0	4.4267368399515544e-08
4601.28857421875	4.422557217343257e-08
4610.0	3.1036141709357723e-08
4611.29150390625	2.908281700229053e-08
4620.0	3.4067373149045644e-08
4621.2939453125	3.480519906976338e-08
4630.0	2.86414693309418e-08
4631.296875	2.772198671499277e-08
4640.0	3.501820383024623e-08
4641.29931640625	3.610785834182373e-08
4650.0	3.277262848796796e-08
4651.3017578125	3.227345782117512e-08
4660.0	3.822977915898625e-08
4661.3046875	3.912351450704566e-08
4670.0	4.4776451567742234e-08
4671.30712890625	4.563159439941456e-08
4680.0	4.683740929029342e-08
4681.31005859375	4.701410918711354e-08
4690.0	4.5574139340740255e-08
4691.3125	4.5356555988416247e-08
4700.0	4.315187005296563e-08
4701.3154296875	4.281791918696355e-08
4710.0	3.393838878303883e-08
4711.31787109375	3.2590467096449156e-08
4720.0	2.8477034434783555e-08
4721.3203125	2.7851290045422617e-08
4730.0	2.657756729558088e-08
4731.3232421875	2.6383316769554013e-08
4740.0	1.3952923622126625e-08
4741.32568359375	1.2054437075752418e-08
4750.0	1.6860859826465273e-08
4751.32861328125	1.7595934681956095e-08
4760.0	2.3128279248830808e-08
4761.3310546875	2.397778699713796e-08
4770.0	2.1448939761216237e-08
4771.333984375	2.1059663300772674e-08
4780.0	3.4244087394925085e-08
4781.33642578125	3.627802421251785e-08
4790.0	2.8452120579004314e-08
4791.3388671875	2.7242280157218384e-08
4800.0	3.5784670259080604e-08
4801.341796875	3.7108528314483316e-08
4810.0	3.727341237421154e-08
4811.34423828125	3.7303284818028347e-08
4820.0	3.542625172131392e-08
4821.34716796875	3.5129758815870916e-08
4830.0	2.844714991214166e-08
4831.349609375	2.74040714441673e-08
4840.0	2.818794587036455e-08
4841.3525390625	2.8310538444547977e-08
4850.0	2.4224630515755524e-08
4851.35498046875	2.358424087070423e-08
4860.0	2.3274284636624323e-08
4861.357421875	2.322559893162463e-08
4870.0	2.114454187116307e-08
4871.3603515625	2.081690848156829e-08
4880.0	1.1504306644689134e-08
4881.36279296875	1.00350216750626e-08
4890.0	1.2763758899764565e-08
4891.36572265625	1.3196864517314034e-08
4900.0	9.074982889968861e-09
4901.3681640625	8.420150383060685e-09
4910.0	3.431128819445012e-09
4911.37109375	2.63847118519527e-09
4920.0	1.299141520403349e-08
4921.37353515625	1.4639781475621114e-08
4930.0	7.0193119239529924e-09
4931.3759765625	5.80350640685604e-09
4940.0	1.3833801054340487e-08
4941.37890625	1.511809644422838e-08
4950.0	1.2191964922324989e-08
4951.38134765625	1.1722997374786853e-08
4960.0	7.575630679686544e-09
4961.38427734375	6.909335939452221e-09
4970.0	2.188764738840299e-09
4971.38671875	1.4287920194421253e-09
4980.0	1.20543169953277e-08
4981.3896484375	1.3769043656390186e-08
4990.0	1.1683613957566847e-08
4991.39208984375	1.1347709177706968e-08
5000.0	4.331429599914215e-09
5001.39501953125	3.192607108912053e-09
5010.0	9.73530494447807e-09
5011.3974609375	1.0797838394200881e-08
5020.0	8.741099459238338e-09
5021.39990234375	8.406408957009894e-09
5030.0	1.3171692390198876e-09
5031.40283203125	1.6079107446885048e-10
5040.0	1.6416039586439849e-09
5041.4052734375	1.8835974726576615e-09
5050.0	4.575843908547838e-09
5051.408203125	5.01685046984106e-09
5060.0	7.310574567487325e-10
5061.41064453125	2.7560552271568867e-11
5070.0	6.652795992803299e-09
5071.41357421875	7.742875263297786e-09
5080.0	4.207759026953775e-09
5081.416015625	3.6249081322296353e-09
5090.0	9.831277478373028e-10
5091.4189453125	5.46538793076292e-10
5100.0	3.2021475898222976e-09
5101.42138671875	3.6419286549205604e-09
5110.0	7.1198382293062315e-09
5111.42431640625	7.69714393218515e-09
5120.0	7.448443461851761e-09
5121.4267578125	7.407072748165275e-09
5130.0	2.992761985141117e-09
5131.42919921875	2.2573218658506586e-09
5140.0	2.2434509402184106e-09
5141.43212890625	2.240861542229035e-09
5150.0	2.8439586207280164e-09
5151.4345703125	2.9449162527902947e-09
5160.0	4.4669088472845775e-10
5161.4375	2.752004639561724e-11
5170.0	1.4305479929838973e-08
5171.43994140625	1.670602054912373e-08
5180.0	1.5641543390746706e-08
5181.44287109375	1.5462155119635426e-08
5190.0	1.1935170418897727e-08
5191.4453125	1.1339599413947775e-08
5200.0	1.6756850090670686e-08
5201.4482421875	1.7673734520532125e-08
5210.0	2.406802261419473e-08
5211.45068359375	2.5152457528796e-08
5220.0	3.512628815486721e-08
5221.45361328125	3.68216893937766e-08
5230.0	3.1888568597959756e-08
5231.4560546875	3.104856421027984e-08
5240.0	3.9031061796957786e-08
5241.45849609375	4.039346520274312e-08
5250.0	5.1944253295189576e-08
5251.46142578125	5.392019639890947e-08
5260.0	5.7833840370374635e-08
5261.4638671875	5.8504691322239845e-08
5270.0	6.460093497350735e-08
5271.466796875	6.564827002684815e-08
5280.0	7.086356779885638e-08
5281.46923828125	7.176133491011092e-08
5290.0	8.744609219893572e-08
5291.47216796875	9.015231047863829e-08
5300.0	8.449344372910797e-08
5301.474609375	8.351507401669693e-08
5310.0	7.337812948266596e-08
5311.4775390625	7.162159378509853e-08
5320.0	6.978249771666551e-08
5321.47998046875	6.946320486457981e-08
5330.0	4.738710974399256e-08
5331.48291015625	4.354548458279822e-08
5340.0	3.413882108413456e-08
5341.4853515625	3.249864503210427e-08
5350.0	1.823356134038365e-08
5351.48779296875	1.574145060754311e-08
5360.0	1.776236125067528e-08
5361.49072265625	1.8116188581202313e-08
5370.0	1.3357568859855204e-08
5371.4931640625	1.252272202158076e-08
5380.0	1.7917579992179716e-08
5381.49609375	1.8866171744593984e-08
5390.0	2.9209410188120408e-08
5391.49853515625	3.103167810014324e-08
5400.0	2.890881390237624e-08
5401.50146484375	2.853394914526492e-08
5410.0	3.653832978285019e-08
5411.50390625	3.795445409357188e-08
5420.0	3.966266166912864e-08
5421.5068359375	3.996552724357989e-08
5430.0	4.595506954654094e-08
5431.50927734375	4.7019112922017335e-08
5440.0	5.5229066993996015e-08
5441.51220703125	5.6690890833232755e-08
5450.0	6.361728734720566e-08
5451.5146484375	6.485294329802006e-08
5460.0	8.041955264898619e-08
5461.517578125	8.320281731200335e-08
5470.0	9.937145938048203e-08
5471.52001953125	1.0226798433047266e-07
5480.0	1.0921570593508495e-07
5481.5224609375	1.1046269262414326e-07
5490.0	1.2025815552714126e-07
5491.525390625	1.2202012853674516e-07
5500.0	1.3604844371930683e-07
5501.52783203125	1.3857779798693088e-07
5510.0	1.5391110149630924e-07
5511.53076171875	1.5668080622146413e-07
5520.0	1.6087024239233363e-07
5521.533203125	1.6162841386932104e-07
5530.0	1.6705231489689267e-07
5531.5361328125	1.6803598185543927e-07
5540.0	1.8871595803355512e-07
5541.53857421875	1.9247406886235656e-07
5550.0	2.1732447265837998e-07
5551.54150390625	2.2185044888801524e-07
5560.0	2.5696263182831014e-07
5561.5439453125	2.6336992371161694e-07
5570.0	3.0369507609728807e-07
5571.546875	3.1102904856199936e-07
5580.0	3.634083101910702e-07
5581.54931640625	3.730466546942969e-07
5590.0	4.2833504002081286e-07
5591.55224609375	4.3848791017699843e-07
5600.0	5.094424371166078e-07
5601.5546875	5.224967888929629e-07
5610.0	5.901572743828425e-07
5611.5576171875	6.026326736662978e-07
5620.0	6.839304478404514e-07
5621.56005859375	6.989484555746174e-07
5630.0	7.759584799772331e-07
5631.56298828125	7.901829535641704e-07
5640.0	8.671692255787859e-07
5641.5654296875	8.814459144858994e-07
5650.0	8.981313598102869e-07
5651.56787109375	9.012312461437104e-07
5660.0	8.98655318309465e-07
5661.57080078125	8.981752566484089e-07
5670.0	8.682202760169096e-07
5671.57373046875	8.626298551621686e-07
5680.0	7.885278096826682e-07
5681.576171875	7.746737678378079e-07
5690.0	6.893821167432441e-07
5691.57861328125	6.734072946410813e-07
5700.0	5.742645135079922e-07
5701.58154296875	5.55656095496987e-07
5710.0	4.6167123524722405e-07
5711.583984375	4.43997226145431e-07
5720.0	3.4240177553567695e-07
5721.5869140625	3.2321209880330565e-07
5730.0	2.5793571200502614e-07
5731.58935546875	2.4565429399808713e-07
5740.0	1.8518368547623765e-07
5741.59228515625	1.737419976237509e-07
5750.0	1.2623260371907494e-07
5751.5947265625	1.1722634683019676e-07
5760.0	8.75241943591696e-08
5761.59765625	8.188166055144213e-08
5770.0	6.01389386229759e-08
5771.60009765625	5.6000669951169954e-08
5780.0	3.682388702993886e-08
5781.60302734375	3.316625753639668e-08
5790.0	2.6174937239666954e-08
5791.60546875	2.4838968918514344e-08
5800.0	1.8827791096262255e-08
5801.6083984375	1.7676703500159914e-08
5810.0	7.797564912280168e-09
5811.61083984375	5.902243692322368e-09
5820.0	9.743160216781502e-10
5821.61376953125	2.6890376079448705e-11
5830.0	8.207972988904837e-09
5831.6162109375	9.784007085126934e-09
5840.0	3.4525969481994405e-09
5841.619140625	2.2303265478231574e-09
5850.0	2.840740796857551e-09
5851.62158203125	2.958801389973395e-09
5860.0	6.417697078293608e-09
5861.62451171875	7.0880802013430736e-09
5870.0	1.174978921125265e-09
5871.626953125	2.681313301949215e-11
5880.0	1.125643687641678e-08
5881.6298828125	1.3441495544438371e-08
5890.0	2.215233927508156e-09
5891.63232421875	2.6791539218963864e-11
5900.0	6.793336302686433e-09
5901.634765625	8.113638375572102e-09
5910.0	1.3493590221850482e-09
5911.6376953125	2.674731872556735e-11
5920.0	8.830945776351503e-09
5921.640625	1.0557587348652937e-08
5930.0	1.0287848748876447e-08
5931.64306640625	1.0234853835097692e-08
5940.0	7.993014165462513e-09
5941.6455078125	7.551765553533111e-09
5950.0	7.713045134949809e-09
5951.6484375	7.74485674900668e-09
5960.0	3.153983165409884e-09
5961.65087890625	2.246843949724258e-09
5970.0	4.278199235274951e-09
5971.65380859375	4.679763093894206e-09
5980.0	7.965296940006212e-10
5981.65673828125	2.6651923718955453e-11
5990.0	4.805522573347513e-09
5991.6591796875	5.7555115900662484e-09
6000.0	8.008856755414895e-09
6001.66162109375	8.458676436747139e-09
6010.0	7.615810068824192e-09
6011.66455078125	7.447493348361294e-09
6020.0	5.471094162793038e-09
6021.6669921875	5.075681074257523e-09
6030.0	8.633578336785677e-09
6031.669921875	9.34536227923552e-09
6040.0	2.3948209340928814e-09
6041.67236328125	1.0003378898891774e-09
6050.0	1.897711983745569e-10
6051.67529296875	2.665962186060139e-11
6060.0	2.3809459157540966e-09
6061.677734375	2.855560996993004e-09
6070.0	6.124368231255427e-09
6071.6806640625	6.7846963720872585e-09
6080.0	1.1641329583577466e-09
6081.68310546875	2.6683292167345225e-11
6090.0	3.332903340704475e-09
6091.68603515625	4.002780495604212e-09
6100.0	2.9411107881472366e-09
6101.6884765625	2.7260067573824885e-09
6110.0	1.005094294741843e-08
6111.69140625	1.1542022192810798e-08
6120.0	5.492630375551092e-09
6121.69384765625	4.258994156125247e-09
6130.0	4.428045136795681e-09
6131.69677734375	4.462587630048403e-09
6140.0	1.0439176848033442e-08
6141.69921875	1.1662627274299735e-08
6150.0	6.17189983002629e-09
6151.7021484375	5.044908366656189e-09
6160.0	8.814944934371347e-10
6161.70458984375	2.670153393654804e-11
6170.0	7.886596332461517e-09
6171.70751953125	9.50494865615459e-09
6180.0	5.4744093714179425e-09
6181.7099609375	4.643039843625935e-09
6190.0	3.805719470616264e-09
6191.712890625	3.632659074792976e-09
6200.0	4.545259053695163e-09
6201.71533203125	4.7335177592090494e-09
6210.0	7.928680401068272e-09
6211.71826171875	8.592248541891756e-09
6220.0	8.027530609306902e-09
6221.720703125	7.910164729053449e-09
6230.0	5.047640044062704e-09
6231.7236328125	4.4515828003373856e-09
6240.0	1.3397286777408565e-08
6241.72607421875	1.5261351996176877e-08
6250.0	1.003264546774999e-08
6251.72900390625	8.941865266272204e-09
6260.0	5.216348391436488e-09
6261.7314453125	4.43617937190944e-09
6270.0	1.0996381008903941e-08
6271.734375	1.2372875967087009e-08
6280.0	1.1847837956204892e-08
6281.73681640625	1.1737473562865358e-08
6290.0	6.2490648762083e-09
6291.73974609375	5.092384251032526e-09
6300.0	8.576178928299747e-09
6301.7421875	9.311944983250453e-09
6310.0	9.885910924238986e-09
6311.7451171875	1.0007234256532695e-08
6320.0	9.957656215972775e-09
6321.74755859375	9.947151070071985e-09
6330.0	1.084323965288017e-08
6331.75048828125	1.1031719085000124e-08
6340.0	9.480827544125096e-09
6341.7529296875	9.152825212690962e-09
6350.0	7.630732804647478e-09
6351.755859375	7.306561484081015e-09
6360.0	3.150747167457226e-09
6361.75830078125	2.264133249768403e-09
6370.0	1.1712214814976459e-08
6371.76123046875	1.372975035866323e-08
6380.0	1.2264810504549477e-08
6381.763671875	1.195317825374666e-08
6390.0	3.179476793416272e-09
6391.7666015625	1.2970919435976342e-09
6400.0	2.5150261482288944e-10
6401.76904296875	2.6784686226826027e-11
6410.0	1.2451962330025387e-08
6411.77197265625	1.5125265857623357e-08
6420.0	1.0067526606159826e-08
6421.7744140625	8.978807460261872e-09
6430.0	8.095675762045752e-09
6431.77734375	7.904547875116988e-09
6440.0	3.4473661386815726e-09
6441.77978515625	2.4825477183065566e-09
6450.0	8.207105981079224e-09
6451.78271484375	9.447205442424521e-09
6460.0	2.0541509096408544e-09
6461.78515625	4.494169679086584e-10
6470.0	8.855590129224356e-09
6471.7880859375	1.0685375957587547e-08
6480.0	1.0034003920651573e-08
6481.79052734375	9.89195414389805e-09
6490.0	9.343879558976137e-09
6491.79345703125	9.222712870970762e-09
6500.0	6.059952316326414e-09
6501.7958984375	5.367668135394993e-09
6510.0	6.449970858954772e-09
6511.798828125	6.686875500082125e-09
6520.0	8.55516901840756e-09
6521.80126953125	8.963438660013517e-09
6530.0	6.829120221912795e-09
6531.80419921875	6.361591872309274e-09
6540.0	8.217923328023425e-09
6541.806640625	8.626436519601728e-09
6550.0	1.40687707075697e-08
6551.8095703125	1.5268746821113638e-08
6560.0	1.1675115202597904e-08
6561.81201171875	1.0879686082778511e-08
6570.0	1.1038029688293767e-08
6571.81494140625	1.107473867051127e-08
6580.0	6.450176290765847e-09
6581.8173828125	5.425068197770769e-09
6590.0	2.647397968152521e-09
6591.8203125	2.0301984225733137e-09
6600.0	3.906446599141583e-10
6601.82275390625	2.6226397390541478e-11
6610.0	5.173179705241501e-09
6611.82568359375	6.320335520514646e-09
6620.0	5.742144630627845e-09
6621.828125	5.6130547359879025e-09
6630.0	1.304562745511532e-08
6631.8310546875	1.4704788925556058e-08
6640.0	1.7717361670525054e-08
6641.83349609375	1.8394375099610667e-08
6650.0	1.1072950495554983e-08
6651.83642578125	9.430032211449944e-09
6660.0	1.0924313675648813e-08
6661.8388671875	1.1258383645493156e-08
6670.0	9.744667138466594e-09
6671.841796875	9.405551108397512e-09
6680.0	1.2365355073541001e-08
6681.84423828125	1.3032997443187911e-08
6690.0	1.4102827797585867e-08
6691.84716796875	1.4342314781526527e-08
6700.0	8.43122382496705e-09
6701.849609375	7.095348943350622e-09
6710.0	8.272305409924747e-09
6711.8525390625	8.53923731045413e-09
6720.0	9.770992428342432e-09
6721.85498046875	1.0049206825843873e-08
6730.0	4.2434839988152895e-09
6731.85791015625	2.923644471742962e-09
6740.0	2.05811053915263e-09
6741.8603515625	1.8607754907755005e-09
6750.0	8.574432041101495e-09
6751.86328125	1.0106304428809045e-08
6760.0	9.38964823047397e-09
6761.86572265625	9.227295337742348e-09
6770.0	5.0511953729027835e-09
6771.86865234375	4.093926509596906e-09
6780.0	1.5620922164192102e-08
6781.87109375	1.8264611993430698e-08
6790.0	1.1521017678724663e-08
6791.8740234375	9.972706063987344e-09
6800.0	1.637986733639481e-08
6801.87646484375	1.785616782091891e-08
6810.0	9.183425329365688e-09
6811.87939453125	7.180203757834918e-09
6820.0	1.5146556027545744e-08
6821.88232421875	1.6990226040887655e-08
6830.0	1.8235654668752484e-08
6831.884765625	1.8524980821674338e-08
6840.0	2.7444520506121057e-08
6841.8876953125	2.9510390492488066e-08
6850.0	2.666265034646738e-08
6851.89013671875	2.600524799449649e-08
6860.0	3.382052837983364e-08
6861.892578125	3.563488985993894e-08
6870.0	4.4913700671915865e-08
6871.8955078125	4.7084596833412305e-08
6880.0	5.162731707984234e-08
6881.8984375	5.268926590115804e-08
6890.0	6.136991922155907e-08
6891.90087890625	6.339218107872439e-08
6900.0	7.666376976085338e-08
6901.90380859375	7.97877092074202e-08
6910.0	8.687197658168866e-08
6911.90625	8.853670557512184e-08
6920.0	1.0180696747864706e-07
6921.9091796875	1.0491368933928439e-07
6930.0	1.1129844276779929e-07
6931.91162109375	1.1282127396258324e-07
6940.0	1.233384136238276e-07
6941.91455078125	1.2580189946988902e-07
6950.0	1.2961927872969987e-07
6951.9169921875	1.3054338616795957e-07
6960.0	1.3048193292846043e-07
6961.919921875	1.3046742667703996e-07
6970.0	1.4849126208483257e-07
6971.92236328125	1.5274550850090243e-07
6980.0	1.5445744275429889e-07
6981.92529296875	1.5489015475654593e-07
6990.0	1.5336113935567508e-07
6991.927734375	1.5299675131229692e-07
7000.0	1.524024002615951e-07
7001.9306640625	1.5220332365885644e-07
7010.0	1.5250677468742045e-07
7011.93310546875	1.52604601646722e-07
7020.0	1.382127305562373e-07
7021.93603515625	1.3474656628409667e-07
7030.0	1.3646746497611372e-07
7031.9384765625	1.3689307760016016e-07
7040.0	1.2336536073113528e-07
7041.94140625	1.201185193339124e-07
7050.0	1.1562660773114489e-07
7051.94384765625	1.145272021370614e-07
7060.0	9.872725676280593e-08
7061.94677734375	9.494141766912826e-08
7070.0	8.866741911651353e-08
7071.94921875	8.713912620615382e-08
7080.0	7.366654955947471e-08
7081.9521484375	7.04255557828463e-08
7090.0	6.252589969774227e-08
7091.95458984375	6.060346865925725e-08
7100.0	5.965898505984111e-08
7101.95751953125	5.944022798033766e-08
7110.0	4.9984466034187635e-08
7111.9599609375	4.76879055011945e-08
7120.0	3.664730661490296e-08
7121.962890625	3.395518858598956e-08
7130.0	3.167053390948762e-08
7131.96533203125	3.111955031206422e-08
7140.0	2.1205940309982906e-08
7141.96826171875	1.87824496631533e-08
7150.0	2.5966702287971827e-08
7151.970703125	2.7726636208489954e-08
7160.0	2.3198618706257705e-08
7161.9736328125	2.2085593587690758e-08
7170.0	8.956794539258797e-09
7171.97607421875	5.739372147085676e-09
7180.0	7.203470449988921e-09
7181.97900390625	7.563324663435145e-09
7190.0	1.0099131774826114e-08
7191.98193359375	1.072168773525196e-08
7200.0	1.1991793472405244e-08
7201.984375	1.2306897900129246e-08
7210.0	4.938230572688842e-09
7211.9873046875	3.1170532590287677e-09
7220.0	3.422177069999575e-09
7221.98974609375	3.4982246307904183e-09
7230.0	3.814093490358961e-09
7231.99267578125	3.891408240178164e-09
7240.0	4.900179783037902e-09
7241.9951171875	5.151234459686264e-09
7250.0	1.043169373838286e-09
7251.998046875	2.1712646561187026e-11
7260.0	2.5116996647717523e-09
7262.00048828125	3.1318062949386723e-09
7270.0	6.425516969030141e-10
7272.00341796875	2.1531022389092823e-11
7280.0	2.625906594626673e-09
7282.005859375	3.2760923998626842e-09
7290.0	4.808248758479409e-09
7292.0087890625	5.192338870129431e-09
7300.0	1.0578308356448555e-09
7302.01123046875	2.1260896608411732e-11
7310.0	2.158463722187366e-10
7312.01416015625	2.647205131161517e-10
7320.0	3.3047317702832356e-09
7322.0166015625	4.068716274890184e-09
7330.0	9.068515389770745e-09
7332.01953125	1.0329127014842006e-08
7340.0	4.737576756199449e-09
7342.02197265625	3.3257396365275617e-09
7350.0	5.997856666575678e-09
7352.02490234375	6.674026431228985e-09
7360.0	5.058600287115479e-09
7362.02734375	4.6486932951009565e-09
7370.0	9.564146411129637e-10
7372.0302734375	2.0623896299139938e-11
7380.0	1.9484162684805556e-09
7382.03271484375	2.437765250509658e-09
7390.0	5.105166092968591e-10
7392.03564453125	2.0446425757035098e-11
7400.0	1.8439404078525222e-09
7402.0380859375	2.30834858344363e-09
7410.0	5.80311725213868e-10
7412.041015625	1.394646514099954e-10
7420.0	4.448351937690684e-11
7422.04345703125	2.0188105534477937e-11
7430.0	4.473569157344314e-09
7432.04638671875	5.61510917660327e-09
7440.0	2.3329687271776693e-09
7442.04931640625	1.4898692107757775e-09
7450.0	3.2044285445652945e-10
7452.0517578125	1.9945069760849413e-11
7460.0	1.9891648451497554e-11
7462.0546875	1.9874226779855327e-11
7470.0	1.376774084898184e-09
7472.05712890625	1.726904621880713e-09
7480.0	1.6066235395426852e-09
7482.06005859375	1.5752457320955836e-09
7490.0	1.4008827609971992e-09
7492.0625	1.3560330227388768e-09
7500.0	7.309484160689657e-10
7502.0654296875	5.68697426376269e-10
7510.0	1.3261152156049493e-10
7512.06787109375	1.9485092270462058e-11
7520.0	3.458916208681974e-09
7522.07080078125	4.35272057624331e-09
7530.0	2.8823894002817007e-09
7532.0732421875	2.500154521210117e-09
7540.0	5.077069286519164e-09
7542.076171875	5.7484562584784e-09
7550.0	8.566095437962044e-09
7552.07861328125	9.303542442433546e-09
7560.0	3.656939338010425e-09
7562.08154296875	2.1782286925785416e-09
7570.0	6.630431646733708e-09
7572.083984375	7.798211263156177e-09
7580.0	1.6371579215989486e-09
7582.0869140625	1.8932453197647886e-11
7590.0	2.9785906908054755e-09
7592.08984375	3.757324064238708e-09
7600.0	6.015882952879996e-09
7602.09228515625	6.609812174668247e-09
7610.0	5.075876262816816e-09
7612.09521484375	4.671310662103209e-09
7620.0	3.055625101299174e-09
7622.09765625	2.6293471312242443e-09
7630.0	8.081758634483457e-10
7632.1005859375	3.2575224755900147e-10
7640.0	1.43115488988897e-10
7642.10302734375	9.478997194730941e-11
7650.0	3.436886427821542e-11
7652.10595703125	1.8330877707132655e-11
7660.0	3.3660017856973457e-09
7662.1083984375	4.255745089771376e-09
7670.0	6.514425707885358e-09
7672.111328125	7.114391096844801e-09
7680.0	5.993704408861875e-09
7682.11376953125	5.696206879878274e-09
7690.0	2.044876518063755e-09
7692.11669921875	1.0694482995921891e-09
7700.0	2.5723465566532464e-09
7702.119140625	2.973986069942965e-09
7710.0	6.420093067395288e-10
7712.1220703125	1.7737321971503967e-11
7720.0	5.169245009701494e-09
7722.12451171875	6.5503688266889585e-09
7730.0	4.8328529172554694e-09
7732.12744140625	4.372415303032548e-09
7740.0	1.6961343836250999e-09
7742.1298828125	9.754766179650694e-10
7750.0	4.199944705744628e-09
7752.1328125	5.069610109472583e-09
7760.0	7.538833648485252e-09
7762.13525390625	8.204075221775603e-09
7770.0	4.088384684688983e-09
7772.13818359375	2.9760144553903896e-09
7780.0	7.336001920583621e-09
7782.140625	8.517758256639223e-09
7790.0	6.3600230125269765e-09
7792.1435546875	5.773332905081927e-09
7800.0	1.2461753672859424e-09
7802.14599609375	1.6882476732329316e-11
7810.0	7.96733201292973e-09
7812.14892578125	1.0129724279669706e-08
7820.0	6.9566161186887024e-09
7822.1513671875	6.0934215306991225e-09
7830.0	6.82350030708158e-09
7832.154296875	7.022925515421659e-09
7840.0	8.399593966174861e-09
7842.1572265625	8.77619122613067e-09
7850.0	5.015771109544979e-09
7852.15966796875	3.9862153222446e-09
7860.0	8.71871114112996e-10
7862.16259765625	1.6380075717815827e-11
7870.0	3.2821161673611867e-09
7872.1650390625	4.180522303435872e-09
7880.0	9.158443468891244e-10
7882.16796875	1.6230095326644003e-11
7890.0	1.6165866729020594e-11
7892.17041015625	1.614809529017425e-11
7900.0	2.5046278090159394e-09
7902.17333984375	3.1925027258875775e-09
7910.0	5.171484906780421e-09
7912.17578125	5.718198633490402e-09
7920.0	3.1130854382784974e-09
7922.1787109375	2.3918186338016295e-09
7930.0	9.523135388463044e-09
7932.18115234375	1.1501246269286803e-08
7940.0	1.0078930269471961e-08
7942.18408203125	9.683626766768134e-09
7950.0	2.120663454428281e-09
7952.1865234375	1.5693291943666648e-11
7960.0	1.1650074959447868e-08
7962.189453125	1.4893507510474894e-08
7970.0	7.876120624682468e-09
7972.19189453125	5.916872683023924e-09
7980.0	3.95259481673559e-09
7982.19482421875	3.403994050052942e-09
7990.0	4.8324359992373766e-09
7992.19775390625	5.232120138967196e-09
8000.0	5.54931827153706e-09
8002.2001953125	5.6383060077670304e-09
8010.0	5.6492596728739054e-09
8012.203125	5.651334531319733e-09
8020.0	9.045938887158488e-09
8022.20556640625	1.0000818372271213e-08
8030.0	4.577388496175225e-09
8032.20849609375	3.050070462074475e-09
8040.0	4.891995450412697e-09
8042.2109375	5.411150983677063e-09
8050.0	6.699124439133556e-09
8052.2138671875	7.063142013332863e-09
8060.0	1.577251963723885e-09
8062.21630859375	2.437443026469198e-11
8070.0	6.726251236390436e-09
8072.21923828125	8.6263583283123e-09
8080.0	6.5182644210656945e-09
8082.2216796875	5.919660817998106e-09
8090.0	1.3221352822577217e-09
8092.224609375	1.4609785917800398e-11
8100.0	4.527904462448883e-09
8102.2275390625	5.813591129188219e-09
8110.0	5.461285472892462e-09
8112.22998046875	5.3607435125470495e-09
8120.0	4.165100799684131e-09
8122.23291015625	3.824211840569418e-09
8130.0	7.516348078389262e-09
8132.2353515625	8.572066901760299e-09
8140.0	8.993629495595325e-09
8142.23828125	9.114400519548146e-09
8150.0	9.25201063746189e-09
8152.24072265625	9.293370779505484e-09
8160.0	1.005361951077939e-08
8162.24365234375	1.027021967833763e-08
8170.0	4.457557588110245e-09
8172.24609375	2.784006617774513e-09
8180.0	4.349061572026947e-09
8182.2490234375	4.8013447063045904e-09
8190.0	1.0875611234995319e-09
8192.251953125	1.3842982944139035e-11
8200.0	1.3780391419538035e-11
8202.25390625	1.3762636408513467e-11
8210.0	1.370167440100359e-11
8212.2568359375	1.3686784526116658e-11
8220.0	1.3635707762287302e-11
8222.259765625	1.3617964877339124e-11
8230.0	3.524691483192662e-09
8232.2626953125	4.54574865676439e-09
8240.0	4.81265059658568e-09
8242.2646484375	4.891362702935975e-09
8250.0	5.852924828814775e-09
8252.267578125	6.132276701241862e-09
8260.0	6.084290541421272e-09
8262.2705078125	6.070236755110805e-09
8270.0	7.813673952966338e-09
8272.2734375	8.3254705128705e-09
8280.0	3.120874404084739e-09
8282.2763671875	1.593865928523146e-09
8290.0	1.980357816864274e-09
8292.2783203125	2.0937469482694554e-09
8300.0	4.856323744935119e-10
8302.28125	1.307395129921104e-11
8310.0	7.1409455436842e-09
8312.2841796875	9.240874023011413e-09
8320.0	8.770161045360507e-09
8322.287109375	8.629375503229197e-09
8330.0	1.079459027259829e-08
8332.2890625	1.1433650974137515e-08
8340.0	4.532268125898434e-09
8342.2919921875	2.4925601072244817e-09
8350.0	5.796921806067865e-10
8352.294921875	1.2747665179290112e-11
8360.0	1.269379357287498e-11
8362.2978515625	1.2677734048115506e-11
8370.0	6.021715300215761e-09
8372.2998046875	7.806039781814396e-09
8380.0	9.700968270059012e-09
8382.302734375	1.0266651127133276e-08
8390.0	6.022691102409263e-09
8392.3056640625	4.7562771554413665e-09
8400.0	1.1025482637436064e-09
8402.30859375	1.2412224310814427e-11
8410.0	7.381790441913434e-09
8412.310546875	9.58676964271292e-09
8420.0	6.506178828001093e-09
8422.3134765625	5.581811186104069e-09
8430.0	6.044898258093257e-09
8432.31640625	6.185049081221696e-09
8440.0	1.672882862503258e-09
8442.3193359375	3.1638482419978587e-10
8450.0	8.255441256594956e-11
8452.322265625	1.2146679841172693e-11
8460.0	1.2117030974444734e-11
8462.32421875	1.2105393608747709e-11
8470.0	1.2066908160618187e-11
8472.3271484375	1.2055233326938875e-11
8480.0	7.642518275475612e-09
8482.330078125	9.950050040220932e-09
8490.0	2.322403816961195e-09
8492.3330078125	1.1957442400080506e-11
8500.0	1.1927654980116568e-11
8502.3349609375	1.1912536208834222e-11
8510.0	1.1862837127026964e-11
8512.337890625	1.1847725033166303e-11
8520.0	1.1798127714861919e-11
8522.3408203125	1.1782980600559431e-11
8530.0	1.1733349140941274e-11
8532.34375	1.17207381486156e-11
8540.0	1.1679433207489766e-11
8542.3466796875	1.1664167959893123e-11
8550.0	1.1614312488001256e-11
8552.3486328125	1.1598996124444414e-11
8560.0	1.1549028194110651e-11
8562.3515625	1.1533644512831673e-11
8570.0	1.1483539054518913e-11
8572.3544921875	1.1470650475529578e-11
8580.0	1.1428688832058443e-11
8582.357421875	1.1413172724961644e-11
8590.0	2.2962749284619076e-07
8592.359375	3.001013722158594e-07
8600.0	7.056545491455247e-08
8602.3623046875	1.1281074958115545e-11
8610.0	1.1230454410363017e-11
8612.365234375	1.121727128550633e-11
8620.0	1.1174606911617314e-11
8622.3681640625	1.1158833953562462e-11
8630.0	1.1107932733878978e-11
8632.3701171875	1.1097409682618192e-11
8640.0	1.1063364417862016e-11
8642.373046875	1.105272342811039e-11
8650.0	1.1018353539324726e-11
8652.3759765625	1.1007588998098934e-11
8660.0	1.0972877640309948e-11
8662.37890625	1.0964479434128437e-11
8670.0	1.093737846979017e-11
8672.3818359375	1.0926370406510766e-11
8680.0	1.0890990610660806e-11
8682.3837890625	1.087986639677428e-11
8690.0	8.054822538117169e-07
8692.38671875	1.0567986056170113e-06
8700.0	5.697184771340293e-07
8702.3896484375	4.174977883089953e-07
8710.0	9.953163852515138e-08
8712.392578125	1.0740071182848986e-11
8720.0	1.0711141827286137e-11
8722.39453125	1.0699525311029072e-11
8730.0	1.0662455901068227e-11
8732.3974609375	1.0650715642475687e-11
8740.0	1.061331275487267e-11
8742.400390625	1.0601448988056409e-11
8750.0	1.0563714469141522e-11
8752.4033203125	1.0551725827905939e-11
8760.0	1.0513656480213624e-11
8762.4052734375	1.0503965783372755e-11
8770.0	1.047316292768521e-11
8772.408203125	1.0460919350071754e-11
8780.0	6.695002628012059e-08
8782.4111328125	8.810515437308746e-08
8790.0	2.119088803057931e-08
8792.4140625	1.0358169258393964e-11
8800.0	1.3026216195846403e-07
8802.416015625	1.714815380223877e-07
8810.0	4.66632985078194e-07
8812.4189453125	5.602950863668215e-07
8820.0	1.3509891130035016e-07
8822.421875	1.018064081464627e-11
8830.0	1.0130295929123775e-11
8832.4248046875	1.011816820766561e-11
8840.0	1.0080084916367293e-11
8842.427734375	1.0067817030756325e-11
8850.0	1.0029356489450117e-11
8852.4296875	1.0016952704403922e-11
8860.0	9.978108904933512e-12
8862.4326171875	9.965563757327016e-12
8870.0	9.926341268299264e-12
8872.435546875	9.915985958170219e-12
8880.0	9.88359514094361e-12
8882.4384765625	9.870755094476938e-12
8890.0	9.830741004340284e-12
8892.4404296875	9.817762486998332e-12
8900.0	9.77736116665855e-12
8902.443359375	9.76423912951977e-12
8910.0	9.72345728431791e-12
8912.4462890625	9.710190099412973e-12
8920.0	9.669023974674506e-12
8922.44921875	9.655612011700152e-12
8930.0	9.614063998217153e-12
8932.4521484375	9.600505636937001e-12
8940.0	9.558572023366639e-12
8942.4541015625	9.54714834621783e-12
8950.0	9.511787723641933e-12
8952.45703125	9.497930156985704e-12
8960.0	9.455186802341235e-12
8962.4599609375	9.441192448376429e-12
8970.0	9.39809636368913e-12
8972.462890625	9.383974642156859e-12
8980.0	9.340555600908565e-12
8982.46484375	9.326315539868389e-12
8990.0	9.282579193081714e-12
8992.4677734375	9.268199062012829e-12
9000.0	9.224103140196879e-12
9002.470703125	9.206720562236728e-12
9010.0	9.153625255582363e-12
9012.4736328125	9.13839536349023e-12
9020.0	9.091886615529844e-12
9022.4765625	9.07436247267506e-12
9030.0	9.021001382008495e-12
9032.478515625	9.00481312703988e-12
9040.0	8.955526900324538e-12
9042.4814453125	8.939252089502566e-12
9050.0	8.889779550259933e-12
9052.484375	8.873409428846166e-12
9060.0	8.823724916020285e-12
9062.4873046875	8.807262050746515e-12
9070.0	8.757373938902794e-12
9072.4892578125	8.740823652535355e-12
9080.0	8.690722588166566e-12
9082.4921875	8.676198599098635e-12
9090.0	8.632235804347233e-12
9092.4951171875	8.61547256420535e-12
9100.0	8.564884885445416e-12
9102.498046875	8.548014369672634e-12
9110.0	8.497182475329216e-12
9112.5	8.480219353385657e-12
9120.0	8.429161278037107e-12
9122.5029296875	8.412088451378642e-12
9130.0	8.360780348066067e-12
9132.505859375	8.343600291157715e-12
9140.0	8.29205029883091e-12
9142.5087890625	8.274761010695308e-12
9150.0	8.222963985141366e-12
9152.5107421875	8.205568531207327e-12
9160.0	8.153507552436722e-12
9162.513671875	8.135998197455913e-12
9170.0	8.083677881243985e-12
9172.5166015625	8.06605326992065e-12
9180.0	8.013470455423587e-12
9182.51953125	7.997727777933437e-12
9190.0	7.950766431309766e-12
9192.5224609375	7.932889614315872e-12
9200.0	7.879719980637346e-12
9202.5244140625	7.860447135552427e-12
9210.0	7.803235113970424e-12
9212.52734375	7.78386392536667e-12
9220.0	7.726449043083672e-12
9222.5302734375	7.706978754652216e-12
9230.0	7.649359474099911e-12
9232.533203125	7.630624138280158e-12
9240.0	7.575233843575823e-12
9242.53515625	7.556385725877405e-12
9250.0	7.500719675978462e-12
9252.5380859375	7.481750064179682e-12
9260.0	7.42581203577393e-12
9262.541015625	7.406717868734754e-12
9270.0	2.568120722575928e-08
9272.5439453125	3.434743240191629e-08
9280.0	8.683324505497047e-09
9282.546875	7.2554336503768284e-12
9290.0	7.198649711295018e-12
9292.548828125	7.179183852892927e-12
9300.0	7.122107983103331e-12
9302.5517578125	7.10433173176337e-12
9310.0	7.052222533431127e-12
9312.5546875	7.032479543872774e-12
9320.0	6.9747699935471844e-12
9322.5576171875	6.954892017262707e-12
9330.0	6.896877865325401e-12
9332.5595703125	6.876874518714759e-12
9340.0	6.8185547866327466e-12
9342.5625	6.798415500904798e-12
9350.0	6.739790226418455e-12
9352.5654296875	6.719514290873011e-12
9360.0	6.6605824258507905e-12
9362.568359375	6.64017166906687e-12
9370.0	6.580939422125659e-12
9372.5703125	6.56039344560028e-12
9380.0	6.5008305676555496e-12
9382.5732421875	6.480145987557501e-12
9390.0	6.420273766168333e-12
9392.576171875	6.399450475689265e-12
9400.0	6.339269603562401e-12
9402.5791015625	6.3165961403935745e-12
9410.0	6.2512518361679e-12
9412.58203125	6.2284792017353806e-12
9420.0	6.1629499131645436e-12
9422.583984375	6.1400889265376865e-12
9430.0	6.074372795442866e-12
9432.5869140625	6.05244445933691e-12
9440.0	5.989458427440707e-12
9442.58984375	5.96740192539938e-12
9450.0	5.9041450320042435e-12
9452.5927734375	5.881957683694533e-12
9460.0	5.8184232816974545e-12
9462.5947265625	5.796113426985934e-12
9470.0	5.732293856047225e-12
9472.59765625	5.709854800086324e-12
9480.0	5.645764006051471e-12
9482.6005859375	5.62319153187443e-12
9490.0	5.558818608403761e-12
9492.603515625	5.536114429235529e-12
9500.0	5.471465093106922e-12
9502.6064453125	5.457520922671775e-12
9510.0	5.417870141370062e-12
9512.6083984375	5.403841376900938e-12
9520.0	5.3639910999985725e-12
9522.611328125	5.349876581285468e-12
9530.0	5.309844053779578e-12
9532.6142578125	5.2956398389846666e-12
9540.0	5.2554146520120805e-12
9542.6171875	5.241120657898272e-12
9550.0	5.200703213058154e-12
9552.619140625	5.1863246907067e-12
9560.0	5.1457099410650905e-12
9562.6220703125	5.131241681306115e-12
9570.0	5.090435951060252e-12
9572.625	5.075875914311872e-12
9580.0	5.0348741714583554e-12
9582.6279296875	5.0202244309873654e-12
9590.0	4.979033067782221e-12
9592.630859375	4.96428993845574e-12
9600.0	4.9228993861537365e-12
9602.6328125	4.908932236104883e-12
9610.0	4.8697303212900015e-12
9612.6357421875	4.8530061434678395e-12
9620.0	4.806241691464295e-12
9622.638671875	4.790773714205581e-12
9630.0	4.747543969955651e-12
9632.6416015625	4.731956449493212e-12
9640.0	4.688460434579021e-12
9642.6435546875	4.6727944550767314e-12
9650.0	4.62912424960529e-12
9652.646484375	4.6133798055498926e-12
9660.0	4.569557530920216e-12
9662.6494140625	4.553729561254764e-12
9670.0	4.50974189561417e-12
9672.65234375	4.493832594479889e-12
9680.0	4.449686097864185e-12
9682.6552734375	4.4336940178362e-12
9690.0	4.38938529124874e-12
9692.6572265625	4.373318548739585e-12
9700.0	4.328848254981135e-12
9702.66015625	4.312699571722897e-12
9710.0	4.268070343646723e-12
9712.6630859375	4.2518401869341215e-12
9720.0	4.207053843469072e-12
9722.666015625	4.1907409483759804e-12
9730.0	4.145794609308098e-12
9732.66796875	4.129407264698541e-12
9740.0	4.084301671505989e-12
9742.6708984375	4.0678309958303e-12
9750.0	4.022564822327369e-12
9752.673828125	4.006012971739027e-12
9760.0	3.960592591639931e-12
9762.6767578125	3.9439602114129686e-12
9770.0	3.898387902789299e-12
9772.6796875	3.881673938272465e-12
9780.0	3.8359474038316845e-12
9782.681640625	3.8191585625531226e-12
9790.0	3.773273816596051e-12
9792.6845703125	3.756404599954135e-12
9800.0	3.7103698687972234e-12
9802.6875	3.692846412802474e-12
9810.0	3.645128379722797e-12
9812.6904296875	3.6275441310924963e-12
9820.0	3.5797327933687747e-12
9822.6923828125	3.562094965252619e-12
9830.0	3.5141864680090507e-12
9832.6953125	3.496859768085361e-12
9840.0	5.289848860454838e-09
9842.6982421875	7.2060387338282436e-09
9850.0	1.921653580760687e-09
9852.701171875	3.3678397770393728e-12
9860.0	3.3205748084143088e-12
9862.703125	3.3030381558295075e-12
9870.0	3.2556476489546154e-12
9872.7060546875	3.2380387921058825e-12
9880.0	3.1905248587549907e-12
9882.708984375	3.1728448351812572e-12
9890.0	3.1252106852148774e-12
9892.7119140625	3.107460188483301e-12
9900.0	3.059708113090819e-12
9902.71484375	3.0410077354015903e-12
9910.0	2.9908268259653338e-12
9912.716796875	2.972962974285224e-12
9920.0	2.9250266570684637e-12
9922.7197265625	2.9070941008286922e-12
9930.0	2.8590457317549257e-12
9932.72265625	2.841045476778527e-12
9940.0	2.792888134717708e-12
9942.7255859375	2.7748223458889275e-12
9950.0	2.7265621146613325e-12
9952.7275390625	2.7084350042027016e-12
9960.0	2.6600598961230576e-12
9962.73046875	2.6418681897544518e-12
9970.0	2.593393439067599e-12
9972.7333984375	2.575138095499763e-12
9980.0	2.526566608492111e-12
9982.736328125	2.5082467832598174e-12
9990.0	2.459576799504155e-12
9992.7392578125	2.441193670549415e-12
10000.0	2.3924286625441283e-12
10002.7412109375	2.376666118041717e-12
10010.0	2.3349334916487854e-12
10012.744140625	2.3191487352341236e-12
10020.0	2.277419577745572e-12
10022.7470703125	2.2616134435702177e-12
10030.0	2.219889998221539e-12
10032.75	2.2034074283661747e-12
10040.0	2.6914112856191022e-09
10042.751953125	3.6850026316042902e-09
10050.0	9.96680473546415e-10
10052.7548828125	2.0866766373531163e-12
10060.0	2.0450264277391894e-12
10062.7578125	2.029168099906572e-12
10070.0	1.9875347683191583e-12
10072.759765625	1.9716657774868925e-12
10080.0	1.9300458996164005e-12
10082.7626953125	1.9141614490122874e-12
10090.0	1.872562775355926e-12
10092.765625	1.8566643533233055e-12
10100.0	1.8150907074338884e-12
10102.7685546875	1.7991783675868004e-12
10110.0	9.358438490841604e-10
10112.771484375	1.2821140060830623e-09
10120.0	3.483588391329174e-10
10122.7744140625	1.6837372638831485e-12
10130.0	1.6409594756276342e-12
10132.77734375	1.6250290373813721e-12
10140.0	1.5836174144910736e-12
10142.779296875	1.5676824304909237e-12
10150.0	1.5262999596381684e-12
10152.7822265625	1.5103567391878727e-12
10160.0	1.4690138075182991e-12
10162.78515625	1.4530618351293362e-12
10170.0	1.4117571564602955e-12
10172.7880859375	1.3957972101092907e-12
10180.0	1.3545327298762681e-12
10182.7900390625	1.3385726224585685e-12
10190.0	1.2973482735782756e-12
10192.79296875	1.2813815698967717e-12
10200.0	1.2402008369290977e-12
10202.7958984375	1.230836763383507e-12
10210.0	1.206744471308197e-12
10212.7978515625	1.1977701007052911e-12
10220.0	1.174680093033763e-12
10222.80078125	1.1657012394304292e-12
10230.0	1.1426335857200358e-12
10232.8037109375	1.1336511166847703e-12
10240.0	1.1106079700867395e-12
10242.806640625	1.1016221797330333e-12
10250.0	1.0786042531372373e-12
10252.80859375	1.0696190542850188e-12
10260.0	3.955918242818039e-09
10262.8115234375	5.4548500619342435e-09
10270.0	1.5019246221077387e-09
10272.8154296875	1.005361335098594e-12
10280.0	9.81644148920888e-13
10282.8173828125	9.726624969987945e-13
10290.0	9.497782525149364e-13
10292.8203125	9.407953117676163e-13
10300.0	9.179411535911223e-13
10302.8232421875	9.089575930931442e-13
10310.0	8.8613512914774e-13
10312.826171875	8.771509048270342e-13
10320.0	8.543599873786847e-13
10322.828125	8.453784671416891e-13
10330.0	8.226166112178304e-13
10332.8310546875	8.136353193718888e-13
10340.0	7.909071213341822e-13
10342.833984375	7.816770175844409e-13
10350.0	7.583775233097741e-13
10352.8359375	7.494107210696381e-13
10360.0	7.267741567368391e-13
10362.8388671875	7.178084171890032e-13
10370.0	6.95207372057006e-13
10372.841796875	6.86242912029342e-13
10380.0	6.636778618895494e-13
10382.84375	6.547185636979003e-13
10390.0	6.321883181646671e-13
10392.8466796875	6.232308045151292e-13
10400.0	6.007376763761956e-13
10402.849609375	5.959297084722107e-13
10410.0	1.43514155000394e-10
10412.8525390625	1.9895104595900652e-10
10420.0	5.6067467963394736e-11
10422.85546875	5.631290030278863e-13
10430.0	5.516077880184011e-13
10432.8583984375	5.470009467313513e-13
10440.0	5.354995500425087e-13
10442.861328125	5.308940663851108e-13
10450.0	5.194126313339306e-13
10452.86328125	5.146414529067318e-13
10460.0	5.027707281895413e-13
10462.8662109375	4.9817488577631e-13
10470.0	4.86745018636231e-13
10472.869140625	4.82151041569163e-13
10480.0	4.70742238250563e-13
10482.8720703125	4.661500099525829e-13
10490.0	4.54761950877473e-13
10492.8740234375	4.501733092467522e-13
10500.0	4.388050653247533e-13
10502.876953125	4.340745362637118e-13
10510.0	4.2238398661303867e-13
10512.8798828125	4.178047546444347e-13
10520.0	4.064923731536135e-13
10522.8818359375	4.0191696643493203e-13
10530.0	3.9062486533902864e-13
10532.884765625	3.8605195719852865e-13
10540.0	3.7478218191145857e-13
10542.8876953125	3.7021167828938196e-13
10550.0	3.589639631218155e-13
10552.890625	3.542773759168759e-13
10560.0	3.427729186327801e-13
10562.892578125	3.3821460181460047e-13
10570.0	3.27023613940257e-13
10572.896484375	3.224663913135014e-13
10580.0	3.112993910996807e-13
10582.8994140625	3.067451151095767e-13
10590.0	5.156290353221419e-10
10592.9013671875	7.150219278945482e-10
10600.0	2.5928724444915755e-09
10602.904296875	3.3485030440242755e-09
10610.0	9.564973598401554e-10
10612.9072265625	2.7124319888102965e-13
10620.0	2.666578324570576e-13
10622.91015625	2.6477812854679526e-13
10630.0	2.6020301392729744e-13
10632.912109375	2.583255741185317e-13
10640.0	2.5376030420599934e-13
10642.9150390625	2.5179820930799875e-13
10650.0	2.470387790357948e-13
10652.91796875	2.451666485453032e-13
10660.0	2.4062721991568354e-13
10662.919921875	2.3875740159070866e-13
10670.0	2.3422787181275384e-13
10672.9228515625	2.323597375294345e-13
10680.0	2.278407049448916e-13
10682.92578125	2.259742587012078e-13
10690.0	2.2146570895142497e-13
10692.9287109375	2.195250084534502e-13
10700.0	2.1484865549906225e-13
10702.9306640625	2.129884460438367e-13
10710.0	2.085055664877859e-13
10712.93359375	2.066471599291755e-13
10720.0	2.0217495685761679e-13
10722.9365234375	2.0031835503801257e-13
10730.0	1.958568080068633e-13
10732.939453125	1.9393417855760112e-13
10740.0	1.893254348350857e-13
10742.9423828125	1.8747457131345957e-13
10750.0	1.8303936953009312e-13
10752.9453125	1.8119039804469173e-13
10760.0	1.7676597346244475e-13
10762.9482421875	1.7491887526103168e-13
10770.0	1.7050515898492086e-13
10772.9501953125	1.6860093971359264e-13
10780.0	1.6405997334265291e-13
10782.953125	1.6221936874996267e-13
10790.0	1.5783148651564063e-13
10792.9560546875	1.5599275308669147e-13
10800.0	1.5161549543243805e-13
10802.9580078125	1.5022517893801088e-13
10810.0	1.4691857106029665e-13
10812.9609375	1.4547792953020827e-13
10820.0	1.4206014567508835e-13
10822.9638671875	1.406745091900764e-13
10830.0	1.3738827804470322e-13
10832.966796875	1.360041076034388e-13
10840.0	1.3272596015328173e-13
10842.96875	1.3129664252593118e-13
10850.0	1.2791844438565683e-13
10852.9716796875	1.265394134808524e-13
10860.0	1.2328105882386147e-13
10862.974609375	1.2190356921627453e-13
10870.0	1.1865340832499e-13
10872.9765625	1.1727789324402674e-13
10880.0	1.1403541387644958e-13
10882.98046875	1.1262004903000751e-13
10890.0	1.092935821494972e-13
10892.9833984375	1.0792225270223394e-13
10900.0	1.0470017282211053e-13
10902.986328125	1.0333028641990377e-13
10910.0	1.0011609275018974e-13
10912.98828125	9.874816165603477e-14
10920.0	9.554153416958713e-14
10922.9912109375	9.414060540440326e-14
10930.0	9.086494356051468e-14
10932.994140625	8.95016102569331e-14
10940.0	8.631465859084269e-14
10942.99609375	8.495321999627397e-14
10950.0	8.177364610326415e-14
10952.9990234375	8.038393263254208e-14
10960.0	7.714659733170045e-14
10963.001953125	7.578964517051425e-14
10970.0	7.26293595537547e-14
10973.0048828125	7.127382917578795e-14
10980.0	4.763010223923206e-11
10983.0068359375	6.669694307971881e-11
10990.0	1.9150779948050063e-11
10993.009765625	6.21888708827188e-14
11000.0	5.904654994562288e-14
11003.0126953125	5.815849565983709e-14
11006.0263671875	0.0
