WAVELENGTH	THROUGHPUT
1989.95361328125	0.0
1990.0	1.3298049501266424e-08
1990.04638671875	1.3304728494681886e-08
2000.0	9.05243983210476e-09
2000.0482177734375	9.03018171850488e-09
2010.0	1.0711558251405968e-08
2010.0499267578125	1.0720083897623353e-08
2020.0	9.491257229491917e-09
2020.0517578125	9.484736775788715e-09
2030.0	1.243029466148892e-08
2030.053466796875	1.2446343145115934e-08
2040.0	1.1496882066349693e-08
2040.0552978515625	1.149153322842829e-08
2050.0	1.025592668124052e-08
2050.05712890625	1.024886122197519e-08
2060.0	1.0727103372936122e-08
2060.05908203125	1.0729968173527179e-08
2070.0	9.02851245054684e-09
2070.060791015625	9.017909499460836e-09
2080.0	1.215999387977476e-08
2080.062744140625	1.2180115356593624e-08
2090.0	1.0214538345314803e-08
2090.064697265625	1.0201566509381423e-08
2100.0	1.1360320065350858e-08
2100.066650390625	1.1369795588965983e-08
2110.0	1.0043139328497035e-08
2110.068603515625	1.0033606319222932e-08
2120.0	1.4392432605429683e-08
2120.070556640625	1.442424315004071e-08
2130.0	1.0284573967829393e-08
2130.072509765625	1.0253392870860725e-08
2140.0	1.5263240271889552e-08
2140.07470703125	1.530205599923962e-08
2150.0	8.525089125007975e-09
2150.07666015625	8.471033768596628e-09
2160.0	1.2574056218619297e-08
2160.07861328125	1.2607395953442361e-08
2170.0	1.5616773821136388e-08
2170.080810546875	1.5642030341168432e-08
2180.0	1.3932117232003293e-08
2180.082763671875	1.3917326863574349e-08
2190.0	1.4782394147845918e-08
2190.084716796875	1.4789901373316684e-08
2200.0	1.2243147341052272e-08
2200.0869140625	1.2220328061490588e-08
2210.0	1.4523039874351047e-08
2210.089111328125	1.4544380149537004e-08
2220.0	1.4881710320090388e-08
2220.091064453125	1.4884780236482722e-08
2230.0	1.4323970616320486e-08
2230.09326171875	1.431771046563601e-08
2240.0	1.809354861249751e-08
2240.095458984375	1.8130527598048387e-08
2250.0	1.6585985454913102e-08
2250.097412109375	1.6570485199201977e-08
2260.0	1.960220462120786e-08
2260.099609375	1.963326808758526e-08
2270.0	1.569545897009891e-08
2270.101806640625	1.565394370460329e-08
2280.0	1.6253926495360614e-08
2280.10400390625	1.6260102929110927e-08
2290.0	1.8406013148587334e-08
2290.106201171875	1.8429583668286883e-08
2300.0	1.6289507334547846e-08
2300.1083984375	1.6264461750577696e-08
2310.0	1.9788712926412954e-08
2310.110595703125	1.9828612881642618e-08
2320.0	1.4513585176052915e-08
2320.11279296875	1.4451880765868608e-08
2330.0	2.2793136114587532e-08
2330.114990234375	2.289158102422881e-08
2340.0	1.7294324006604068e-08
2340.1171875	1.7226988826600745e-08
2350.0	1.9219639485817514e-08
2350.119384765625	1.9243968029057114e-08
2360.0	2.5414757270138178e-08
2360.12158203125	2.549131972109773e-08
2370.0	1.476783413007635e-08
2370.123779296875	1.4631964820182021e-08
2380.0	2.3830659465792428e-08
2380.126220703125	2.3949649091330788e-08
2390.0	2.5561581007163572e-08
2390.12841796875	2.5582427826187636e-08
2400.0	1.8759671671178817e-08
2400.130615234375	1.8665414479105507e-08
2410.0	3.032097612206587e-08
2410.1328125	3.0477680350955205e-08
2420.0	2.7632327875873288e-08
2420.13525390625	2.759332504880091e-08
2430.0	2.245216399454764e-08
2430.137451171875	2.2379850191770894e-08
2440.0	1.7941806573135517e-08
2440.139892578125	1.787928009655306e-08
2450.0	2.0895860616540376e-08
2450.14208984375	2.0939211174984474e-08
2460.0	2.0613732168982824e-08
2460.144287109375	2.060869429380993e-08
2470.0	2.7359460261123692e-08
2470.146728515625	2.7459979639567185e-08
2480.0	2.8732250447362336e-08
2480.14892578125	2.875142609219629e-08
2490.0	1.779706542790063e-08
2490.1513671875	1.7628931843840275e-08
2500.0	2.0843323420126893e-08
2500.153564453125	2.089246279639166e-08
2510.0	2.1271602647782484e-08
2510.156005859375	2.1277566286285213e-08
2520.0	2.4914284221156003e-08
2520.158203125	2.497200371433781e-08
2530.0	2.083419462173964e-08
2530.16064453125	2.0767425302022825e-08
2540.0	1.6702735725238155e-08
2540.1630859375	1.663576919706915e-08
2550.0	1.7466058570399826e-08
2550.165283203125	1.7479648011180906e-08
2560.0	3.15322731608528e-08
2560.167724609375	3.17706939893198e-08
2570.0	2.048458476375391e-08
2570.169921875	2.0290745799672312e-08
2580.0	2.1650788886871982e-08
2580.17236328125	2.1674131438841336e-08
2590.0	2.2484910747517045e-08
2590.1748046875	2.2499572582768007e-08
2600.0	1.914770780728664e-08
2600.177001953125	1.908606692395272e-08
2610.0	1.9983588930871077e-08
2610.179443359375	1.999942179541805e-08
2620.0	1.8065360259373534e-08
2620.181884765625	1.8030234005399873e-08
2630.0	2.408819241402389e-08
2630.184326171875	2.420074575148467e-08
2640.0	1.5667099541393575e-08
2640.1865234375	1.5506467735674892e-08
2650.0	1.1571552885080721e-08
2650.18896484375	1.1496886673260014e-08
2660.0	1.7364735435671726e-08
2660.19140625	1.7477823229304567e-08
2670.0	1.8838972057968237e-08
2670.19384765625	1.8865160227279912e-08
2680.0	1.6603046997360574e-08
2680.1962890625	1.655859238158735e-08
2690.0	2.539790052573166e-08
2690.198486328125	2.557457891854408e-08
2700.0	1.828736530426648e-08
2700.200927734375	1.814393479763103e-08
2710.0	2.1404232951097194e-08
2710.20361328125	2.1472293865119466e-08
2720.0	2.0331884885737872e-08
2720.205810546875	2.030793504395517e-08
2730.0	1.7331597785276655e-08
2730.208251953125	1.726800791023532e-08
2740.0	1.6664057866407795e-08
2740.210693359375	1.665139964797286e-08
2750.0	1.8508932412771846e-08
2750.213134765625	1.8549003385500027e-08
2760.0	1.8328476985857432e-08
2760.215576171875	1.8323985857959978e-08
2770.0	1.6161147947753614e-08
2770.218017578125	1.6112971758532143e-08
2780.0	1.828932628446374e-08
2780.220458984375	1.8337991100577717e-08
2790.0	1.3329684484524228e-08
2790.222900390625	1.3215943487525889e-08
2800.0	1.2874281495832645e-08
2800.225341796875	1.2867876975207718e-08
2810.0	2.199053375573792e-08
2810.227783203125	2.2203663786974764e-08
2820.0	1.3850351828932005e-08
2820.230224609375	1.3653087751143632e-08
2830.0	2.7210725804117933e-08
2830.232666015625	2.7533857766448265e-08
2840.0	1.6553722617552814e-08
2840.235107421875	1.628904188988472e-08
2850.0	1.8482573178245216e-08
2850.237548828125	1.8536125859159043e-08
2860.0	1.4918165215210218e-08
2860.239990234375	1.482857546784041e-08
2870.0	1.5679668740126463e-08
2870.242431640625	1.5701207707402053e-08
2880.0	1.7693623860940337e-08
2880.244873046875	1.7743408479575496e-08
2890.0	1.7980203378581655e-08
2890.247314453125	1.7986622271843726e-08
2900.0	1.7769653725785867e-08
2900.25	1.776589245196585e-08
2910.0	1.8430580880051403e-08
2910.252197265625	1.8447464385251994e-08
2920.0	1.6055855432566083e-08
2920.2548828125	1.5993244474205454e-08
2930.0	2.177191725523802e-08
2930.25732421875	2.1925133020006808e-08
2940.0	1.7345815664202728e-08
2940.259765625	1.7223284479482504e-08
2950.0	1.823907571671192e-08
2950.26220703125	1.826660200024364e-08
2960.0	2.3110634713354558e-08
2960.2646484375	2.324268657847643e-08
2970.0	1.7230345313562158e-08
2970.26708984375	1.7064701568859428e-08
2980.0	1.9638208977318467e-08
2980.269775390625	1.9709564828682434e-08
2990.0	2.4800903215942408e-08
2990.272216796875	2.494484146426263e-08
3000.0	2.808667221303123e-08
3000.274658203125	2.8170254053384918e-08
3010.0	3.059056056446568e-08
3010.277099609375	3.066026765551494e-08
3020.0	2.6729869429481623e-08
3020.27978515625	2.6616675392836287e-08
3030.0	2.588535828388422e-08
3030.2822265625	2.5863412862904224e-08
3040.0	1.9752225318553646e-08
3040.28466796875	1.9573739529534813e-08
3050.0	2.2071193497353925e-08
3050.287109375	2.2144476809368353e-08
3060.0	2.3629298532625337e-08
3060.289794921875	2.3674200938850222e-08
3070.0	2.4322683031926836e-08
3070.292236328125	2.4341572652736304e-08
3080.0	2.3872359151776425e-08
3080.294677734375	2.3858743057450168e-08
3090.0	3.297620270675827e-08
3090.297119140625	3.3254616457741924e-08
3100.0	2.845187087704895e-08
3100.2998046875	2.8304263783987657e-08
3110.0	3.206549580923609e-08
3110.30224609375	3.218276136896978e-08
3120.0	3.2400866732257684e-08
3120.3046875	3.240683938020592e-08
3130.0	3.459048796466291e-08
3130.30712890625	3.466058835607743e-08
3140.0	3.382471646981712e-08
3140.309814453125	3.379704923725276e-08
3150.0	3.358017857907903e-08
3150.312255859375	3.357412181294305e-08
3160.0	2.9073507684293954e-08
3160.314697265625	2.8926404150355915e-08
3170.0	3.0173939427751526e-08
3170.3173828125	3.021565879870606e-08
3180.0	3.8602278952447964e-08
3180.31982421875	3.887835473271222e-08
3190.0	3.68230424119206e-08
3190.322509765625	3.675563558716519e-08
3200.0	4.280314699448265e-08
3200.324951171875	4.3003512490143704e-08
3210.0	3.963674099945423e-08
3210.327392578125	3.952412067402419e-08
3220.0	4.501859995219265e-08
3220.330078125	4.5204673975477174e-08
3230.0	4.52589279717858e-08
3230.33251953125	4.5262118699625157e-08
3240.0	4.8514636321246514e-08
3240.3349609375	4.8625823830033705e-08
3250.0	4.5996224001374346e-08
3250.337646484375	4.5905860682153354e-08
3260.0	4.109327070451588e-08
3260.340087890625	4.092273832706582e-08
3270.0	4.866334721170168e-08
3270.342529296875	4.8938908088687324e-08
3280.0	4.001568320206369e-08
3280.34521484375	3.969567846917601e-08
3290.0	4.5830254122653556e-08
3290.34765625	4.605224834512676e-08
3300.0	4.2016367502814155e-08
3300.350341796875	4.1868667723982544e-08
3310.0	5.342674112124393e-08
3310.352783203125	5.385036683380299e-08
3320.0	3.858190965731807e-08
3320.355224609375	3.801882450408924e-08
3330.0	5.356033921249941e-08
3330.35791015625	5.4137947880346976e-08
3340.0	5.016398746960093e-08
3340.3603515625	5.001396177972229e-08
3350.0	6.014397621541584e-08
3350.363037109375	6.052686397142507e-08
3360.0	6.114242632701493e-08
3360.365478515625	6.116379239887949e-08
3370.0	6.773717949058496e-08
3370.3681640625	6.799022055024014e-08
3380.0	5.071394637696474e-08
3380.37060546875	5.0047958153785925e-08
3390.0	5.7001821787090837e-08
3390.373291015625	5.7272889086281556e-08
3400.0	4.999170543244125e-08
3400.375732421875	4.969643134845167e-08
3410.0	5.5333238659059964e-08
3410.37841796875	5.5555175427232205e-08
3420.0	5.99061786014847e-08
3420.380859375	6.007533010421514e-08
3430.0	4.11968111502004e-08
3430.38330078125	4.045077777271732e-08
3440.0	5.095735845245657e-08
3440.385986328125	5.1374760448030995e-08
3450.0	4.629146772850085e-08
3450.388671875	4.6088858217242846e-08
3460.0	4.637036671558143e-08
3460.39111328125	4.638008848554829e-08
3470.0	5.572398765307446e-08
3470.393798828125	5.6104188843181546e-08
3480.0	3.9169260816983416e-08
3480.396240234375	3.8476854079488306e-08
3490.0	5.565859542464731e-08
3490.398681640625	5.636543540239416e-08
3500.0	5.8543165182139804e-08
3500.4013671875	5.863552297903709e-08
3510.0	5.9139233405682846e-08
3510.404052734375	5.915811045818478e-08
3520.0	5.170723918693371e-08
3520.406494140625	5.1395604889133534e-08
3530.0	5.046681099718585e-08
3530.4091796875	5.042555422548982e-08
3540.0	5.620047135587169e-08
3540.41162109375	5.6448449464976736e-08
3550.0	5.1838869477831846e-08
3550.414306640625	5.1639004570752894e-08
3560.0	3.805728044132033e-08
3560.416748046875	3.7471058582557594e-08
3570.0	4.8380518808421884e-08
3570.41943359375	4.885614928637612e-08
3580.0	5.183015635341212e-08
3580.422119140625	5.19583105275741e-08
3590.0	3.3782122896465456e-08
3590.424560546875	3.2983623366234615e-08
3600.0	5.2771811187263255e-08
3600.427001953125	5.366864508121765e-08
3610.0	5.890314148805485e-08
3610.4296875	5.9140821261922776e-08
3620.0	4.396211523321091e-08
3620.432373046875	4.3272631339976186e-08
3630.0	5.446563107756837e-08
3630.434814453125	5.4975049537234306e-08
3640.0	5.975937857372908e-08
3640.4375	5.998093727262591e-08
3650.0	5.76996843791592e-08
3650.440185546875	5.759214715543655e-08
3660.0	5.690702731892337e-08
3660.442626953125	5.6877435845937075e-08
3670.0	6.68026241449442e-08
3670.4453125	6.726378666515788e-08
3680.0	6.971560943847292e-08
3680.44775390625	6.983073172862161e-08
3690.0	8.782694713403896e-08
3690.450439453125	8.868073007753583e-08
3700.0	9.040985778657466e-08
3700.452880859375	9.048851022694376e-08
3710.0	9.929157998995595e-08
3710.45556640625	9.971641346756373e-08
3720.0	9.67293645863585e-08
3720.458251953125	9.658166171570497e-08
3730.0	1.1162744211712875e-07
3730.460693359375	1.1235531961726592e-07
3740.0	1.1646260844383662e-07
3740.46337890625	1.16667176656707e-07
3750.0	1.786399658752943e-06
3760.0	3.543940407417883e-06
3770.0	5.313027428907194e-06
3780.0	7.0859597074558054e-06
3790.0	8.865816644465082e-06
3800.0	1.0661807292554424e-05
3810.0	1.2505708699412468e-05
3820.0	1.4370348044353454e-05
3830.0	1.626983069188882e-05
3840.0	1.817755678445199e-05
3843.090087890625	1.877626977455601e-05
3843.2900390625	6.389088994728066e-05
3843.489990234375	2.871150295182789e-05
3843.690185546875	4.9010298146332025e-05
3843.89013671875	3.8651968702133685e-05
3844.09033203125	4.4272050054678954e-05
3844.290283203125	6.026110424414277e-05
3844.490478515625	0.00010152848533137869
3844.6904296875	7.820881539368587e-05
3844.890380859375	0.00010825349212006281
3845.090576171875	0.00013225521254576936
3845.29052734375	0.000123195044906402
3845.490478515625	0.0001703341490259853
3845.690673828125	0.0001818145589625393
3845.890625	0.0001775141001492421
3846.0908203125	0.00020910926588382935
3846.290771484375	0.00023617096109354238
3846.490966796875	0.00029157538905989555
3846.69091796875	0.0002502945266493246
3846.89111328125	0.0003228077224821859
3847.091064453125	0.0003827894466241125
3847.291015625	0.00039127993409318476
3847.4912109375	0.0005075619309949056
3847.691162109375	0.0004985367566000355
3847.89111328125	0.0005139737378300899
3848.09130859375	0.0006251209844057923
3848.291259765625	0.0007194057643578753
3848.491455078125	0.0008269271671850795
3848.69140625	0.0009281948623601608
3848.8916015625	0.0010065250560395878
3849.091552734375	0.0011427270258996286
3849.29150390625	0.0013153702386413493
3849.49169921875	0.0015136329865549558
3849.691650390625	0.0016755322826347925
3849.891845703125	0.0018921041623629013
3850.0	0.002029676957158854
3850.091796875	0.002146441114441265
3850.2919921875	0.0024381140510340324
3850.491943359375	0.0027944777242150712
3850.69189453125	0.0031619836443873423
3850.89208984375	0.0034825033655801175
3851.092041015625	0.004009618518513387
3851.2919921875	0.004509950386980947
3851.4921875	0.0053458550951463665
3851.692138671875	0.005951701089451957
3851.892333984375	0.0066208426568065155
3852.09228515625	0.007420804626258951
3852.29248046875	0.00846408141477612
3852.492431640625	0.009969168356984578
3852.6923828125	0.011468297599640402
3852.892578125	0.012905446245502328
3853.092529296875	0.014521875342511184
3853.29248046875	0.016595456513535757
3853.49267578125	0.019322944249570942
3853.692626953125	0.022505111776862773
3853.892822265625	0.02475695751080039
3854.093017578125	0.02769339236496351
3854.29296875	0.030818476386943457
3854.492919921875	0.034057511786891634
3854.693115234375	0.038982409082552565
3854.89306640625	0.04372166843562495
3855.093017578125	0.0479640926668009
3855.293212890625	0.051962196863602074
3855.4931640625	0.057476362570273026
3855.693359375	0.06364951711665359
3855.893310546875	0.0685193328883286
3856.093505859375	0.07330932728816282
3856.29345703125	0.07749837450415824
3856.493408203125	0.08166637893898676
3856.693603515625	0.08696220369529398
3856.8935546875	0.0938461144304845
3857.093505859375	0.0974610062407555
3857.293701171875	0.1013048696606723
3857.49365234375	0.10664253419676024
3857.69384765625	0.1100351814238676
3857.893798828125	0.11442685794791807
3858.093994140625	0.11801737168735302
3858.2939453125	0.12046838609224579
3858.493896484375	0.12344126531232598
3858.694091796875	0.12534593876681244
3858.89404296875	0.12823941911065406
3859.09423828125	0.13109738792295247
3859.294189453125	0.13227865360420535
3859.494384765625	0.13484171547644586
3859.6943359375	0.1357357226268822
3859.894287109375	0.13663316720817048
3860.0	0.13775961966892145
3860.094482421875	0.13876650769930812
3860.29443359375	0.1399495041182043
3860.494384765625	0.14176021474481318
3860.694580078125	0.14191735263711971
3860.89453125	0.14358385865200834
3861.0947265625	0.1442033137664526
3861.294677734375	0.14483336889487386
3861.494873046875	0.14628189061946256
3861.69482421875	0.14706072432616918
3861.89501953125	0.14757061619471742
3862.094970703125	0.1484654502703076
3862.294921875	0.15038352437875588
3862.4951171875	0.15045420876354515
3862.695068359375	0.15068626596634124
3862.89501953125	0.15132195663438996
3863.09521484375	0.15202967350082716
3863.295166015625	0.15264118647925412
3863.495361328125	0.1536779856211252
3863.6953125	0.1533022402178744
3863.8955078125	0.15407778714607026
3864.095458984375	0.1549389354182741
3864.29541015625	0.15521297905801607
3864.49560546875	0.15489953971543527
3864.695556640625	0.15560737125697818
3864.895751953125	0.15612603464811306
3865.095703125	0.15567830971147467
3865.2958984375	0.1561793819788103
3865.495849609375	0.15664555233076197
3865.69580078125	0.15639632625956834
3865.89599609375	0.1565082513575227
3866.095947265625	0.1569868423586969
3866.2958984375	0.15734716063467874
3866.49609375	0.15712243127004868
3866.696044921875	0.15654110686705047
3866.896240234375	0.1564138419048214
3867.09619140625	0.15647829003888764
3867.29638671875	0.15659290479449975
3867.496337890625	0.15631864661402545
3867.6962890625	0.15708382456937364
3867.896484375	0.15652356421166433
3868.096435546875	0.1567155074496547
3868.29638671875	0.1567521931826233
3868.49658203125	0.15759030152074063
3868.69677734375	0.15671517784621475
3868.896728515625	0.1565524568155584
3869.0966796875	0.15699368973621686
3869.296875	0.15722308263154608
3869.496826171875	0.15676770267550375
3869.697021484375	0.15718213004418546
3869.89697265625	0.15678979867148332
3870.0	0.15683627141186057
3870.096923828125	0.15688130439928089
3870.297119140625	0.1564577714725121
3870.4970703125	0.15635894508070314
3870.697265625	0.15634698359996893
3870.897216796875	0.15624304674868225
3871.097412109375	0.1559530443617193
3871.29736328125	0.15620256508245867
3871.497314453125	0.1560988008723376
3871.697509765625	0.15656835592683363
3871.8974609375	0.1560044314378311
3872.097412109375	0.15583469407328523
3872.297607421875	0.15604243469766535
3872.49755859375	0.1552922129751375
3872.69775390625	0.15560840772315204
3872.897705078125	0.15529858621955056
3873.097900390625	0.15485777043159438
3873.2978515625	0.15614632752418162
3873.497802734375	0.15553953581409413
3873.697998046875	0.1549576715133864
3873.89794921875	0.155420435426748
3874.09814453125	0.15520620847768452
3874.298095703125	0.1542746613869541
3874.498291015625	0.15454180853165955
3874.6982421875	0.1546636006625947
3874.898193359375	0.15418473729374949
3875.098388671875	0.15413603913916338
3875.29833984375	0.15496410251480996
3875.498291015625	0.15399062665244492
3875.698486328125	0.154182424782977
3875.8984375	0.1537251570877059
3876.0986328125	0.15374944213196162
3876.298583984375	0.15392518352589765
3876.498779296875	0.15305485869382907
3876.69873046875	0.153124637899646
3876.898681640625	0.15315365113477308
3877.098876953125	0.15312257844356345
3877.298828125	0.1525486285085282
3877.498779296875	0.15310396691602868
3877.698974609375	0.15139657237937748
3877.89892578125	0.1521614601506986
3878.09912109375	0.15178372009170907
3878.29931640625	0.151326505355331
3878.499267578125	0.15127239165795317
3878.69921875	0.15074375573519863
3878.8994140625	0.15069817798081436
3879.099365234375	0.15054932842240007
3879.29931640625	0.15048868979224517
3879.49951171875	0.1503543629606398
3879.699462890625	0.14904370864551342
3879.899658203125	0.14958859249682022
3880.0	0.14917156724738195
3880.099609375	0.148756240187875
3880.2998046875	0.14924099966400536
3880.499755859375	0.14806251103221119
3880.69970703125	0.14801366364081164
3880.89990234375	0.147925086597635
3881.099853515625	0.14771457616466477
3881.2998046875	0.14684917938029984
3881.5	0.14633681434538226
3881.699951171875	0.14543354674742262
3881.900146484375	0.14514600136378072
3882.10009765625	0.14471144695994606
3882.30029296875	0.14452363061563503
3882.500244140625	0.14509068275142453
3882.7001953125	0.14415048106131112
3882.900390625	0.1430648712595986
3883.100341796875	0.14324196006154516
3883.300537109375	0.14296852612260758
3883.50048828125	0.1430536682627135
3883.70068359375	0.14262399379986457
3883.900634765625	0.142657998229033
3884.1005859375	0.14155310873314972
3884.30078125	0.14163879112824346
3884.500732421875	0.14161539281070923
3884.70068359375	0.14130942411915734
3884.90087890625	0.14074317994009275
3885.100830078125	0.1409257011790892
3885.301025390625	0.14030084147458954
3885.5009765625	0.14032530774013957
3885.701171875	0.14020388829656674
3885.901123046875	0.13977709717961606
3886.101318359375	0.13913631724410613
3886.30126953125	0.13930039155025792
3886.501220703125	0.1391426681451939
3886.701416015625	0.13870315536479477
3886.9013671875	0.13888429192666243
3887.101318359375	0.13776531960201574
3887.301513671875	0.13688125522423142
3887.50146484375	0.13686254043072252
3887.70166015625	0.1363728812460338
3887.901611328125	0.1343166250110049
3888.101806640625	0.1327039580009457
3888.3017578125	0.13136670942249737
3888.501708984375	0.13000100357585098
3888.701904296875	0.1280772702209662
3888.90185546875	0.12585681987159475
3889.10205078125	0.12325105039796738
3889.302001953125	0.1199174851798751
3889.502197265625	0.1164822696530368
3889.7021484375	0.1133766534189812
3889.902099609375	0.10999762735771289
3890.0	0.10770073506893697
3890.102294921875	0.10530046295033603
3890.30224609375	0.1005405131473031
3890.502197265625	0.0942687373788444
3890.702392578125	0.08972653480032554
3890.90234375	0.08531453590510431
3891.1025390625	0.08071991823289218
3891.302490234375	0.07478804261023075
3891.502685546875	0.06674754068930706
3891.70263671875	0.06235546770429834
3891.902587890625	0.05705248433434885
3892.102783203125	0.05185564064063826
3892.302734375	0.04667564188868927
3892.502685546875	0.04178805174778795
3892.702880859375	0.03732344428951492
3892.903076171875	0.03389409110270105
3893.10302734375	0.030638702206209026
3893.302978515625	0.02744773120759035
3893.503173828125	0.02435700486127692
3893.703125	0.020743680262977092
3893.9033203125	0.018411464187979468
3894.103271484375	0.016337626888481126
3894.30322265625	0.01446998340638698
3894.50341796875	0.012250645519437265
3894.703369140625	0.010314275653678257
3894.903564453125	0.009164982941808357
3895.103515625	0.008122032040565833
3895.3037109375	0.007273602955540892
3895.503662109375	0.006472618472126643
3895.70361328125	0.005733345939852939
3895.90380859375	0.004877913185552432
3896.103759765625	0.004386130455081404
3896.3037109375	0.0038708570971507476
3896.50390625	0.0034213945486720183
3896.703857421875	0.0030411051032516083
3896.904052734375	0.002638677944323313
3897.10400390625	0.00240080474141413
3897.30419921875	0.002072192858439551
3897.504150390625	0.0019043994400872568
3897.7041015625	0.00172765433058691
3897.904296875	0.0015227861999157573
3898.104248046875	0.0013053892427393713
3898.304443359375	0.0012043190328631865
3898.50439453125	0.0010717880814097428
3898.70458984375	0.0009463639552621889
3898.904541015625	0.0008186816676054276
3899.1044921875	0.0007523066530996114
3899.3046875	0.0006812327618429878
3899.504638671875	0.0006038966407555206
3899.70458984375	0.0005783053887969043
3899.90478515625	0.0004973707110494487
3900.0	0.00047508201797726485
3900.104736328125	0.0004505657877556176
3900.304931640625	0.0004106720071757513
3900.5048828125	0.0003736698085954914
3900.705078125	0.00033464900964875083
3900.905029296875	0.00027864913373186045
3901.10498046875	0.00026416980360399495
3901.30517578125	0.0002501334458217114
3901.505126953125	0.0002226917610502106
3901.705078125	0.00019211562188969496
3901.9052734375	0.0001684577161616189
3902.105224609375	0.00016870258461240188
3902.305419921875	0.00016269023187899325
3902.505615234375	0.00016092292008942354
3902.70556640625	0.00010215433545104147
3902.905517578125	9.79196676901944e-05
3903.105712890625	0.00010642852726517474
3903.3056640625	0.00011449230172029233
3903.505615234375	5.9489883056248796e-05
3903.705810546875	5.748438241989287e-05
3903.90576171875	3.221324507240912e-05
3904.10595703125	9.486217349407401e-05
3904.305908203125	4.609455434689189e-05
3904.506103515625	1.5217613612352107e-05
3904.7060546875	5.192551441371719e-05
3904.906005859375	2.9995271462147472e-05
3905.106201171875	3.156619976233003e-05
3905.30615234375	3.112240595658912e-05
3905.506103515625	4.0083582762627165e-05
3910.0	3.830472518150011e-05
3920.0	3.4277881395009594e-05
3930.0	3.0204825995895048e-05
3940.0	2.6108184694403493e-05
3950.0	2.193927254607205e-05
3960.0	1.7724287218068785e-05
3970.0	1.347501770524637e-05
3980.0	9.164588158521927e-06
3990.0	4.8084820063024525e-06
4000.0	4.072013223480639e-07
4000.531005859375	1.7196576999145956e-07
4010.0	1.42764225650533e-07
4010.53369140625	1.411159529954831e-07
4020.0	1.3647667585015273e-07
4020.5361328125	1.3621974294181374e-07
4030.0	1.3083970497493107e-07
4030.538818359375	1.3053095785533294e-07
4040.0	1.2844834500933612e-07
4040.54150390625	1.2832881671039703e-07
4050.0	1.3692033889226355e-07
4050.544189453125	1.3742193053644419e-07
4060.0	1.3192733275111991e-07
4060.546630859375	1.3160248420811925e-07
4070.0	1.3425782305963615e-07
4070.54931640625	1.344123153115684e-07
4080.0	1.3232036089412074e-07
4080.552001953125	1.322041295885657e-07
4090.0	1.44200215504456e-07
4090.5546875	1.4489942309587537e-07
4100.0	1.3422003034718594e-07
4100.55712890625	1.3358881267815006e-07
4110.0	1.4150970614719807e-07
4110.5595703125	1.4198668051902065e-07
4120.0	1.2711840148635484e-07
4120.5625	1.2622385428790275e-07
4130.0	1.1386681380459062e-07
4130.56494140625	1.1312565454103893e-07
4140.0	8.332146753555998e-08
4140.56787109375	8.152428026842272e-08
4150.0	6.457170868107518e-08
4150.5703125	6.354786548172805e-08
4160.0	7.367816292236837e-08
4160.57275390625	7.429142650250548e-08
4170.0	4.437275594747766e-08
4170.57568359375	4.254239017211755e-08
4180.0	3.972715887628986e-08
4180.578125	3.9556084893943466e-08
4190.0	4.219316304306397e-08
4190.58056640625	4.235394884828756e-08
4200.0	4.482248366567369e-08
4200.58349609375	4.4975645639026214e-08
4210.0	2.6631664505147658e-08
4210.5859375	2.5488174662496674e-08
4220.0	2.871016856583214e-08
4220.58837890625	2.8913345912504e-08
4230.0	3.907517257646375e-08
4230.59130859375	3.971234928701091e-08
4240.0	1.454810462934686e-08
4240.59375	1.2957894681473115e-08
4250.0	2.6302969339378392e-08
4250.5966796875	2.715203458332587e-08
4260.0	2.414826839559599e-08
4260.59912109375	2.3955220951726384e-08
4270.0	1.8685797711397172e-08
4270.6015625	1.8348146393532765e-08
4280.0	2.4992581643158674e-08
4280.6044921875	2.5420500757398987e-08
4290.0	2.7561763864968343e-08
4290.60693359375	2.770169323196246e-08
4300.0	3.9293615619017125e-08
4300.60986328125	4.0045774474147975e-08
4310.0	2.8008912462104682e-08
4310.6123046875	2.722297938967623e-08
4320.0	1.9925039174348362e-08
4320.61474609375	1.944651189731599e-08
4330.0	2.615016566775852e-08
4330.61767578125	2.659332969524132e-08
4340.0	2.2514494113136054e-08
4340.6201171875	2.2243136712595623e-08
4350.0	2.9465659505985306e-08
4350.62255859375	2.9945637693306e-08
4360.0	2.3231153064660884e-08
4360.62548828125	2.2782696568670086e-08
4370.0	1.6229461444166138e-08
4370.6279296875	1.5790787856942598e-08
4380.0	2.5913839830800826e-08
4380.630859375	2.6595259757823683e-08
4390.0	2.3755718487046993e-08
4390.63330078125	2.356353049861669e-08
4400.0	2.9102463156930224e-08
4400.63623046875	2.9479166815921466e-08
4410.0	1.8609909611146467e-08
4410.638671875	1.7867614673510586e-08
4420.0	2.528496948710989e-08
4420.64111328125	2.5794992004699737e-08
4430.0	1.8774005044005193e-08
4430.64404296875	1.828926414816927e-08
4440.0	2.5423908618372006e-08
4440.646484375	2.59176968424898e-08
4450.0	2.431733830489637e-08
4450.6494140625	2.4206038826660164e-08
4460.0	3.139849326752132e-08
4460.65185546875	3.1902476598311016e-08
4470.0	3.453204729093645e-08
4470.654296875	3.471460573133993e-08
4480.0	2.9396076861799698e-08
4480.6572265625	2.9021454188568015e-08
4490.0	3.9724921997406876e-08
4490.65966796875	4.0481877924963024e-08
4500.0	4.8422011270917316e-08
4500.66259765625	4.898286331314178e-08
4510.0	4.370200078382413e-08
4510.6650390625	4.332810129835985e-08
4520.0	5.310312804013336e-08
4520.66748046875	5.3800009929478295e-08
4530.0	3.939064414566347e-08
4530.67041015625	3.8354929624597326e-08
4540.0	5.027015140474591e-08
4540.6728515625	5.1129979536241655e-08
4550.0	5.240546643745257e-08
4550.67578125	5.249792642363081e-08
4560.0	4.4279534428356037e-08
4560.67822265625	4.36839178809949e-08
4570.0	5.450381918281163e-08
4570.6806640625	5.529178519206888e-08
4580.0	5.8294274151429844e-08
4580.68359375	5.851464540531542e-08
4590.0	6.824078567649418e-08
4590.68603515625	6.895741221575123e-08
4600.0	6.753431563570711e-08
4600.68896484375	6.742897798521425e-08
4610.0	6.105651881237656e-08
4610.69140625	6.058660567935459e-08
4620.0	5.497597148052052e-08
4620.6943359375	5.455362792669535e-08
4630.0	4.216389894015195e-08
4630.69677734375	4.1235032746585046e-08
4640.0	3.9366438464703335e-08
4640.69921875	3.9225947908729136e-08
4650.0	3.8261102313594156e-08
4650.7021484375	3.818824104419698e-08
4660.0	2.4276838576212328e-08
4660.70458984375	2.3222267566500208e-08
4670.0	2.7399189132378627e-08
4670.70751953125	2.7718891619287192e-08
4680.0	3.385043264208195e-08
4680.7099609375	3.431738219087065e-08
4690.0	3.2049301234946794e-08
4690.71240234375	3.1875306384920654e-08
4700.0	2.821450236675185e-08
4700.71533203125	2.7932445545481133e-08
4710.0	3.086492008461186e-08
4710.7177734375	3.109170007363548e-08
4720.0	3.0283774828051305e-08
4720.720703125	3.022102982487293e-08
4730.0	3.303648360327009e-08
4730.72314453125	3.3255970781980956e-08
4740.0	4.133359085143174e-08
4740.7255859375	4.1968190072505104e-08
4750.0	3.443125226951387e-08
4750.728515625	3.383640823182338e-08
4760.0	2.2196581239895846e-08
4760.73095703125	2.127858616614597e-08
4770.0	2.7419400684541195e-08
4770.73388671875	2.7905775547115534e-08
4780.0	2.613936627069483e-08
4780.736328125	2.5998950215622127e-08
4790.0	3.3199345200150596e-08
4790.7392578125	3.377414537036008e-08
4800.0	3.4511452924244886e-08
4800.74169921875	3.457052432174436e-08
4810.0	2.7251251887758954e-08
4810.74462890625	2.666406058537771e-08
4820.0	2.945683763673005e-08
4820.7470703125	2.968065693879787e-08
4830.0	2.9571833861757968e-08
4830.74951171875	2.9562772752167426e-08
4840.0	3.379969825638599e-08
4840.75244140625	3.4144415616856596e-08
4850.0	3.315653632427181e-08
4850.7548828125	3.3075867992294126e-08
4860.0	4.0444236657650466e-08
4860.7578125	4.10483520558038e-08
4870.0	3.2973957179552844e-08
4870.76025390625	3.230961222856622e-08
4880.0	3.9455873881300296e-08
4880.7626953125	4.004591640087211e-08
4890.0	4.44957055639818e-08
4890.765625	4.486752931937619e-08
4900.0	3.717103237029829e-08
4900.76806640625	3.652779961301907e-08
4910.0	3.53146893274614e-08
4910.77099609375	3.521334414451473e-08
4920.0	3.878575277706703e-08
4920.7734375	3.908521974576319e-08
4930.0	3.85651756374863e-08
4930.7763671875	3.852141999289715e-08
4940.0	3.2618435201152906e-08
4940.77880859375	3.2119889861481966e-08
4950.0	4.8638433492041946e-08
4950.78173828125	5.003916283840194e-08
4960.0	3.4131213336303746e-08
4960.7841796875	3.277760940847886e-08
4970.0	3.7471264861198445e-08
4970.78662109375	3.787199253023901e-08
4980.0	4.611161824508192e-08
4980.78955078125	4.68179068146997e-08
4990.0	4.6641190917488554e-08
4990.7919921875	4.6629132972706646e-08
5000.0	4.044734554442343e-08
5000.794921875	3.990955631108642e-08
5010.0	3.935570608221029e-08
5010.79736328125	3.930774093132413e-08
5020.0	3.718174057873121e-08
5020.80029296875	3.699686259135654e-08
5030.0	4.765603833085149e-08
5030.802734375	4.858522722276142e-08
5040.0	4.167549597411245e-08
5040.8056640625	4.1070363609432374e-08
5050.0	4.1812353015950895e-08
5050.80810546875	4.187754723515326e-08
5060.0	3.927842698358702e-08
5060.81103515625	3.904915568169261e-08
5070.0	3.961446870212466e-08
5070.8134765625	3.9664507731201036e-08
5080.0	3.5565077566824e-08
5080.81591796875	3.520106847582394e-08
5090.0	3.252131517237185e-08
5090.81884765625	3.2282449282315564e-08
5100.0	3.881443011259137e-08
5100.8212890625	3.939861100877162e-08
5110.0	3.5579923475765235e-08
5110.82421875	3.523708695210519e-08
5120.0	4.1991529361579375e-08
5120.82666015625	4.2599895193845674e-08
5130.0	4.199963532472226e-08
5130.82958984375	4.194831042637581e-08
5140.0	4.381992797208868e-08
5140.83203125	4.398676197945385e-08
5150.0	3.007311355723098e-08
5150.83447265625	2.880698242741559e-08
5160.0	4.0011873062054736e-08
5160.83740234375	4.103536611693892e-08
5170.0	4.016469220724295e-08
5170.83984375	4.008488869397477e-08
5180.0	3.932120853347485e-08
5180.8427734375	3.925095805353313e-08
5190.0	4.0228754509492836e-08
5190.84521484375	4.031898919525418e-08
5200.0	3.7966191906193654e-08
5200.84814453125	3.774826788804361e-08
5210.0	4.3511457895135957e-08
5210.8505859375	4.404695968071272e-08
5220.0	3.728133305340204e-08
5220.853515625	3.66503318556121e-08
5230.0	3.36884127361618e-08
5230.85595703125	3.3411454011271414e-08
5240.0	4.12319167720364e-08
5240.85888671875	4.1966346351845394e-08
5250.0	4.06744054308824e-08
5250.861328125	4.055269390223529e-08
5260.0	3.858326090188055e-08
5260.86376953125	3.839715290059277e-08
5270.0	2.921441803751191e-08
5270.86669921875	2.834346180103338e-08
5280.0	3.59048443034042e-08
5280.869140625	3.662425649221172e-08
5290.0	3.628271844137516e-08
5290.8720703125	3.6250099804852e-08
5300.0	4.369613632460354e-08
5300.87451171875	4.440936595833934e-08
5310.0	4.922659321746932e-08
5310.87744140625	4.9689680583551505e-08
5320.0	5.6307696562788185e-08
5320.8798828125	5.694589647775512e-08
5330.0	5.8170431216542635e-08
5330.8828125	5.828892484602694e-08
5340.0	6.740090998454518e-08
5340.88525390625	6.828547535835098e-08
5350.0	5.735426645993247e-08
5350.88818359375	5.628925018223621e-08
5360.0	4.8390185357323484e-08
5360.890625	4.761823125090408e-08
5370.0	4.725609848757492e-08
5370.89306640625	4.72205900708605e-08
5380.0	4.539511925980858e-08
5380.89599609375	4.521556311031307e-08
5390.0	4.052887942193983e-08
5390.89892578125	4.006621678787848e-08
5400.0	3.050729576408447e-08
5400.9013671875	2.9560773008545778e-08
5410.0	3.40511837887714e-08
5410.90380859375	3.44971247040106e-08
5420.0	4.2652765063901713e-08
5420.90673828125	4.3465546309231104e-08
5430.0	4.4799654824516436e-08
5430.9091796875	4.4932964519732446e-08
5440.0	4.728084248241054e-08
5440.912109375	4.7516341799945386e-08
5450.0	5.487701013501905e-08
5450.91455078125	5.5617532253636755e-08
5460.0	5.146792842937296e-08
5460.91748046875	5.1048961455947843e-08
5470.0	7.227394427923607e-08
5470.919921875	7.442312198218745e-08
5480.0	1.0925085500115752e-07
5480.9228515625	1.127896045917499e-07
5490.0	1.4342366302125086e-07
5490.92529296875	1.4654550074034905e-07
5500.0	1.7326910878955484e-07
5500.92822265625	1.760025867911097e-07
5510.0	2.2176968596795222e-07
5510.9306640625	2.2646373169388032e-07
5520.0	2.809972300566744e-07
5520.93359375	2.866095185856689e-07
5530.0	3.4780196146912835e-07
5530.93603515625	3.5411792396539726e-07
5540.0	4.0785900819320674e-07
5540.9384765625	4.134216953276109e-07
5550.0	4.633763964814004e-07
5550.94140625	4.685647317562659e-07
5560.0	5.355083221115436e-07
5560.9443359375	5.424850305382825e-07
5570.0	5.715850641617722e-07
5570.94677734375	5.745805160141922e-07
5580.0	6.33797903908887e-07
5580.94921875	6.400511119295169e-07
5590.0	6.622042841052029e-07
5590.9521484375	6.645342003594331e-07
5600.0	6.710687343143658e-07
5600.95458984375	6.717576694820088e-07
5610.0	6.683984275831871e-07
5610.95751953125	6.680427294821121e-07
5620.0	6.39150155388318e-07
5620.9599609375	6.360832237572405e-07
5630.0	5.99063806390629e-07
5630.962890625	5.951064969551007e-07
5640.0	5.516276862323843e-07
5640.96533203125	5.469859415794615e-07
5650.0	5.066675480404127e-07
5650.96826171875	5.02348891480947e-07
5660.0	4.6524040343071655e-07
5660.970703125	4.6125411950296244e-07
5670.0	4.140777239668346e-07
5670.9736328125	4.0899319356480686e-07
5680.0	3.597856318030276e-07
5680.97607421875	3.5446730530699305e-07
5690.0	3.010650754591176e-07
5690.97900390625	2.9527465374680975e-07
5700.0	2.714619189770827e-07
5700.9814453125	2.688727239208967e-07
5710.0	2.1770739032789338e-07
5710.984375	2.121257970239861e-07
5720.0	1.7220215290254343e-07
5720.98681640625	1.6782061078411335e-07
5730.0	1.352843300265555e-07
5730.9892578125	1.3172925942374789e-07
5740.0	1.0918140428470953e-07
5740.9921875	1.0670003452775529e-07
5750.0	8.858102120758283e-08
5750.9951171875	8.658048564261352e-08
5760.0	8.083341986173e-08
5760.99755859375	8.019713055931471e-08
5770.0	5.408126490898916e-08
5771.0	5.1181902377447936e-08
5780.0	3.2189686580924496e-08
5781.0029296875	3.0074440712505106e-08
5790.0	3.9977171841619255e-08
5791.00537109375	4.1083115293614725e-08
5800.0	2.5327391211820065e-08
5801.00830078125	2.3562173477944794e-08
5810.0	3.1827426393555794e-08
5811.0107421875	3.275598754371583e-08
5820.0	3.0788523640429775e-08
5821.013671875	3.056416160516329e-08
5830.0	2.8320726374184078e-08
5831.01611328125	2.8070261635566705e-08
5840.0	2.7518317923955993e-08
5841.01904296875	2.7455731754786237e-08
5850.0	2.210715182257483e-08
5851.021484375	2.1499070047738438e-08
5860.0	1.617041868636224e-08
5861.0244140625	1.5562688998801305e-08
5870.0	2.5418243927197936e-08
5871.02685546875	2.654532078920493e-08
5880.0	2.4198512243176727e-08
5881.02978515625	2.3929293861397047e-08
5890.0	2.2652254225486138e-08
5891.0322265625	2.250536058597576e-08
5900.0	2.9531082345366906e-08
5901.03515625	3.0339080074274615e-08
5910.0	1.740110282342946e-08
5911.03759765625	1.5906929560701217e-08
5920.0	2.468375690914561e-08
5921.04052734375	2.5702343180454458e-08
5930.0	2.2021622572484058e-08
5931.04296875	2.1593323074286117e-08
5940.0	2.4911450458063346e-08
5941.0458984375	2.5298759463315038e-08
5950.0	2.3121166528134154e-08
5951.04833984375	2.2866317766076416e-08
5960.0	1.9261186620218865e-08
5961.05126953125	1.8837975789976767e-08
5970.0	1.7114938506810883e-08
5971.0537109375	1.691061906017287e-08
5980.0	2.2239325622168374e-08
5981.056640625	2.286997482267784e-08
5990.0	8.647225311872876e-09
5991.05908203125	6.963596720856893e-09
6000.0	2.224564458693856e-08
6001.06201171875	2.406215435226221e-08
6010.0	2.731935165450433e-08
6011.064453125	2.7707432539026744e-08
6020.0	1.572665688677594e-08
6021.0673828125	1.4294940007485055e-08
6030.0	2.3522999796326502e-08
6031.06982421875	2.4626120297063474e-08
6040.0	1.440046685303587e-08
6041.072265625	1.3174538304246759e-08
6050.0	1.4932169907509788e-08
6051.0751953125	1.51439110066572e-08
6060.0	1.9883672448738616e-08
6061.078125	2.0456411033211712e-08
6070.0	2.349202670300773e-08
6071.08056640625	2.3859802564671123e-08
6080.0	1.6155781727268923e-08
6081.08349609375	1.5219649065886604e-08
6090.0	1.9750831573618032e-08
6091.0859375	2.0300974667272623e-08
6100.0	1.5639889275560617e-08
6101.08837890625	1.5072491768155855e-08
6110.0	2.175379463257491e-08
6111.09130859375	2.2572226497500356e-08
6120.0	1.6194830956900184e-08
6121.09423828125	1.5411278644688066e-08
6130.0	1.9783578475354157e-08
6131.0966796875	2.032215252730792e-08
6140.0	1.3464081654177025e-08
6141.099609375	1.261682130326636e-08
6150.0	1.3106559762665522e-08
6151.10205078125	1.3165979857595495e-08
6160.0	1.5157478864086074e-08
6161.1044921875	1.5405989427794717e-08
6170.0	1.8776903347088974e-08
6171.107421875	1.9196682388614217e-08
6180.0	2.966112649021771e-08
6181.10986328125	3.096755049460082e-08
6190.0	3.4687610683751136e-09
6191.11279296875	2.568217964245879e-11
6200.0	3.32563258914951e-08
6201.11572265625	3.742582947805051e-08
6210.0	3.283883060931979e-08
6211.1181640625	3.226491514581437e-08
6220.0	2.3831886164953808e-08
6221.12060546875	2.2767599957311102e-08
6230.0	2.587175254296587e-08
6231.12353515625	2.6264837325563054e-08
6240.0	2.0367466167011898e-08
6241.1259765625	1.9617228601429838e-08
6250.0	1.6277168819933503e-08
6251.12890625	1.5853996343325525e-08
6260.0	2.599480061012349e-08
6261.1318359375	2.7289056215734155e-08
6270.0	2.1775464649757657e-08
6271.13427734375	2.1070011536804734e-08
6280.0	2.686593407956543e-08
6281.13671875	2.7609299335710512e-08
6290.0	2.472887216831269e-08
6291.1396484375	2.4356003693649787e-08
6300.0	2.7258345851743826e-08
6301.14208984375	2.763494020836042e-08
6310.0	2.5251050355059656e-08
6311.14501953125	2.4942777892450512e-08
6320.0	2.555012273821787e-08
6321.1474609375	2.5628839160047013e-08
6330.0	2.441177064588054e-08
6331.150390625	2.4251170385328865e-08
6340.0	2.5099929879407553e-08
6341.15283203125	2.5212909528436896e-08
6350.0	2.436206262559253e-08
6351.15576171875	2.425085887325801e-08
6360.0	1.9516967980956246e-08
6361.158203125	1.8896838765124453e-08
6370.0	2.6102001074121992e-08
6371.1611328125	2.7045776027521415e-08
6380.0	2.324953648556247e-08
6381.16357421875	2.275231929179912e-08
6390.0	2.3459382197087806e-08
6391.16650390625	2.3552730019452998e-08
6400.0	2.6086759978625915e-08
6401.1689453125	2.642216568542378e-08
6410.0	1.939612723103422e-08
6411.171875	1.8461660753222352e-08
6420.0	2.4931868748041056e-08
6421.17431640625	2.5794590935974982e-08
6430.0	1.6496177702153515e-08
6431.17724609375	1.525523633525576e-08
6440.0	3.56851082355722e-08
6441.1796875	3.841692822656786e-08
6450.0	3.0069419908057456e-08
6451.1826171875	2.8947171046615763e-08
6460.0	3.2687429891270885e-08
6461.18505859375	3.319304567936846e-08
6470.0	3.1471366219826744e-08
6471.18798828125	3.123928997093992e-08
6480.0	2.408803366343358e-08
6481.1904296875	2.312189804991491e-08
6490.0	1.968645273702416e-08
6491.193359375	1.921908881762904e-08
6500.0	2.942125234546265e-08
6501.19580078125	3.0802538409592926e-08
6510.0	2.6957752296916642e-08
6511.19873046875	2.6435067704078842e-08
6520.0	2.7956801255897514e-08
6521.201171875	2.8161199579757852e-08
6530.0	3.206165274574668e-08
6531.2041015625	3.2597417765645675e-08
6540.0	3.706980037040167e-08
6541.20703125	3.768248164397331e-08
6550.0	2.375994533534033e-08
6551.20947265625	2.1848053427026792e-08
6560.0	3.0076500507911506e-08
6561.2119140625	3.120575526397639e-08
6570.0	2.9766482684720866e-08
6571.21484375	2.9571061127308225e-08
6580.0	3.123996194510305e-08
6581.21728515625	3.147077546509538e-08
6590.0	3.655600429176066e-08
6591.22021484375	3.725736775641725e-08
6600.0	2.8623505213263785e-08
6601.22265625	2.742708271603343e-08
6610.0	2.7585515381413636e-08
6611.2255859375	2.760757698161772e-08
6620.0	3.415972701997123e-08
6621.228515625	3.507551141060225e-08
6630.0	2.5041512518917735e-08
6631.23095703125	2.3632149948501013e-08
6640.0	2.8898677229942975e-08
6641.2333984375	2.9640332108486007e-08
6650.0	3.0913320887982315e-08
6651.236328125	3.10924250466852e-08
6660.0	3.586036560475764e-08
6661.23876953125	3.6528948697033516e-08
6670.0	2.612736241334541e-08
6671.24169921875	2.4660205494405256e-08
6680.0	2.747159330809735e-08
6681.24462890625	2.7870237819144735e-08
6690.0	2.5219240913278798e-08
6691.2470703125	2.483977520551789e-08
6700.0	2.0728551069326675e-08
6701.25	2.014534664406753e-08
6710.0	3.0612066278714144e-08
6711.25244140625	3.2106984566605835e-08
6720.0	2.2455229256839506e-08
6721.25537109375	2.1070785421867894e-08
6730.0	3.1413542730307644e-08
6731.2578125	3.290025478564211e-08
6740.0	2.8047437523597278e-08
6741.2607421875	2.7349093690944507e-08
6750.0	3.501144124218555e-08
6751.26318359375	3.611259315451379e-08
6760.0	3.492707682538976e-08
6761.26611328125	3.4759566956542583e-08
6770.0	3.110455509940921e-08
6771.2685546875	3.057481688699117e-08
6780.0	2.3255004719552715e-08
6781.271484375	2.2188960047925556e-08
6790.0	3.382170056838419e-08
6791.27392578125	3.551818680084237e-08
6800.0	2.2699472262299163e-08
6801.27685546875	2.0827868697431018e-08
6810.0	2.8548999295999435e-08
6811.279296875	2.9675567339430826e-08
6820.0	3.5798943010598765e-08
6821.2822265625	3.6700568328509864e-08
6830.0	3.445701605088986e-08
6831.28466796875	3.4128129392934056e-08
6840.0	3.903750583192155e-08
6841.28759765625	3.9756945194313926e-08
6850.0	4.599935384403124e-08
6851.2900390625	4.692625672909212e-08
6860.0	5.227063952042374e-08
6861.29296875	5.305645602653257e-08
6870.0	6.4025396981205e-08
6871.29541015625	6.566001167494842e-08
6880.0	8.317801377963405e-08
6881.29833984375	8.578569563975483e-08
6890.0	8.759896071875571e-08
6891.30078125	8.785956712390854e-08
6900.0	1.0344486279658517e-07
6901.3037109375	1.0578584919937799e-07
6910.0	1.3879254031260862e-07
6911.30615234375	1.4374026314760895e-07
6920.0	1.462104427593449e-07
6921.30908203125	1.4656505934366654e-07
6930.0	1.8016155202461497e-07
6931.3115234375	1.852380597232931e-07
6940.0	1.9075266424904416e-07
6941.314453125	1.9156330120780496e-07
6950.0	2.1076063324251888e-07
6951.31689453125	2.1368733931778586e-07
6960.0	2.282409526925949e-07
6961.31982421875	2.304487847859525e-07
6970.0	2.358312358595821e-07
6971.322265625	2.3662246561183726e-07
6980.0	2.423227950574665e-07
6981.3251953125	2.432187550854055e-07
6990.0	2.488425705460566e-07
6991.32763671875	2.4970148967166274e-07
7000.0	2.3584214491458562e-07
7001.33056640625	2.336594362224518e-07
7010.0	2.1349048473316273e-07
7011.3330078125	2.1042561433071884e-07
7020.0	2.0152380051277168e-07
7021.3359375	2.001326092436802e-07
7030.0	1.978596650777633e-07
7031.33837890625	1.9752342283732967e-07
7040.0	1.7812074367221922e-07
7041.34130859375	1.7512620567739414e-07
7050.0	1.6612386904001314e-07
7051.34423828125	1.6471156396818693e-07
7060.0	1.5008445931418962e-07
7061.3466796875	1.478356206249776e-07
7070.0	1.318616082466227e-07
7071.349609375	1.2936341134354886e-07
7080.0	1.1761037518761413e-07
7081.35205078125	1.1579474108305012e-07
7090.0	1.0954749721137227e-07
7091.35498046875	1.0855911676317634e-07
7100.0	9.831439590801874e-08
7101.357421875	9.672403120342417e-08
7110.0	9.044308488077311e-08
7111.3603515625	8.945777110607713e-08
7120.0	8.967326200075392e-08
7121.36279296875	8.969635974097835e-08
7130.0	7.888395428120542e-08
7131.36572265625	7.719074290065786e-08
7140.0	8.033509379733736e-08
7141.3681640625	8.082191166728156e-08
7150.0	7.66045011068245e-08
7151.37109375	7.59465141751919e-08
7160.0	6.111148995046517e-08
7161.37353515625	5.875106733384825e-08
7170.0	6.287894104417748e-08
7171.37646484375	6.35423227122101e-08
7180.0	5.523755034056555e-08
7181.37890625	5.3914115460518296e-08
7190.0	5.439300747155005e-08
7191.3818359375	5.44628632848068e-08
7200.0	5.8411782790981485e-08
7201.38427734375	5.905044239428792e-08
7210.0	4.5446908701179294e-08
7211.38720703125	4.3258851942481165e-08
7220.0	3.578240227029894e-08
7221.3896484375	3.458547105136522e-08
7230.0	3.9599949512240254e-08
7231.392578125	4.040096789417892e-08
7240.0	3.3642782375645324e-08
7241.39501953125	3.255656687809168e-08
7250.0	3.07373950841267e-08
7251.39794921875	3.0439224804696365e-08
7260.0	3.632021412659761e-08
7261.400390625	3.7277641277235094e-08
7270.0	3.633077468647248e-08
7271.4033203125	3.617682825565523e-08
7280.0	3.3040447202578124e-08
7281.40576171875	3.252547250943402e-08
7290.0	2.9300400898839212e-08
7291.40869140625	2.8777787465965705e-08
7300.0	3.274330819872255e-08
7301.41162109375	3.3388187120136064e-08
7310.0	2.596740502978685e-08
7311.4140625	2.475441893737571e-08
7320.0	3.036803059770686e-08
7321.41650390625	3.128666068134629e-08
7330.0	2.715327461572671e-08
7331.41943359375	2.6476250185422773e-08
7340.0	2.539346908782454e-08
7341.421875	2.5211551011539113e-08
7350.0	2.1735891826375754e-08
7351.4248046875	2.1163944362062743e-08
7360.0	2.9178758361050694e-08
7361.427734375	3.0504163186389007e-08
7370.0	2.994410444058064e-08
7371.43017578125	2.985482236016807e-08
7380.0	2.5058616076501524e-08
7381.43310546875	2.425657886207108e-08
7390.0	3.22268936586811e-08
7391.435546875	3.3560330240465993e-08
7400.0	2.6813071191838582e-08
7401.4384765625	2.568091465409582e-08
7410.0	2.7081972554930153e-08
7411.44091796875	2.7320088586806265e-08
7420.0	3.617781252412079e-08
7421.44384765625	3.7661398816002706e-08
7430.0	2.7119835318260925e-08
7431.4462890625	2.5351533160392105e-08
7440.0	2.4991891844645858e-08
7441.44921875	2.49279485619014e-08
7450.0	2.674356465885711e-08
7451.45166015625	2.7053929247863955e-08
7460.0	2.813657456403636e-08
7461.45458984375	2.8316487646575582e-08
7470.0	2.8060753406960933e-08
7471.45703125	2.802089788187337e-08
7480.0	2.1796033887219826e-08
7481.4599609375	2.0733147130724797e-08
7490.0	2.859343731842693e-08
7491.46240234375	2.993762027850629e-08
7500.0	2.622080884366706e-08
7501.46533203125	2.5580436858790458e-08
7510.0	2.292295419400888e-08
7511.4677734375	2.2470955354539387e-08
7520.0	2.0466857597898605e-08
7521.470703125	2.0120064651795027e-08
7530.0	2.32852554361006e-08
7531.4736328125	2.3832705158262036e-08
7540.0	2.7759680867084344e-08
7541.47607421875	2.8433247406641387e-08
7550.0	2.7204907665193755e-08
7551.47900390625	2.6996245721944492e-08
7560.0	2.3383693670461817e-08
7561.4814453125	2.275490275272457e-08
7570.0	2.3700030704209958e-08
7571.484375	2.3867073314748326e-08
7580.0	2.7145072677144498e-08
7581.48681640625	2.7711569388424688e-08
7590.0	2.5471538650448084e-08
7591.48974609375	2.508463076864037e-08
7600.0	2.5989939822970558e-08
7601.4921875	2.6144565759944097e-08
7610.0	2.5212454349167105e-08
7611.4951171875	2.504935099612674e-08
7620.0	2.8779254747682498e-08
7621.49755859375	2.9436854177444943e-08
7630.0	2.675422527737726e-08
7631.50048828125	2.6274620290360926e-08
7640.0	2.3414976893905554e-08
7641.5029296875	2.2915227532319973e-08
7650.0	2.1938293288079325e-08
7651.505859375	2.1763026991278e-08
7660.0	1.878112270119115e-08
7661.50830078125	1.8257087075587136e-08
7670.0	1.7014355059757102e-08
7671.51123046875	1.6791961496029383e-08
7680.0	1.980802566622751e-08
7681.513671875	2.0345410259591904e-08
7690.0	1.489205733764713e-08
7691.5166015625	1.3920342450022406e-08
7700.0	2.323734952284912e-08
7701.51953125	2.4896417264709778e-08
7710.0	2.6977309213647683e-08
7711.52197265625	2.735223210880427e-08
7720.0	2.6794852174828267e-08
7721.52490234375	2.669137448929119e-08
7730.0	1.7255492999586168e-08
7731.52734375	1.556700995510355e-08
7740.0	1.6804419371440148e-08
7741.52978515625	1.7024351466990863e-08
7750.0	1.9839870349504577e-08
7751.53271484375	2.034909734745318e-08
7760.0	2.1798757377711712e-08
7761.53515625	2.2057179129540184e-08
7770.0	2.1784737847614328e-08
7771.5380859375	2.173545048964025e-08
7780.0	2.0537667573451077e-08
7781.541015625	2.032356967036619e-08
7790.0	1.6412707611649544e-08
7791.54345703125	1.5700462976478683e-08
7800.0	1.6362435413344327e-08
7801.54638671875	1.6485009328440822e-08
7810.0	1.779808218013155e-08
7811.548828125	1.8034879150317567e-08
7820.0	1.703115768299474e-08
7821.5517578125	1.685025448364808e-08
7830.0	1.8660449807889385e-08
7831.55419921875	1.8991871206362446e-08
7840.0	2.0691540249032467e-08
7841.55712890625	2.1003278778813478e-08
7850.0	2.227570970261827e-08
7851.5595703125	2.251268660770634e-08
7860.0	1.9033788868768215e-08
7861.5625	1.8389793720162617e-08
7870.0	1.868471186860302e-08
7871.56494140625	1.874173711657698e-08
7880.0	1.6683538423330448e-08
7881.56787109375	1.6300209399346465e-08
7890.0	1.7111302681846574e-08
7891.5703125	1.7261541491814046e-08
7900.0	1.8440151522484194e-08
7901.5732421875	1.866161144669171e-08
7910.0	1.8142168865715958e-08
7911.57568359375	1.8042832579533908e-08
7920.0	1.4266726398288079e-08
7921.57861328125	1.3564626126730394e-08
7930.0	2.1953876017004854e-08
7931.58154296875	2.3519373649653012e-08
7940.0	1.7772231678816994e-08
7941.583984375	1.6696350696923914e-08
7950.0	1.4002737058773798e-08
7951.5869140625	1.349933957926256e-08
7960.0	1.810557231186945e-08
7961.58935546875	1.8969324394101766e-08
7970.0	1.3337639465782148e-08
7971.59228515625	1.22769016905987e-08
7980.0	1.0778429946316389e-08
7981.5947265625	1.0497292082166185e-08
7990.0	1.4898367135195963e-08
7991.59765625	1.5729556888214177e-08
8000.0	1.8062741901070937e-08
8001.60009765625	1.8504835936713864e-08
8010.0	1.8678125457428616e-08
8011.60302734375	1.8708615758023045e-08
8020.0	1.2448960053345491e-08
8021.60546875	1.1259027509357263e-08
8030.0	1.2196059720848546e-08
8031.6083984375	1.2376622488551793e-08
8040.0	1.6675032441293563e-08
8041.611328125	1.749399711413426e-08
8050.0	2.093972320237618e-08
8051.61376953125	2.159884951520858e-08
8060.0	1.933519884406521e-08
8061.61669921875	1.8903950582119696e-08
8070.0	7.0843771663721925e-09
8071.619140625	4.81147072439305e-09
8080.0	2.3165408963394072e-08
8081.6220703125	2.6697764683055038e-08
8090.0	1.3014566547252241e-08
8091.62451171875	1.037771208229448e-08
8100.0	1.052864168632355e-08
8101.62744140625	1.0556224078952122e-08
8110.0	1.642441988098955e-08
8111.6298828125	1.7560252511914262e-08
8120.0	1.820365129876574e-08
8121.6328125	1.833112392591959e-08
8130.0	2.533422821615354e-08
8131.63525390625	2.6692260687451528e-08
8140.0	1.8026936127331663e-08
8141.63818359375	1.633949149166822e-08
8150.0	1.2739598700216938e-08
8151.640625	1.2039094130210555e-08
8160.0	1.519637264777479e-08
8161.6435546875	1.581168619925005e-08
8170.0	1.4887962654253865e-08
8171.64599609375	1.4706992967620119e-08
8180.0	1.8095707319247672e-08
8181.64892578125	1.876347314567362e-08
8190.0	1.496507907901462e-08
8191.6513671875	1.4215433806581452e-08
8200.0	1.9314144710154017e-08
8201.654296875	2.031894905893075e-08
8210.0	1.5615430946901906e-08
8211.6572265625	1.4688960846903719e-08
8220.0	1.5848547571191324e-08
8221.66015625	1.6075664198090195e-08
8230.0	1.671332196430432e-08
8231.662109375	1.6841238289679658e-08
8240.0	1.8018783299627037e-08
8241.6650390625	1.8255450068172992e-08
8250.0	1.373208975957301e-08
8251.66796875	1.2828754286204864e-08
8260.0	2.0681005015946474e-08
8261.6708984375	2.2247339782648996e-08
8270.0	2.2889190218783242e-08
8271.6728515625	2.302089642281291e-08
8280.0	2.0251122778784968e-08
8281.67578125	1.969303135680105e-08
8290.0	1.842160880712149e-08
8291.6787109375	1.8166482321375547e-08
8300.0	1.0057353932549061e-08
8301.681640625	8.427294714707046e-09
8310.0	1.4021957178661979e-08
8311.68359375	1.5150523916253887e-08
8320.0	1.9882193514916177e-08
8321.6865234375	2.0834128352655253e-08
8330.0	1.8283536151480975e-08
8331.689453125	1.7767934403506342e-08
8340.0	1.4288695777648684e-08
8341.6923828125	1.3586092949143321e-08
8350.0	1.4273081756039497e-08
8351.6943359375	1.441023525038454e-08
8360.0	2.0308600142508057e-08
8361.697265625	2.150722630262304e-08
8370.0	2.2842423494738643e-08
8371.7001953125	2.3114217320666078e-08
8380.0	2.135029110179713e-08
8381.703125	2.0993574118391657e-08
8390.0	1.944895792924081e-08
8391.7060546875	1.9129692770275805e-08
8400.0	2.2785849472640018e-08
8401.7080078125	2.3537339028621925e-08
8410.0	2.0574587914168575e-08
8411.7109375	1.9969359709697577e-08
8420.0	1.951904129505037e-08
8421.7138671875	1.9423128363777955e-08
8430.0	2.014937536170731e-08
8431.716796875	2.0302229480143034e-08
8440.0	1.7420158139604924e-08
8441.71875	1.6824495376827264e-08
8450.0	2.0904288882428134e-08
8451.7216796875	2.1752449254604276e-08
8460.0	1.7366807388499596e-08
8461.724609375	1.6453343170334175e-08
8470.0	1.4117596985190562e-08
8471.7275390625	1.3631967334168231e-08
8480.0	1.3939505647142628e-08
8481.73046875	1.4003544768883551e-08
8490.0	1.4311957952399037e-08
8491.732421875	1.4378646203764098e-08
8500.0	1.4156011846912574e-07
8501.7353515625	1.6810491478381717e-07
8510.0	2.9090866673801835e-08
8511.73828125	1.1389292433623397e-11
8520.0	1.1337904230613502e-11
8521.7412109375	1.1327077530320044e-11
8530.0	1.127565255093531e-11
8531.7431640625	1.1266640431528911e-11
8540.0	1.122383977989645e-11
8541.74609375	1.1212925365395813e-11
8550.0	1.1161259301126135e-11
8551.7490234375	1.1150299084301459e-11
8560.0	1.1098521628693376e-11
8561.751953125	1.1087508533418553e-11
8570.0	1.1035587101217368e-11
8571.75390625	1.1026362121252637e-11
8580.0	1.0982876486082961e-11
8581.7568359375	1.0971765312225342e-11
8590.0	1.0919558342638677e-11
8591.759765625	1.0908394418127999e-11
8600.0	1.613317037312512e-07
8601.7626953125	1.9563813639033175e-07
8610.0	3.435843040665564e-08
8611.7646484375	1.078292433613628e-11
8620.0	1.0738705838814664e-11
8621.767578125	1.072739320485822e-11
8630.0	1.0674632499372859e-11
8631.7705078125	1.0667080547391769e-11
8640.0	1.0631802712229297e-11
8641.7734375	1.0624162911283229e-11
8650.0	1.058854762612367e-11
8651.7763671875	1.0580815879617497e-11
8660.0	1.0544845659142833e-11
8661.7783203125	1.0538815222774256e-11
8670.0	1.0510731246640546e-11
8671.78125	1.0502822331299572e-11
8680.0	1.0466152893449015e-11
8681.7841796875	1.0458153921435689e-11
8690.0	1.0421142306080157e-11
8691.787109375	1.041305275719512e-11
8700.0	1.0375697989444122e-11
8701.7890625	1.0367519133447515e-11
8710.0	1.0329803561771127e-11
8711.7919921875	1.0323302888097097e-11
8720.0	1.0293319683707966e-11
8721.794921875	1.02849540578108e-11
8730.0	3.74578915925196e-08
8731.7978515625	4.56255198691353e-08
8740.0	8.191012307997238e-09
8741.80078125	1.0190756062744113e-11
8750.0	1.0151643198420355e-11
8751.802734375	1.0143003674491251e-11
8760.0	1.010353788051244e-11
8761.8056640625	1.009654954675964e-11
8770.0	1.006462390775165e-11
8771.80859375	1.0055789900555549e-11
8780.0	1.0015597555181797e-11
8781.8115234375	1.0006668599413757e-11
8790.0	9.96612568402458e-12
8791.8134765625	9.957106221778412e-12
8800.0	9.916207425405702e-12
8801.81640625	9.904748039422427e-12
8810.0	9.853005814148836e-12
8811.8193359375	9.843197949851317e-12
8820.0	9.798940906649723e-12
8821.822265625	9.787333828996453e-12
8830.0	9.735131526631674e-12
8831.82421875	9.726366275547623e-12
8840.0	9.686879154076155e-12
8841.8271484375	9.67800905618733e-12
8850.0	9.638129550744422e-12
8851.830078125	9.62915400820406e-12
8860.0	9.588881041206117e-12
8861.8330078125	9.57979960387291e-12
8870.0	9.539132765836544e-12
8871.8359375	9.531634527909998e-12
8880.0	9.498054087091828e-12
8881.837890625	9.48875676993791e-12
8890.0	9.447261694139053e-12
8891.8408203125	9.437856639425351e-12
8900.0	9.395964106749926e-12
8901.84375	9.38645131421907e-12
8910.0	9.344162916730042e-12
8911.8466796875	9.334541132889087e-12
8920.0	9.291852951402678e-12
8921.8486328125	9.282127514024023e-12
8930.0	9.239036863575005e-12
8931.8515625	9.229201431402905e-12
8940.0	9.18570952964301e-12
8941.8544921875	9.177417056217835e-12
8950.0	2.0180051194954012e-08
8951.857421875	2.4752344919063507e-08
8960.0	4.5865477411878304e-09
8961.859375	9.076194957642438e-12
8970.0	9.031493733311516e-12
8971.8623046875	9.021235073480445e-12
8980.0	8.976197530936905e-12
8981.865234375	8.965844828070469e-12
8990.0	8.920482677236194e-12
8991.8681640625	8.910024136938097e-12
9000.0	8.864287668721633e-12
9001.8701171875	8.851645501859023e-12
9010.0	8.796558998084426e-12
9011.873046875	8.785479132973966e-12
9020.0	8.73722866998821e-12
9021.8759765625	8.724473883124549e-12
9030.0	8.669108540383466e-12
9031.87890625	8.657317603775658e-12
9040.0	8.606188099036943e-12
9041.8818359375	8.594329660168402e-12
9050.0	1.0989537579601153e-08
9051.8837890625	1.3518736799511875e-08
9060.0	2.5413302002085314e-09
9061.88671875	8.467529228503695e-12
9070.0	8.415764723912587e-12
9071.8896484375	8.403693520335438e-12
9080.0	8.35171332103309e-12
9081.892578125	8.341117011963183e-12
9090.0	8.295508000178252e-12
9091.89453125	8.283278681627301e-12
9100.0	8.230784318013776e-12
9101.8974609375	8.218472163273047e-12
9110.0	8.165722855667317e-12
9111.900390625	8.153333690427253e-12
9120.0	8.100355041452348e-12
9121.9033203125	8.087881147635318e-12
9130.0	8.034641527075375e-12
9131.90625	8.022084666789085e-12
9140.0	7.968592511941226e-12
9141.908203125	7.955957645046489e-12
9150.0	7.902201129580491e-12
9151.9111328125	7.889479060321175e-12
9160.0	7.835454065873653e-12
9161.9140625	7.82264401323045e-12
9170.0	7.76834832303268e-12
9171.9169921875	7.755449244957451e-12
9180.0	7.700879561084387e-12
9181.9189453125	7.689360484145892e-12
9190.0	7.640621506801665e-12
9191.921875	7.627534991354776e-12
9200.0	7.57234644883343e-12
9201.9248046875	7.55822666151832e-12
9210.0	7.498845117578262e-12
9211.927734375	7.484648157824217e-12
9220.0	7.425054331531556e-12
9221.9306640625	7.410779604703991e-12
9230.0	7.350971886296103e-12
9231.9326171875	7.337238477512529e-12
9240.0	7.279737761676713e-12
9241.935546875	7.265911390722995e-12
9250.0	7.208130256107963e-12
9251.9384765625	7.194209781871764e-12
9260.0	7.1361446265821556e-12
9261.94140625	7.122127748205264e-12
9270.0	7.0637702393099205e-12
9271.943359375	7.049663219753088e-12
9280.0	6.9910040031237404e-12
9281.9462890625	6.976799085349035e-12
9290.0	6.917843490843382e-12
9291.94921875	6.903540214254333e-12
9300.0	6.844287516128019e-12
9301.9521484375	6.83122214945491e-12
9310.0	6.777128170624523e-12
9311.955078125	6.7626110155361985e-12
9320.0	6.702696913322933e-12
9321.95703125	6.68808265474345e-12
9330.0	6.6278432152243105e-12
9331.9599609375	6.613125996550586e-12
9340.0	6.5525753772481635e-12
9341.962890625	6.537752951864286e-12
9350.0	6.476883279140843e-12
9351.9658203125	6.461955065605967e-12
9360.0	6.400765230679437e-12
9361.9677734375	6.385739980210726e-12
9370.0	1.1236431349985701e-08
9371.970703125	1.3958246510245632e-08
9380.0	2.732055232157997e-09
9381.9736328125	6.232001791171633e-12
9390.0	6.169830574341155e-12
9391.9765625	6.1544798328097835e-12
9400.0	6.091986236654405e-12
9401.978515625	6.075272775782962e-12
9410.0	6.00740188213397e-12
9411.9814453125	5.990609529326459e-12
9420.0	5.922544456397689e-12
9421.984375	5.905674781013012e-12
9430.0	5.8374225707880685e-12
9431.9873046875	5.821236310969918e-12
9440.0	5.755820557699265e-12
9441.990234375	5.739534126891911e-12
9450.0	5.673835082509959e-12
9451.9921875	5.657454480423569e-12
9460.0	5.591457181630427e-12
9461.9951171875	5.57497431434199e-12
9470.0	5.508687508080451e-12
9471.998046875	5.492103556144544e-12
9480.0	5.425533030009717e-12
9482.0009765625	5.408844820383963e-12
9490.0	5.341979214044443e-12
9492.0029296875	5.325196147995118e-12
9500.0	5.2580332003565805e-12
9502.005859375	5.24772219903163e-12
9510.0	5.206528890120011e-12
9512.0087890625	5.196147950823839e-12
9520.0	5.154751572068293e-12
9522.01171875	5.14430367143396e-12
9530.0	5.102716703550281e-12
9532.013671875	5.0922039864927856e-12
9540.0	5.050410493659697e-12
9542.0166015625	5.039827787722763e-12
9550.0	4.997833248339894e-12
9552.01953125	4.987180433044675e-12
9560.0	4.9449851637747455e-12
9562.0224609375	4.9342622975030504e-12
9570.0	4.8918673114964275e-12
9572.025390625	4.88107284467552e-12
9580.0	4.83847289576933e-12
9582.02734375	4.82761356355778e-12
9590.0	4.784810051891631e-12
9592.0302734375	4.773877876225914e-12
9600.0	4.730866042994881e-12
9602.033203125	4.720502476226349e-12
9610.0	4.679771006559826e-12
9612.0361328125	4.667356001899058e-12
9620.0	4.618758952605708e-12
9622.0380859375	4.60727890936934e-12
9630.0	4.562350922356816e-12
9632.041015625	4.550778340413678e-12
9640.0	2.9555221486920266e-10
9642.0439453125	3.693392896194532e-10
9650.0	7.8352023193231e-11
9652.046875	4.436849499392298e-12
9660.0	4.391307410292637e-12
9662.0498046875	4.3795404710201215e-12
9670.0	4.333825074028473e-12
9672.0517578125	4.321999467511212e-12
9680.0	4.276111943620104e-12
9682.0546875	4.264220953729286e-12
9690.0	4.21816336169609e-12
9692.0576171875	4.206208601629593e-12
9700.0	4.159987765008603e-12
9702.060546875	4.147968165774748e-12
9710.0	4.101580689352162e-12
9712.0625	4.089502289090195e-12
9720.0	4.042944331768918e-12
9722.0654296875	4.0308004587746185e-12
9730.0	3.9840747088131566e-12
9732.068359375	3.971867037483598e-12
9740.0	3.924980498569852e-12
9742.0712890625	3.912706832901731e-12
9750.0	3.865651891488808e-12
9752.0732421875	3.85331961980723e-12
9760.0	3.806097084703106e-12
9762.076171875	3.7937008696047496e-12
9770.0	3.746318887523976e-12
9772.0791015625	3.733857911984035e-12
9780.0	3.686314078760856e-12
9782.08203125	3.673788753845293e-12
9790.0	3.626085274069115e-12
9792.0849609375	3.61349601432377e-12
9800.0	4.2938301021993506e-10
9802.0869140625	5.396695194178107e-10
9810.0	1.1394572507157017e-10
9812.08984375	3.489813070672025e-12
9820.0	3.440093933826069e-12
9822.0927734375	3.426919544898289e-12
9830.0	3.3771044512947824e-12
9832.095703125	3.3641587351953534e-12
9840.0	3.3152753684190756e-12
9842.09765625	3.3022777977630135e-12
9850.0	3.2532574402519733e-12
9852.1005859375	3.2402006989822244e-12
9860.0	1.0294439964101194e-09
9862.103515625	1.2973688979258331e-09
9870.0	2.7143679533223475e-10
9872.1064453125	3.115479218685217e-12
9880.0	3.0660682922077622e-12
9882.109375	3.052839427621374e-12
9890.0	3.003301905676224e-12
9892.111328125	2.990022357261982e-12
9900.0	2.9403544696465305e-12
9902.1142578125	2.9263591290711265e-12
9910.0	2.8741601161368316e-12
9912.1171875	2.860782723374706e-12
9920.0	2.8109266920426733e-12
9922.1201171875	2.7974937337662143e-12
9930.0	2.7475195625106032e-12
9932.1220703125	2.7340379752083336e-12
9940.0	2.6839426528971725e-12
9942.125	2.670407849049584e-12
9950.0	2.620203890139955e-12
9952.1279296875	2.606614136634391e-12
9960.0	2.5562958020828556e-12
9962.130859375	2.5426534793134656e-12
9970.0	2.492229882154141e-12
9972.1337890625	2.4785356888004135e-12
9980.0	2.428009844584461e-12
9982.1357421875	2.4142694085430665e-12
9990.0	2.3636331860934883e-12
9992.138671875	2.349841102363429e-12
10000.0	2.2991043757164086e-12
10002.140625	2.2872753634664665e-12
10010.0	2.2438519867705765e-12
10012.1435546875	2.2320027435400597e-12
10020.0	2.1885815859474903e-12
10022.1474609375	2.176707336048907e-12
10030.0	2.133296130590933e-12
10032.150390625	2.120909282470021e-12
10040.0	2.0757481497065497e-12
10042.15234375	2.0638551046837217e-12
10050.0	2.0205024570129216e-12
10052.1552734375	2.0085923907579678e-12
10060.0	1.9652536696626135e-12
10062.158203125	1.953327199691261e-12
10070.0	1.910004655215833e-12
10072.16015625	1.898067806743115e-12
10080.0	1.8547583226255267e-12
10082.1630859375	1.8428063154044034e-12
10090.0	1.7995175103972665e-12
10092.166015625	1.7875514662038739e-12
10100.0	1.744287323219808e-12
10102.1689453125	1.732307282683432e-12
10110.0	1.6890679794527676e-12
10112.1708984375	1.677080446522361e-12
10120.0	1.6338645082859908e-12
10122.173828125	1.621478440475138e-12
10130.0	1.5769486337690157e-12
10132.1767578125	1.5649498216512015e-12
10140.0	1.5218433820490044e-12
10142.1787109375	1.5098388073381988e-12
10150.0	1.4667617767663179e-12
10152.181640625	1.4547475011750274e-12
10160.0	1.411710253154036e-12
10162.1845703125	1.399685889836187e-12
10170.0	1.3566870798209018e-12
10172.1884765625	1.3446478472078875e-12
10180.0	1.3016948739436775e-12
10182.1904296875	1.2896532020539445e-12
10190.0	1.2467410791843935e-12
10192.193359375	1.2346909599673685e-12
10200.0	1.1918228600048162e-12
10202.1962890625	1.1847533185795205e-12
10210.0	1.1596715663011267e-12
10212.1982421875	1.1528953450760727e-12
10220.0	1.1288579610515629e-12
10222.201171875	1.1220764145834318e-12
10230.0	1.0980615296490611e-12
10232.2041015625	1.0912753161066057e-12
10240.0	1.06728517498057e-12
10242.20703125	1.0604945190447231e-12
10250.0	1.0365298647680831e-12
10252.208984375	1.0297383681973768e-12
10260.0	1.0057982205056757e-12
10262.2119140625	9.990028030740837e-13
10270.0	9.750898697851826e-13
10272.21484375	9.680516681487528e-13
10280.0	9.433519977061364e-13
10282.216796875	9.36560409564117e-13
10290.0	9.127291319086916e-13
10292.2197265625	9.059346527563251e-13
10300.0	8.821339402560304e-13
10302.22265625	8.753370802940732e-13
10310.0	8.515686109248893e-13
10312.2255859375	8.447693399755508e-13
10320.0	8.210329595911698e-13
10322.2275390625	8.14234463526567e-13
10330.0	7.905278347471031e-13
10332.2314453125	7.837246335965433e-13
10340.0	7.60055274338257e-13
10342.234375	7.530612164675425e-13
10350.0	7.287945967142557e-13
10352.236328125	7.21999220369715e-13
10360.0	6.984240199389642e-13
10362.2392578125	6.916275647010203e-13
10370.0	6.6808859806372e-13
10372.2421875	6.612912325615636e-13
10380.0	6.377889966899812e-13
10382.244140625	6.309942943110532e-13
10390.0	6.075278027406488e-13
10392.2470703125	6.007325814647461e-13
10400.0	5.773039932340067e-13
10402.25	5.736554145920562e-13
10410.0	9.442750485932206e-10
10412.2529296875	1.211015569703951e-09
10420.0	2.675534639616641e-10
10422.2548828125	5.420936216892277e-13
10430.0	5.300905723825163e-13
10432.2578125	5.265934761462646e-13
10440.0	5.146106874458125e-13
10442.2607421875	5.111136680155253e-13
10450.0	4.991512901506156e-13
10452.2626953125	4.955275722328716e-13
10460.0	4.83158557352127e-13
10462.265625	4.796672758526676e-13
10470.0	4.677579815544791e-13
10472.2685546875	4.64267171142438e-13
10480.0	4.5237944049938524e-13
10482.2724609375	4.4888751461517655e-13
10490.0	4.370225150453962e-13
10492.2744140625	4.335326894795854e-13
10500.0	4.216880785493667e-13
10502.27734375	4.180891470164478e-13
10510.0	9.514099916800888e-11
10512.2802734375	1.2205661180522512e-10
10520.0	2.7336386645743625e-11
10522.2822265625	3.871535945207054e-13
10530.0	3.753873004554125e-13
10532.28515625	3.719060212261762e-13
10540.0	3.601626112675299e-13
10542.2880859375	3.566822349362499e-13
10550.0	3.449614323965854e-13
10552.291015625	3.413914801371885e-13
10560.0	3.2940197107807107e-13
10562.29296875	3.2592933725759723e-13
10570.0	3.1426701809077257e-13
10572.2958984375	3.1079546848120115e-13
10580.0	2.991561685580367e-13
10582.298828125	2.9568594578843097e-13
10590.0	2.8407038573453726e-13
10592.30078125	2.806030122587428e-13
10600.0	2.6900982491377685e-13
10602.3037109375	2.675010639433598e-13
10610.0	2.624703471862081e-13
10612.306640625	2.6103588783207426e-13
10620.0	2.5625599585031136e-13
10622.3095703125	2.548223281727832e-13
10630.0	2.5005296804071906e-13
10632.3115234375	2.4862077726189827e-13
10640.0	1.973803491686365e-10
10642.3154296875	2.551721109480597e-10
10650.0	5.8112444432775936e-11
10652.318359375	2.359727576248726e-13
10660.0	2.3124079011673274e-13
10662.3203125	2.2981282004652616e-13
10670.0	2.2509106893360142e-13
10672.3232421875	2.236640152075396e-13
10680.0	2.189530538177329e-13
10682.326171875	2.1752692088888714e-13
10690.0	2.1282673481260638e-13
10692.3291015625	2.1134338894104162e-13
10700.0	2.064678005694016e-13
10702.3310546875	2.0504582226391681e-13
10710.0	2.0037214391317512e-13
10712.333984375	1.9895117875030517e-13
10720.0	1.9428847984011695e-13
10722.3369140625	1.9286853066383704e-13
10730.0	1.882167904741537e-13
10732.3388671875	1.8674648565822484e-13
10740.0	1.8194019427976512e-13
10742.341796875	1.8052450045427596e-13
10750.0	1.758993369388491e-13
10752.3447265625	1.7448472954412056e-13
10760.0	1.6987065463139226e-13
10762.34765625	1.6845712075057367e-13
10770.0	1.6385406312913328e-13
10772.349609375	1.6239647363545716e-13
10780.0	1.576602924456283e-13
10782.3525390625	1.5625113204825212e-13
10790.0	1.5167476755108538e-13
10792.3564453125	1.5026609990374442e-13
10800.0	1.4570125096413395e-13
10802.3583984375	1.446359389468879e-13
10810.0	8.722900708698947e-11
10812.361328125	1.1324729386633798e-10
10820.0	2.6189859425253868e-11
10822.3642578125	1.3545637843981196e-13
10830.0	1.3202901142674868e-13
10832.3671875	1.3096761001817554e-13
10840.0	5.11229068626421e-11
10842.369140625	6.637585823204883e-11
10850.0	1.5395371264315338e-11
10852.3720703125	1.21870678464302e-13
10860.0	1.1847208914621664e-13
10862.375	1.1741510834306643e-13
10870.0	1.1402495486889717e-13
10872.376953125	1.1296931448640238e-13
10880.0	1.095870999769637e-13
10882.3798828125	1.085008904605626e-13
10890.0	1.0503023847340945e-13
10892.3828125	1.0397763360365367e-13
10900.0	1.0061600968180949e-13
10902.3857421875	9.956425255295132e-14
10910.0	9.621074622840312e-14
10912.3876953125	9.51603177687645e-14
10920.0	9.181463285027204e-14
10922.390625	9.07385271831541e-14
10930.0	8.732046752735746e-14
10932.3935546875	8.62730547945246e-14
10940.0	8.294768089078348e-14
10942.396484375	8.190112660285295e-14
10950.0	7.858380503365663e-14
10952.3994140625	7.751518042685039e-14
10960.0	7.413724901135805e-14
10962.40234375	7.309363450746721e-14
10970.0	6.979622045572187e-14
10972.4052734375	6.875344606528735e-14
10980.0	6.546395095296416e-14
10982.4072265625	6.440324601762982e-14
10990.0	6.106467523651094e-14
10992.41015625	6.002224753873265e-14
11000.0	5.6743251523569755e-14
11002.4130859375	5.605969456217033e-14
11004.8271484375	0.0
