# WAVELENGTH THROUGHPUT
500.0 0.0
998.0 0.0
999.0 0.0
1000.0 0.0
1010.0 0.0
1020.0 0.0
1030.0 0.0
1040.0 0.0
1050.0 0.0
1060.0 0.0
1070.0 0.0
1080.0 0.0
1090.0 0.0
1100.0 0.0
1110.0 0.0
1120.0 0.0
1130.0 0.0
1140.0 0.0
1150.0 0.0
1160.0 0.0
1170.0 0.0
1180.0 0.0
1190.0 0.0
1200.0 0.0
1210.0 0.0
1220.0 0.0
1230.0 0.0
1240.0 0.0
1250.0 0.0
1260.0 0.0
1270.0 0.0
1280.0 0.0
1290.0 0.0
1300.0 0.0
1310.0 0.0
1320.0 0.0
1330.0 0.0
1340.0 0.0
1350.0 0.0
1360.0 0.0
1370.0 0.0
1380.0 0.0
1390.0 0.0
1400.0 0.0
1410.0 0.0
1420.0 0.0
1430.0 0.0
1440.0 0.0
1450.0 0.0
1460.0 0.0
1470.0 0.0
1480.0 0.0
1490.0 0.0
1500.0 0.0
1510.0 0.0
1520.0 0.0
1530.0 0.0
1540.0 0.0
1550.0 0.0
1560.0 0.0
1570.0 0.0
1580.0 0.0
1590.0 0.0
1600.0 0.0
1610.0 0.0
1620.0 0.0
1630.0 0.0
1640.0 0.0
1650.0 0.0
1660.0 0.0
1670.0 0.0
1680.0 0.0
1690.0 0.0
1700.0 0.0
1710.0 0.0
1720.0 0.0
1730.0 0.0
1740.0 0.0
1750.0 0.0
1760.0 0.0
1770.0 0.0
1780.0 0.0
1790.0 0.0
1800.0 0.0
1810.0 0.0
1820.0 0.0
1830.0 0.0
1840.0 0.0
1850.0 0.0
1860.0 0.0
1870.0 0.0
1880.0 0.0
1890.0 0.0
1900.0 0.0
1910.0 0.0
1920.0 0.0
1930.0 0.0
1940.0 0.0
1950.0 0.0
1960.0 0.0
1970.0 0.0
1980.0 0.0
1988.0 0.0
1989.0 0.0
1990.0 0.0
2000.0 0.0
2010.0 0.0
2020.0 0.0
2030.0 0.0
2040.0 0.0
2050.0 0.0
2060.0 0.0
2070.0 0.0
2080.0 0.0
2090.0 0.0
2100.0 0.0
2110.0 0.0
2120.0 0.0
2130.0 0.0
2140.0 0.0
2150.0 0.0
2160.0 0.0
2170.0 0.0
2180.0 0.0
2190.0 0.0
2200.0 0.0
2210.0 0.0
2220.0 0.0
2230.0 0.0
2240.0 0.0
2250.0 0.0
2260.0 0.0
2270.0 0.0
2280.0 0.0
2290.0 0.0
2300.0 0.0
2310.0 0.0
2320.0 0.0
2330.0 0.0
2340.0 0.0
2350.0 0.0
2360.0 0.0
2370.0 0.0
2380.0 0.0
2390.0 0.0
2400.0 0.0
2410.0 0.0
2420.0 0.0
2430.0 0.0
2440.0 0.0
2450.0 0.0
2460.0 0.0
2470.0 0.0
2480.0 0.0
2490.0 0.0
2500.0 0.0
2510.0 0.0
2520.0 0.0
2530.0 0.0
2540.0 0.0
2550.0 0.0
2560.0 0.0
2570.0 0.0
2580.0 0.0
2590.0 0.0
2600.0 0.0
2610.0 0.0
2620.0 0.0
2630.0 0.0
2640.0 0.0
2650.0 0.0
2660.0 0.0
2670.0 0.0
2680.0 0.0
2690.0 0.0
2700.0 0.0
2710.0 0.0
2720.0 0.0
2730.0 0.0
2740.0 0.0
2750.0 0.0
2760.0 0.0
2770.0 0.0
2780.0 0.0
2790.0 0.0
2800.0 0.0
2810.0 0.0
2820.0 0.0
2830.0 0.0
2840.0 0.0
2850.0 0.0
2860.0 0.0
2870.0 0.0
2880.0 0.0
2890.0 0.0
2900.0 0.0
2910.0 0.0
2920.0 0.0
2930.0 0.0
2940.0 0.0
2950.0 0.0
2960.0 0.0
2970.0 0.0
2980.0 0.0
2990.0 0.0
3000.0 0.0
3010.0 0.0
3020.0 0.0
3030.0 0.0
3040.0 0.0
3050.0 0.0
3060.0 0.0
3070.0 0.0
3080.0 0.0
3090.0 0.0
3100.0 0.0
3110.0 0.0
3120.0 0.0
3130.0 0.0
3140.0 0.0
3150.0 0.0
3160.0 0.0
3170.0 0.0
3180.0 0.0
3190.0 0.0
3200.0 0.0
3210.0 0.0
3220.0 0.0
3230.0 0.0
3240.0 0.0
3250.0 0.0
3260.0 0.0
3270.0 0.0
3280.0 0.0
3290.0 0.0
3300.0 0.0
3310.0 0.0
3320.0 0.0
3330.0 0.0
3340.0 0.0
3350.0 0.0
3360.0 0.0
3370.0 0.0
3380.0 0.0
3390.0 0.0
3400.0 0.0
3410.0 0.0
3420.0 0.0
3430.0 0.0
3440.0 0.0
3450.0 0.0
3460.0 0.0
3470.0 0.0
3480.0 0.0
3490.0 0.0
3500.0 0.0
3510.0 0.0
3520.0 0.0
3530.0 0.0
3540.0 0.0
3550.0 0.0
3560.0 0.0
3570.0 0.0
3580.0 0.0
3590.0 0.0
3600.0 0.0
3610.0 0.0
3620.0 0.0
3630.0 0.0
3640.0 0.0
3650.0 0.0
3660.0 0.0
3670.0 0.0
3680.0 0.0
3690.0 0.0
3700.0 0.0
3710.0 0.0
3720.0 0.0
3730.0 0.0
3740.0 0.0
3750.0 0.0
3760.0 0.0
3770.0 0.0
3780.0 0.0
3790.0 0.0
3800.0 0.0
3810.0 0.0
3820.0 0.0
3830.0 0.0
3840.0 0.0
3850.0 0.0
3860.0 0.0
3870.0 0.0
3880.0 0.0
3890.0 0.0
3900.0 0.0
3910.0 0.0
3920.0 0.0
3930.0 0.0
3940.0 0.0
3950.0 0.0
3960.0 0.0
3970.0 0.0
3980.0 0.0
3990.0 0.0
3998.0 0.0
3999.0 0.0
4000.0 0.0
4010.0 0.0
4020.0 0.0
4030.0 0.0
4040.0 0.0
4050.0 0.0
4060.0 0.0
4070.0 0.0
4080.0 0.0
4090.0 0.0
4100.0 0.0
4110.0 0.0
4120.0 0.0
4130.0 0.0
4140.0 0.0
4150.0 0.0
4160.0 0.0
4170.0 0.0
4180.0 0.0
4190.0 0.0
4200.0 0.0
4210.0 0.0
4220.0 0.0
4230.0 0.0
4240.0 0.0
4250.0 0.0
4260.0 0.0
4270.0 0.0
4280.0 0.0
4290.0 0.0
4300.0 0.0
4310.0 0.0
4320.0 0.0
4330.0 0.0
4340.0 0.0
4350.0 0.0
4360.0 0.0
4370.0 0.0
4380.0 0.0
4390.0 0.0
4400.0 0.0
4410.0 0.0
4420.0 0.0
4430.0 0.0
4440.0 0.0
4450.0 0.0
4460.0 0.0
4470.0 0.0
4480.0 0.0
4490.0 0.0
4500.0 0.0
4510.0 0.0
4520.0 0.0
4530.0 0.0
4540.0 0.0
4550.0 0.0
4560.0 0.0
4570.0 0.0
4580.0 0.0
4590.0 0.0
4600.0 0.0
4610.0 0.0
4620.0 0.0
4630.0 0.0
4640.0 0.0
4650.0 0.0
4660.0 0.0
4670.0 0.0
4680.0 0.0
4690.0 0.0
4700.0 0.0
4710.0 0.0
4720.0 0.0
4730.0 0.0
4740.0 0.0
4750.0 0.0
4760.0 0.0
4770.0 0.0
4780.0 0.0
4790.0 0.0
4800.0 0.0
4810.0 0.0
4820.0 0.0
4830.0 0.0
4840.0 0.0
4850.0 0.0
4860.0 0.0
4870.0 0.0
4880.0 0.0
4890.0 0.0
4900.0 0.0
4910.0 0.0
4920.0 0.0
4930.0 0.0
4940.0 0.0
4950.0 0.0
4960.0 0.0
4970.0 0.0
4980.0 0.0
4990.0 0.0
5000.0 0.0
5010.0 0.0
5020.0 0.0
5030.0 0.0
5040.0 0.0
5050.0 0.0
5060.0 0.0
5070.0 0.0
5080.0 0.0
5090.0 0.0
5100.0 0.0
5110.0 0.0
5120.0 0.0
5130.0 0.0
5140.0 0.0
5150.0 0.0
5160.0 0.0
5170.0 0.0
5180.0 0.0
5190.0 0.0
5200.0 0.0
5210.0 0.0
5220.0 0.0
5230.0 0.0
5240.0 0.0
5250.0 0.0
5260.0 0.0
5270.0 0.0
5280.0 0.0
5290.0 0.0
5300.0 0.0
5310.0 0.0
5320.0 0.0
5330.0 0.0
5340.0 0.0
5350.0 0.0
5360.0 0.0
5370.0 0.0
5380.0 0.0
5390.0 0.0
5400.0 0.0
5410.0 0.0
5420.0 0.0
5430.0 0.0
5440.0 0.0
5450.0 0.0
5460.0 0.0
5470.0 0.0
5480.0 0.0
5490.0 0.0
5500.0 0.0
5510.0 0.0
5520.0 0.0
5530.0 0.0
5540.0 0.0
5550.0 0.0
5560.0 0.0
5570.0 0.0
5580.0 0.0
5590.0 0.0
5600.0 0.0
5610.0 0.0
5620.0 0.0
5630.0 0.0
5640.0 0.0
5650.0 0.0
5660.0 0.0
5670.0 0.0
5680.0 0.0
5690.0 0.0
5700.0 0.0
5710.0 0.0
5720.0 0.0
5730.0 0.0
5740.0 0.0
5750.0 0.0
5760.0 0.0
5770.0 0.0
5780.0 0.0
5790.0 0.0
5800.0 0.0
5810.0 0.0
5820.0 0.0
5830.0 0.0
5840.0 0.0
5850.0 0.0
5860.0 0.0
5870.0 0.0
5880.0 0.0
5890.0 0.0
5900.0 0.0
5910.0 0.0
5920.0 0.0
5930.0 0.0
5940.0 0.0
5950.0 0.0
5960.0 0.0
5970.0 0.0
5980.0 0.0
5990.0 0.0
6000.0 0.0
6010.0 0.0
6020.0 0.0
6030.0 0.0
6040.0 0.0
6050.0 0.0
6060.0 0.0
6070.0 0.0
6080.0 0.0
6090.0 0.0
6100.0 0.0
6110.0 0.0
6120.0 0.0
6130.0 0.0
6140.0 0.0
6150.0 0.0
6160.0 0.0
6170.0 0.0
6180.0 0.0
6190.0 0.0
6200.0 0.0
6210.0 0.0
6220.0 0.0
6230.0 0.0
6240.0 0.0
6250.0 0.0
6260.0 0.0
6270.0 0.0
6280.0 0.0
6290.0 0.0
6300.0 0.0
6310.0 0.0
6320.0 0.0
6330.0 0.0
6340.0 0.0
6350.0 0.0
6360.0 0.0
6370.0 0.0
6380.0 0.0
6390.0 0.0
6400.0 0.0
6410.0 0.0
6420.0 0.0
6430.0 0.0
6440.0 0.0
6450.0 0.0
6460.0 0.0
6470.0 0.0
6480.0 0.0
6490.0 0.0
6500.0 0.0
6510.0 0.0
6520.0 0.0
6530.0 0.0
6540.0 0.0
6550.0 0.0
6560.0 0.0
6570.0 0.0
6580.0 0.0
6590.0 0.0
6600.0 0.0
6610.0 0.0
6620.0 0.0
6630.0 0.0
6640.0 0.0
6650.0 0.0
6660.0 0.0
6670.0 0.0
6680.0 0.0
6690.0 0.0
6700.0 0.0
6710.0 0.0
6720.0 0.0
6730.0 0.0
6740.0 0.0
6750.0 0.0
6760.0 0.0
6770.0 0.0
6780.0 0.0
6790.0 0.0
6800.0 0.0
6810.0 0.0
6820.0 0.0
6830.0 0.0
6840.0 0.0
6850.0 0.0
6860.0 0.0
6870.0 0.0
6880.0 0.0
6890.0 0.0
6900.0 0.0
6910.0 0.0
6920.0 0.0
6930.0 0.0
6940.0 0.0
6950.0 0.0
6960.0 0.0
6970.0 0.0
6980.0 0.0
6990.0 0.0
7000.0 0.0
7010.0 0.0
7020.0 0.0
7030.0 0.0
7040.0 0.0
7050.0 0.0
7060.0 0.0
7070.0 0.0
7080.0 0.0
7090.0 0.0
7100.0 0.0
7110.0 0.0
7120.0 0.0
7130.0 0.0
7140.0 0.0
7150.0 0.0
7160.0 0.0
7170.0 0.0
7180.0 0.0
7190.0 0.0
7200.0 0.0
7210.0 0.0
7220.0 0.0
7230.0 0.0
7240.0 0.0
7250.0 0.0
7260.0 0.0
7270.0 0.0
7280.0 0.0
7290.0 0.0
7300.0 0.0
7310.0 0.0
7320.0 0.0
7330.0 0.0
7340.0 0.0
7350.0 0.0
7360.0 0.0
7370.0 0.0
7380.0 0.0
7390.0 0.0
7400.0 0.0
7410.0 0.0
7420.0 0.0
7430.0 0.0
7440.0 0.0
7450.0 0.0
7460.0 0.0
7470.0 0.0
7480.0 0.0
7490.0 0.0
7500.0 0.0
7510.0 0.0
7520.0 0.0
7530.0 0.0
7540.0 0.0
7550.0 0.0
7550.07861328125 0.0
7551.07861328125 0.0
7552.07861328125 0.0
7560.0 0.0
7570.0 0.0
7580.0 0.0
7590.0 0.0
7600.0 0.0
7602.09228515625 0.0
7610.0 0.0
7620.0 0.0
7630.0 0.0
7640.0 0.0
7650.0 0.0
7652.10595703125 0.0
7660.0 0.0
7670.0 0.0
7680.0 0.0
7690.0 0.0
7700.0 0.0
7702.119140625 0.0
7710.0 0.0
7720.0 0.0
7730.0 0.0
7740.0 0.0
7750.0 0.0
7752.1328125 0.0
7760.0 0.0
7770.0 0.0
7780.0 0.0
7790.0 0.0
7800.0 0.0
7802.14599609375 0.0
7810.0 0.0
7820.0 0.0
7830.0 0.0
7840.0 0.0
7850.0 0.0
7860.0 0.0
7870.0 0.0
7880.0 0.0
7890.0 0.0
7900.0 0.0
7910.0 0.0
7920.0 0.0
7930.0 0.0
7940.0 0.0
7950.0 0.0
7952.1865234375 0.0
7960.0 0.0
7970.0 0.0
7980.0 0.0
7990.0 0.0
7998.0 0.0
7999.0 0.0
8000.0 3.142739840756841e-05
8010.0 3.1490240627800764e-05
8020.0 3.155714972211917e-05
8030.0 3.162627706049871e-05
8040.0 3.169204673940606e-05
8050.0 3.1758400672470045e-05
8060.0 3.182497309643737e-05
8070.0 3.189166022416461e-05
8080.0 3.19585183206245e-05
8090.0 3.2025547846020616e-05
8100.0 3.209263662077086e-05
8110.0 3.215989469101985e-05
8120.0 3.222721739510633e-05
8130.0 3.2294709905915966e-05
8140.0 3.2362318595717414e-05
8150.0 3.2429986778183366e-05
8160.0 3.2497830847829634e-05
8170.0 3.25657888917508e-05
8180.0 3.263380925165762e-05
8190.0 3.276581111570372e-05
8200.0 3.289819165555589e-05
8210.0 3.30243547260093e-05
8220.0 3.3150907915565963e-05
8230.0 3.327780713716283e-05
8240.0 3.338134072200662e-05
8250.0 3.3485083672888756e-05
8252.267578125 3.350863047701148e-05
8260.0 3.3591588365515194e-05
8270.0 3.369897927508395e-05
8280.0 3.380661391999778e-05
8290.0 3.3914418133196294e-05
8300.0 3.4022350748004826e-05
8302.28125 3.4047011676049214e-05
8310.0 3.4130349491844644e-05
8320.0 3.4238469829669635e-05
8330.0 3.434671149281413e-05
8340.0 3.445519658843492e-05
8350.0 3.456379461855051e-05
8360.0 3.4672636432560715e-05
8370.0 3.4708037770485064e-05
8380.0 3.474337491593059e-05
8390.0 3.4778768402759605e-05
8400.0 3.481415519341872e-05
8410.0 3.4842722332833246e-05
8420.0 3.487123634588809e-05
8430.0 3.489981857775148e-05
8440.0 3.492840835361997e-05
8450.0 3.49570003566151e-05
8452.322265625 3.496365547285583e-05
8460.0 3.677027247716178e-05
8470.0 3.912640761791769e-05
8480.0 4.148614820177914e-05
8490.0 4.3849952967285934e-05
8500.0 4.621849995820636e-05
8510.0 4.862134851943592e-05
8520.0 5.103208791335313e-05
8530.0 5.345012112576875e-05
8540.0 5.587516279012083e-05
8550.0 5.824100510494324e-05
8560.0 6.0608234995840895e-05
8570.0 6.297665691608319e-05
8580.0 6.53464406152879e-05
8590.0 6.771746355596018e-05
8600.0 7.008958907910804e-05
8602.3623046875 7.06474708998767e-05
8610.0 7.582790500745564e-05
8620.0 8.261200880951391e-05
8630.0 8.939765170770538e-05
8640.0 9.633293253213177e-05
8650.0 0.00010329055806195978
8660.0 0.00011027026839834156
8670.0 0.0001172723410032476
8680.0 0.00012429658164177126
8690.0 0.00013134289358761016
8700.0 0.00013841129897623953
8710.0 0.0001455014087192904
8720.0 0.00015261367047701688
8730.0 0.0001605006787594168
8740.0 0.00016847916250339108
8750.0 0.0001765496790572466
8760.0 0.00018471273253010183
8770.0 0.00019296857797322772
8780.0 0.0002013183837127373
8790.0 0.00020976239639577086
8800.0 0.00021830111983037006
8810.0 0.0002266192004423087
8820.0 0.00023500937130756258
8830.0 0.00024347271831747208
8840.0 0.0002524340135756532
8842.427734375 0.00025462494911459026
8850.0 0.0003292009274673441
8860.0 0.00042879138667656147
8862.4326171875 0.0004532088419767506
8870.0 0.0005475678015614661
8880.0 0.0006736440955732445
8882.4384765625 0.0007046279197001941
8890.0 0.0008765309561171553
8900.0 0.001106390166640552
8902.443359375 0.0011618727322641144
8910.0 0.001543012259795069
8920.0 0.0020495267536767177
8922.44921875 0.0021743944387996148
8930.0 0.002972586480457212
8940.0 0.004032345484908758
8942.4541015625 0.004293195448403485
8950.0 0.005753391049783669
8960.0 0.00770298629763785
8962.4599609375 0.008182839809116212
8970.0 0.011333610154933862
8980.0 0.015542866914392394
8982.46484375 0.01658120134375228
8990.0 0.02326989229157608
9000.0 0.03218408278679541
9002.470703125 0.03438043746691626
9010.0 0.0479692112373708
9020.0 0.06599258620739044
9022.4765625 0.07047152352510257
9030.0 0.09377329150521134
9040.0 0.12480083153960292
9042.4814453125 0.1325100650899722
9050.0 0.1639145407414613
9060.0 0.20593024216016162
9062.4873046875 0.216360761473512
9070.0 0.24702771103835539
9080.0 0.2881641267809158
9082.4921875 0.2983788060732685
9090.0 0.31950094905648124
9100.0 0.34769018707407007
9102.498046875 0.35481588594405883
9110.0 0.3660389144367413
9120.0 0.3807352398885304
9122.5029296875 0.3844996371619229
9130.0 0.3900644509994402
9140.0 0.3971834144641565
9142.5087890625 0.3990563655268863
9150.0 0.40133197288151784
9160.0 0.40404476468754336
9162.513671875 0.4048134320906086
9170.0 0.40455767794805475
9180.0 0.40387928723570876
9182.51953125 0.4037938265915139
9190.0 0.4021194735235456
9200.0 0.39954114434241295
9202.5244140625 0.3989058905407515
9210.0 0.3970693403999915
9220.0 0.39427910668867205
9222.5302734375 0.3936568193561278
9230.0 0.3934456581646226
9240.0 0.39317927200612895
9242.53515625 0.39319557255297016
9250.0 0.39528860091406043
9260.0 0.3977698762670887
9262.541015625 0.3984866642283888
9270.0 0.40116695604728897
9280.0 0.4044343431602864
9282.546875 0.40535486407771093
9290.0 0.40704883258838903
9300.0 0.40898653551985914
9302.5517578125 0.40956976993799715
9310.0 0.4097551340725052
9320.0 0.409659956838887
9322.5576171875 0.4097236223583918
9330.0 0.4090739535223808
9340.0 0.4078532558246452
9342.5625 0.4076277666456522
9350.0 0.4073730823871657
9360.0 0.40668504124978616
9362.568359375 0.40659607333700004
9370.0 0.4078860841827481
9380.0 0.4092806610140859
9382.5732421875 0.409728961589158
9390.0 0.4121089414972186
9400.0 0.41532450266175625
9402.5791015625 0.41596441585963445
9410.0 0.41821166127133624
9420.0 0.4215970624019873
9422.583984375 0.422381045710401
9430.0 0.42330063546342994
9440.0 0.42513572832664476
9442.58984375 0.425518592322681
9450.0 0.42508569847590744
9460.0 0.42485751601888433
9462.5947265625 0.42479760544916134
9470.0 0.4233367260532544
9480.0 0.4209994770820847
9482.6005859375 0.42048279294998026
9490.0 0.4194670316297903
9500.0 0.4180872063849545
9502.6064453125 0.41761693740142175
9510.0 0.417329655227035
9520.0 0.41729084317375836
9522.611328125 0.4171878901312745
9530.0 0.418159412757317
9540.0 0.41982889202787727
9542.6171875 0.4202658922078136
9550.0 0.4216645844958261
9560.0 0.4232020133693796
9562.6220703125 0.4236990246758769
9570.0 0.4245718684805304
9580.0 0.4257540426907309
9582.6279296875 0.42596952525886184
9590.0 0.4251381409191489
9600.0 0.42436495161801246
9602.6328125 0.4241191436610196
9610.0 0.422652747821757
9620.0 0.4202966857604668
9622.638671875 0.4197678238093817
9630.0 0.4184226167213026
9640.0 0.4167541956793842
9642.6435546875 0.4162172840348416
9650.0 0.41598201002913976
9660.0 0.4160120013221331
9662.6494140625 0.4160185345848999
9670.0 0.4174655656773822
9680.0 0.4190776884211243
9682.6552734375 0.41959961620973857
9690.0 0.4220771639307336
9700.0 0.42545429377811783
9702.66015625 0.4262564521529096
9710.0 0.4282207461087242
9720.0 0.43126206753724766
9722.666015625 0.4320727988523842
9730.0 0.43350392801256366
9740.0 0.4350837749468547
9742.6708984375 0.43560353371951877
9750.0 0.43601059083980676
9760.0 0.4365610670473062
9762.6767578125 0.4367070539846065
9770.0 0.43712332132909204
9780.0 0.4373130956921112
9782.681640625 0.4374624052219047
9790.0 0.4381722624625525
9800.0 0.4391376227703576
9802.6875 0.43933412734116234
9810.0 0.4409958628183809
9820.0 0.44288661610831975
9822.6923828125 0.4434958222035385
9830.0 0.4457728378236051
9840.0 0.4491167431066179
9842.6982421875 0.4500185586937088
9850.0 0.4522091177768
9860.0 0.4548185582486886
9862.703125 0.4556276728101662
9870.0 0.45649828023349726
9880.0 0.457685248216738
9882.708984375 0.4580050053563978
9890.0 0.4572101528539624
9900.0 0.45571896460853006
9902.71484375 0.4554176272509744
9910.0 0.45349123231390426
9920.0 0.4508320984091933
9922.7197265625 0.4501053301585976
9930.0 0.44842846392317887
9940.0 0.4461114315222251
9942.7255859375 0.4453728597806465
9950.0 0.4440789334378876
9960.0 0.4426682963051829
9962.73046875 0.4422802169858426
9970.0 0.44255314559701425
9980.0 0.44292049017321866
9982.736328125 0.4430184460921147
9990.0 0.44382263603117794
10000.0 0.44454086938581716
10002.7412109375 0.4449085935459526
10010.0 0.44624080779588726
10020.0 0.4480722999030292
10022.7470703125 0.44857411207686526
10030.0 0.449013293221504
10040.0 0.4496121931957032
10042.751953125 0.44966892209097487
10050.0 0.448604823499791
10060.0 0.447511123525417
10062.7578125 0.44720677016840904
10070.0 0.4455836702548768
10080.0 0.44332877699428486
10082.7626953125 0.4427025304570947
10090.0 0.4414025190556557
10100.0 0.4395944487083097
10102.7685546875 0.4390908584820626
10110.0 0.4379451679622005
10120.0 0.43597551658239403
10122.7744140625 0.43553057247179805
10130.0 0.4357473443256672
10140.0 0.4360410011385754
10142.779296875 0.43612086252194626
10150.0 0.43727730207188814
10160.0 0.43887679641678046
10162.78515625 0.43932112803672263
10170.0 0.44080184045281307
10180.0 0.4428518616344394
10182.7900390625 0.4433171897953792
10190.0 0.4442083791651761
10200.0 0.4458216997507184
10202.7958984375 0.44628027585669844
10210.0 0.4470816123570044
10220.0 0.44819123366884406
10222.80078125 0.4485007998180842
10230.0 0.44870642472392686
10240.0 0.4489867460809859
10242.806640625 0.4490639448313152
10250.0 0.44943574397651015
10260.0 0.4499485592717784
10262.8115234375 0.4500913947574256
10270.0 0.4509973405516054
10280.0 0.4522550664009944
10282.8173828125 0.4524990295073741
10290.0 0.45413336297430273
10300.0 0.4567981288091856
10302.8232421875 0.45755039900067074
10310.0 0.4602866163623981
10320.0 0.4641021202217065
10322.828125 0.4651814619681643
10330.0 0.4682542894872825
10340.0 0.47254311689817496
10342.833984375 0.4737593611916123
10350.0 0.47601363942110897
10360.0 0.4791610231115587
10362.8388671875 0.4800546422245875
10370.0 0.4815026935280906
10380.0 0.48352398999451723
10382.84375 0.48409873571872264
10390.0 0.4843141089367052
10400.0 0.4846108946569081
10402.849609375 0.484699593032136
10410.0 0.48374076689582307
10420.0 0.48239355764033665
10422.85546875 0.48200713765083014
10430.0 0.48116240601725546
10440.0 0.4799741807944822
10442.861328125 0.47963276317549247
10450.0 0.4789918093115116
10460.0 0.4776768951262012
10462.8662109375 0.4774169533302066
10470.0 0.4777247665221483
10480.0 0.4781542172775017
10482.8720703125 0.4782768559765686
10490.0 0.47920167109300976
10500.0 0.4804987894850522
10502.876953125 0.48075990399621077
10510.0 0.48153078584056813
10520.0 0.48261218882162743
10522.8818359375 0.48292338634889415
10530.0 0.48353257598147975
10540.0 0.48438749171452455
10542.8876953125 0.48463384859585246
10550.0 0.4846377206415213
10560.0 0.48464184937476745
10562.892578125 0.4846428340377509
10570.0 0.48400676338723087
10580.0 0.48310925337308536
10582.8994140625 0.4828487139944454
10590.0 0.4821571902085118
10600.0 0.4811820716264568
10602.904296875 0.48088832105136936
10610.0 0.48018819164847637
10620.0 0.47920043036309656
10622.91015625 0.47891270792032453
10630.0 0.4785659943269526
10640.0 0.47807666900204204
10642.9150390625 0.4779337847208167
10650.0 0.47797618366495875
10660.0 0.4780359787976151
10662.919921875 0.47805347478028953
10670.0 0.4785741396806021
10680.0 0.47930968872257496
10682.92578125 0.4796456841375782
10690.0 0.48003333258138337
10700.0 0.48016940129729935
10702.9306640625 0.480209262615008
10710.0 0.4802522698466427
10720.0 0.4803137292335527
10722.9365234375 0.4803319896575069
10730.0 0.47991542512392005
10740.0 0.4793260066231912
10742.9423828125 0.4791527025904633
10750.0 0.47877229591434967
10760.0 0.47823440272992
10762.9482421875 0.4780761340904422
10770.0 0.47810455154585085
10780.0 0.478145522315286
10782.953125 0.47815819667075726
10790.0 0.47822380913047047
10800.0 0.47831817744604366
10802.9580078125 0.4783531559834979
10810.0 0.4791441292256765
10820.0 0.480269907828997
10822.9638671875 0.48060424720396927
10830.0 0.4817873822116174
10840.0 0.4834710983923772
10842.96875 0.4839719387149912
10850.0 0.4854944882373985
10860.0 0.48766296468983655
10862.974609375 0.4884339531450491
10870.0 0.4899026777328422
10880.0 0.49157691451342483
10882.98046875 0.4920767048915392
10890.0 0.4927940595793018
10900.0 0.4938199828339614
10902.986328125 0.4941270723066913
10910.0 0.49437080163698544
10920.0 0.49472177554595725
10922.9912109375 0.49482782942523784
10930.0 0.4947578706732685
10940.0 0.49466128336222553
10942.99609375 0.49463330064167604
10950.0 0.49444398323875355
10960.0 0.4941761420398641
10963.001953125 0.49409691546249523
10970.0 0.4936820650113089
10980.0 0.4935164057593703
10983.0068359375 0.49334015994426456
10990.0 0.4932665988197027
11000.0 0.4930641768689949
11003.0126953125 0.4930212980698693
11010.0 0.49293948226248946
11020.0 0.4928222684579646
11023.017578125 0.4927868701223059
11030.0 0.4924570780843226
11040.0 0.49198444116286305
11043.0244140625 0.49184142208901266
11050.0 0.4911927988854643
11060.0 0.4902623776331381
11063.029296875 0.49010780535392534
11070.0 0.4893970474404071
11080.0 0.48795595082644305
11083.0341796875 0.4875184964514405
11090.0 0.4861950939513386
11100.0 0.48429413056252657
11103.0400390625 0.4837159704269495
11110.0 0.4824980325519476
11120.0 0.48074708453257775
11123.044921875 0.48021369384629004
11130.0 0.47906582411178134
11140.0 0.4774144475587735
11143.05078125 0.47703520762762697
11150.0 0.47641800622286956
11160.0 0.47512003918048823
11163.0556640625 0.4747232417298562
11170.0 0.47422871785503856
11180.0 0.47351614315353274
11183.060546875 0.473297950332129
11190.0 0.473175134606986
11200.0 0.4729980006902222
11203.0673828125 0.4730755098585026
11210.0 0.473658300892705
11220.0 0.4740939129171112
11223.072265625 0.47422779260532644
11230.0 0.47495523441557547
11240.0 0.4760058745819177
11243.078125 0.4763294168357867
11250.0 0.477234548994901
11260.0 0.4785429510954933
11263.0830078125 0.47894651415073397
11270.0 0.47972811262980486
11280.0 0.4812704418680497
11283.0888671875 0.4816201279445342
11290.0 0.4827044513935334
11300.0 0.48427433103740436
11303.09375 0.48476023485389413
11310.0 0.4855968864024259
11320.0 0.48680902528306663
11323.0986328125 0.4871847901614807
11330.0 0.4875251319646619
11340.0 0.4884359565666978
11343.10546875 0.48858936491163624
11350.0 0.4890898603206559
11360.0 0.48981617690170476
11363.1103515625 0.49004217997690214
11370.0 0.4906139481787887
11380.0 0.4914442944192198
11383.1162109375 0.4918341248738371
11390.0 0.4925893649077921
11400.0 0.4932665677371973
11403.12109375 0.49348919631062166
11410.0 0.49385561590359334
11420.0 0.4943885821839196
11423.126953125 0.49455530999688946
11430.0 0.4951174108103887
11440.0 0.4959357559419216
11443.1318359375 0.49632488559490723
11450.0 0.49728570333040967
11460.0 0.4982615244646843
11463.13671875 0.498567766194855
11470.0 0.499113493655559
11480.0 0.49990912735235626
11483.142578125 0.5001592822248667
11490.0 0.5004384286518112
11500.0 0.501273009877537
11503.1484375 0.5013930165948166
11510.0 0.500977452832392
11520.0 0.5003704304025737
11523.154296875 0.5001788347688799
11530.0 0.4992819075585941
11540.0 0.49797073412620585
11543.1591796875 0.4976902822396661
11550.0 0.49674318468803624
11560.0 0.4949332099902402
11563.1650390625 0.49436002389704675
11570.0 0.4931929495817595
11580.0 0.4914842106011597
11583.169921875 0.49094224809023396
11590.0 0.4900235707040942
11600.0 0.4890937553748184
11603.1748046875 0.48866675059847064
11610.0 0.4884442882509841
11620.0 0.4881180316848097
11623.1806640625 0.4880141822365887
11630.0 0.48862999912073535
11640.0 0.4899502074295801
11643.185546875 0.4902384169379287
11650.0 0.4911229782489276
11660.0 0.4924218307572773
11663.1923828125 0.49283667112509727
11670.0 0.49416810456694094
11680.0 0.4961251341262328
11683.197265625 0.4968862185250589
11690.0 0.4986143391422816
11700.0 0.5007335824246286
11703.203125 0.5014127394150163
11710.0 0.5026757838031445
11720.0 0.504535217022248
11723.2080078125 0.5052696853914551
11730.0 0.5065936923269934
11740.0 0.5081148502551615
11743.212890625 0.5086038171464339
11750.0 0.5095118472395407
11760.0 0.5108505288718623
11763.21875 0.5112816216287452
11770.0 0.5118682108381727
11780.0 0.5131689924835703
11783.2236328125 0.5134483597569438
11790.0 0.5129615314728556
11800.0 0.5122425297980451
11803.23046875 0.511987431561473
11810.0 0.5097880027431191
11820.0 0.5069671033492367
11823.2353515625 0.5059141792577184
11830.0 0.5022256225731832
11840.0 0.4967704622885343
11843.2412109375 0.49500169867013544
11850.0 0.4910615092609855
11860.0 0.48564038344746663
11863.24609375 0.4837448661803839
11870.0 0.4820574545037116
11880.0 0.4795578796249534
11883.2509765625 0.4787449775587991
11890.0 0.4809619357214365
11900.0 0.48465825381898736
11903.2568359375 0.4857298067503895
11910.0 0.4920533204790044
11920.0 0.5014350877859315
11923.26171875 0.5044962162221939
11930.0 0.5056610722490182
11940.0 0.5073905030702179
11943.267578125 0.5080962053949107
11950.0 0.4856009541151768
11960.0 0.45174293569472623
11963.2734375 0.4406558307717972
11970.0 0.392275967339779
11980.0 0.3203205743115147
11983.279296875 0.29679824246534303
11990.0 0.2526767236101312
12000.0 0.1867466468221524
12003.2841796875 0.16509308116033145
12010.0 0.13922797640737644
12020.0 0.10068938131476332
12023.2890625 0.08803172962039191
12030.0 0.07455997120175613
12040.0 0.05439829412899119
12043.294921875 0.047751764991365034
12050.0 0.04080563493019223
12060.0 0.030439437483687208
12063.2998046875 0.027024560163344057
12070.0 0.023291696570385448
12080.0 0.017694009215025314
12083.3056640625 0.01584265044557178
12090.0 0.013720565143664072
12100.0 0.010548548543061406
12103.310546875 0.00950054890697776
12110.0 0.00829167411036156
12120.0 0.006475359358034428
12123.3173828125 0.005872508279537222
12130.0 0.005068832047579818
12140.0 0.0038654201123786013
12143.322265625 0.0034663788925301782
12150.0 0.0030088320436795863
12160.0 0.0023202868268613285
12163.328125 0.002091012464105108
12170.0 0.0017966303782633631
12180.0 0.001355117961945701
12183.3330078125 0.0012082247048373102
12190.0 0.0010760224647522112
12200.0 0.0008765837401435699
12203.337890625 0.0008099541832447776
12210.0 0.0006986576473311866
12220.0 0.0005319638907719874
12223.34375 0.00047600724999279033
12230.0 0.00038249640589988924
12240.0 0.00024194189879982563
12243.3486328125 0.00019485690650484897
12250.0 0.00014809726182757392
12260.0 7.782742841029981e-05
12263.35546875 5.4197588725250356e-05
12270.0 5.420806836171481e-05
12280.0 5.422384266895115e-05
12290.0 5.42396199626199e-05
12300.0 5.430095686460227e-05
12310.0 5.431675338478901e-05
12320.0 5.433255289483662e-05
12330.0 5.434835539505202e-05
12340.0 5.440976509646121e-05
12350.0 5.442558683912052e-05
12360.0 5.444141157537774e-05
12370.0 5.4457239305540164e-05
12380.0 5.451873274360434e-05
12390.0 5.453457973530658e-05
12400.0 5.4550429724346376e-05
12410.0 5.4572823511558735e-05
12420.0 5.464094973472068e-05
12430.0 5.466337360231249e-05
12440.0 5.468580313282644e-05
12450.0 5.4708238326798115e-05
12460.0 5.4776475594758155e-05
12470.0 5.4798940899590255e-05
12480.0 5.482141187422672e-05
12490.0 5.484388851920327e-05
12500.0 5.491224787156206e-05
12510.0 5.492237890527643e-05
12520.0 5.493250623803417e-05
12530.0 5.494262986740446e-05
12540.0 5.4998655192486004e-05
12550.0 5.500877985848301e-05
12560.0 5.501890081069913e-05
12570.0 5.507495426678241e-05
12580.0 5.50850762265318e-05
12590.0 5.509519446209278e-05
12600.0 5.5105308971029244e-05
12610.0 5.515905862425442e-05
12620.0 5.516684320591797e-05
12630.0 5.517462425203951e-05
12640.0 5.518240176068974e-05
12650.0 5.523616420776796e-05
12660.0 5.524394111057373e-05
12670.0 5.525171446716646e-05
12680.0 5.525948427561439e-05
12690.0 5.53132703793776e-05
12700.0 5.5321039549577556e-05
12710.0 5.532880516287683e-05
12720.0 5.53365672173412e-05
12730.0 5.539036590520102e-05
12740.0 5.539812728741405e-05
12750.0 5.540588510202294e-05
12760.0 5.5413639347090975e-05
12770.0 5.5421390020681316e-05
12780.0 5.5475215034120217e-05
12790.0 5.548296499609004e-05
12800.0 5.549071137779657e-05
12810.0 5.5489287037365376e-05
12820.0 5.553394745343166e-05
12830.0 5.5532514605824495e-05
12840.0 5.5531078095870266e-05
12850.0 5.552963792337575e-05
12860.0 5.557427223542503e-05
12870.0 5.5572823536114766e-05
12880.0 5.557137117064577e-05
12890.0 5.5569915138825325e-05
12900.0 5.5614534257640684e-05
12910.0 5.5613069679079046e-05
12920.0 5.561160143054793e-05
12930.0 5.561012951185511e-05
12940.0 5.565472237571532e-05
12950.0 5.565324189064451e-05
12960.0 5.565175773179518e-05
12970.0 5.5650269898975555e-05
12980.0 5.564877839199398e-05
12990.0 5.56933509972142e-05
13000.0 5.569185090050175e-05
13010.0 5.570931756145193e-05
13020.0 5.572678842108496e-05
13030.0 5.5790373379888564e-05
13040.0 5.580786709736891e-05
13050.0 5.582536501919581e-05
13060.0 5.5842867146099655e-05
13070.0 5.5860373478810945e-05
13080.0 5.5924060738944116e-05
13090.0 5.594158995940952e-05
13100.0 5.5959123391351726e-05
13110.0 5.597666103550211e-05
13120.0 5.599420289259222e-05
13130.0 5.6058003602480535e-05
13140.0 5.607556838071324e-05
13150.0 5.60931373775615e-05
13160.0 5.6110710593757796e-05
13170.0 5.61746006623226e-05
13180.0 5.619219682640804e-05
13190.0 5.6209797215522536e-05
13200.0 5.6227401830399564e-05
13210.0 5.623329289053163e-05
13220.0 5.628554466643948e-05
13230.0 5.6291441313576225e-05
13240.0 5.6297338326093574e-05
13250.0 5.630323570399415e-05
13260.0 5.63091334472805e-05
13270.0 5.631503155595529e-05
13280.0 5.636732505681589e-05
13290.0 5.637322875551354e-05
13300.0 5.637913281990841e-05
13310.0 5.638503725000311e-05
13320.0 5.639094204580028e-05
13330.0 5.644326099994197e-05
13340.0 5.6449171387315575e-05
13350.0 5.645508214070043e-05
13360.0 5.646099326009905e-05
13370.0 5.64669047455141e-05
13380.0 5.647281659694813e-05
13390.0 5.6525177309374084e-05
13400.0 5.653109475540323e-05
13410.0 5.6506289479542094e-05
13420.0 5.648148503208935e-05
13430.0 5.6456681413284044e-05
13440.0 5.643187862336508e-05
13450.0 5.6453428110569743e-05
13460.0 5.6428606599279754e-05
13470.0 5.6403785918274526e-05
13480.0 5.637896606779308e-05
13490.0 5.635414704807438e-05
13500.0 5.6329328859357446e-05
13503.6923828125 5.633450629076203e-05
13510.0 5.634351743033961e-05
13520.0 5.6311575542315626e-05
13530.0 5.627964133913435e-05
13540.0 5.624771481986833e-05
13550.0 5.6215795983590194e-05
13560.0 5.6183884829372567e-05
13570.0 5.6151981356288155e-05
13580.0 5.6166125521483206e-05
13590.0 5.613421124742072e-05
13600.0 5.6102304658009086e-05
13610.0 5.5964616097190403e-05
13620.0 5.582707229448494e-05
13630.0 5.568967330464714e-05
13640.0 5.555241918239436e-05
13650.0 5.541530998240678e-05
13660.0 5.532365259369647e-05
13670.0 5.518672126338399e-05
13680.0 5.5049935138068856e-05
13690.0 5.491329427232743e-05
13700.0 5.477679872069888e-05
13710.0 5.464044853768519e-05
13720.0 5.4504243777751293e-05
13730.0 5.436818449532486e-05
13740.0 5.42322707447965e-05
13750.0 5.414080973240823e-05
13760.0 5.4005076128546564e-05
13770.0 5.386948833886159e-05
13780.0 5.373404641763973e-05
13790.0 5.3598750419130255e-05
13800.0 5.34636003975453e-05
13810.0 5.335950139140072e-05
13820.0 5.3255519062756174e-05
13830.0 5.315165336081141e-05
13840.0 5.325892013227935e-05
13850.0 5.336627241216707e-05
13860.0 5.351747136904926e-05
13870.0 5.3625082509974936e-05
13880.0 5.373277907979079e-05
13890.0 5.384056102867183e-05
13900.0 5.394842830679842e-05
13910.0 5.4056380864356247e-05
13920.0 5.416441865153634e-05
13930.0 5.4272541618535135e-05
13940.0 5.4380749715554345e-05
13950.0 5.448904289280115e-05
13960.0 5.459742110048793e-05
13970.0 5.4705884288832574e-05
13980.0 5.4814432408058254e-05
13990.0 5.492306540839355e-05
14000.0 5.5031783240072384e-05
14010.0 5.508669289431015e-05
14020.0 5.514161975615877e-05
14030.0 5.5196563805891986e-05
14040.0 5.525152502377098e-05
14050.0 5.530650339004452e-05
14060.0 5.5361498884948795e-05
14070.0 5.5416511488707535e-05
14080.0 5.551689483516802e-05
14090.0 5.5571986603610326e-05
14100.0 5.562709543544313e-05
14110.0 5.568222131082399e-05
14120.0 5.5737364209898004e-05
14130.0 5.5792524112797776e-05
14140.0 5.5847700999643474e-05
14150.0 5.590289485054277e-05
14160.0 5.5958105645590795e-05
14170.0 5.6013333364870235e-05
14180.0 5.606857798845135e-05
14190.0 5.612383949639178e-05
14200.0 5.613322322241419e-05
14210.0 5.613742358321539e-05
14220.0 5.614161850056416e-05
14230.0 5.614580797285912e-05
14240.0 5.614999199849902e-05
14250.0 5.6154170575882695e-05
14253.89453125 5.615579646145893e-05
14260.0 5.615809991239744e-05
14270.0 5.6161868243037226e-05
14280.0 5.616563106358302e-05
14290.0 5.616938837255099e-05
14300.0 5.61731401684576e-05
14310.0 5.61768864498194e-05
14320.0 5.618062721515316e-05
14330.0 5.618436246297578e-05
14340.0 5.618809219180442e-05
14350.0 5.619181640015637e-05
14360.0 5.6195535086549044e-05
14370.0 5.619924824950014e-05
14380.0 5.620295588752747e-05
14390.0 5.620665799914901e-05
14400.0 5.616439139480795e-05
14410.0 5.615743952336963e-05
14420.0 5.615048491217964e-05
14430.0 5.614352756131176e-05
14440.0 5.613656747083983e-05
14450.0 5.612960464083773e-05
14460.0 5.612263907137931e-05
14470.0 5.611567076253852e-05
14480.0 5.610869971438928e-05
14490.0 5.6101725927005624e-05
14500.0 5.609474940046154e-05
14510.0 5.606809789614278e-05
14520.0 5.6087355181581046e-05
14530.0 5.610661506138744e-05
14540.0 5.612587753540954e-05
14550.0 5.614514260349498e-05
14560.0 5.616441026549129e-05
14570.0 5.6183680521246025e-05
14580.0 5.615692644035116e-05
14590.0 5.6176186097705373e-05
14600.0 5.6195448346236635e-05
14610.0 5.620847114663319e-05
14620.0 5.622149347674158e-05
14630.0 5.623451533642916e-05
14640.0 5.624753672556321e-05
14650.0 5.6214440278943255e-05
14660.0 5.622745005357586e-05
14670.0 5.624045935764319e-05
14680.0 5.625346819101268e-05
14690.0 5.626647655355198e-05
14700.0 5.627948444512858e-05
14704.017578125 5.626616137353368e-05
14710.0 5.624646553616445e-05
14720.0 5.625971191390224e-05
14730.0 5.627295793841749e-05
14740.0 5.6286203609573276e-05
14750.0 5.629944892723262e-05
14760.0 5.626645799399058e-05
14770.0 5.627969172967439e-05
14780.0 5.6292925111741616e-05
14790.0 5.630615814005545e-05
14800.0 5.627311142066748e-05
14810.0 5.62806692033521e-05
14820.0 5.628822449884965e-05
14830.0 5.629577730742821e-05
14840.0 5.625702890516434e-05
14850.0 5.626457053405705e-05
14860.0 5.6272109678879124e-05
14870.0 5.6279646339898345e-05
14880.0 5.6240851456252235e-05
14890.0 5.624837695125435e-05
14900.0 5.6255899965300656e-05
14904.072265625 5.6258962825643584e-05
14910.0 5.6263420498658707e-05
14920.0 5.622459023141889e-05
14930.0 5.623209961389988e-05
14940.0 5.623960651853784e-05
14950.0 5.624711094560013e-05
14960.0 5.620823429771721e-05
14970.0 5.621572758755884e-05
14980.0 5.622321840266867e-05
14990.0 5.618430960318897e-05
15000.0 5.619178929289048e-05
15010.0 5.6172350617748285e-05
15020.0 5.6106550074035185e-05
15030.0 5.6087135080496403e-05
15040.0 5.6067723901975714e-05
15050.0 5.6001993452271105e-05
15060.0 5.598260593955163e-05
15070.0 5.596322223772281e-05
15080.0 5.5897567361346676e-05
15090.0 5.58782073076087e-05
15100.0 5.585885106063528e-05
15110.0 5.5793277217807174e-05
15120.0 5.577394459931021e-05
15130.0 5.57546157834536e-05
15140.0 5.568911190123873e-05
15150.0 5.5669806698069013e-05
15160.0 5.565050529341649e-05
15170.0 5.5585082332941575e-05
15180.0 5.556580452137453e-05
15190.0 5.550043164593149e-05
15200.0 5.548117741546527e-05
15210.0 5.5457351831612836e-05
15220.0 5.5387490155535534e-05
15230.0 5.536369874813244e-05
15240.0 5.5293916272613224e-05
15250.0 5.527015900926526e-05
15260.0 5.524640892800167e-05
15270.0 5.5176721563419077e-05
15280.0 5.515300558951647e-05
15290.0 5.508339728489612e-05
15300.0 5.50597153860039e-05
15310.0 5.4990175141033356e-05
15320.0 5.496652728952456e-05
15330.0 5.4897060524754716e-05
15340.0 5.4873446690665374e-05
15350.0 5.4804058810216224e-05
15360.0 5.478047896125117e-05
15370.0 5.4756906247757944e-05
15380.0 5.4687613101684744e-05
15390.0 5.4664074336736545e-05
15400.0 5.459485993478098e-05
15410.0 5.4574160356555586e-05
15420.0 5.450781237068224e-05
15430.0 5.44871404246978e-05
15440.0 5.4420854688622967e-05
15450.0 5.440021035401011e-05
15460.0 5.433399226342811e-05
15470.0 5.426780847687169e-05
15480.0 5.424721416435782e-05
15490.0 5.4181097955636036e-05
15500.0 5.4160531195992354e-05
15510.0 5.4108999198401026e-05
15520.0 5.410298243552359e-05
15530.0 5.405146573712083e-05
15540.0 5.404545415237191e-05
15550.0 5.399395817576969e-05
15560.0 5.394246695583639e-05
15570.0 5.393646566831191e-05
15580.0 5.388498974763817e-05
15590.0 5.387899363880756e-05
15600.0 5.382753843698396e-05
15610.0 5.3818682882384976e-05
15620.0 5.376437779420791e-05
15630.0 5.371009316125211e-05
15640.0 5.370125280239982e-05
15650.0 5.364698534908595e-05
15660.0 5.359273293432755e-05
15670.0 5.35839077735367e-05
15680.0 5.3529683369203586e-05
15690.0 5.3520865847292304e-05
15700.0 5.346665862811012e-05
15710.0 5.341247185757313e-05
15720.0 5.3403669535245574e-05
15730.0 5.334949995312314e-05
15740.0 5.329534541009542e-05
15750.0 5.328655828963496e-05
15760.0 5.323243175151125e-05
15770.0 5.317831484649138e-05
15780.0 5.312421838428231e-05
15790.0 5.311545402616283e-05
15800.0 5.3061374759892944e-05
15810.0 5.300941340458036e-05
15820.0 5.3002766793528106e-05
15830.0 5.29508273885013e-05
15840.0 5.2898893700055435e-05
15850.0 5.284697652766767e-05
15860.0 5.284034597684836e-05
15870.0 5.2788439961089055e-05
15880.0 5.273654506520614e-05
15890.0 5.268466668560422e-05
15900.0 5.2678052203226984e-05
15910.0 5.262618498798266e-05
15920.0 5.257432889554136e-05
15930.0 5.252248931959592e-05
15940.0 5.247065547443096e-05
15950.0 5.2464062509300895e-05
15960.0 5.241225062202876e-05
15970.0 5.2360444469704274e-05
15980.0 5.2308649444662715e-05
15990.0 5.225687093652829e-05
16000.0 5.2250299500187064e-05
16004.37109375 5.2228582512366876e-05
16010.0 5.238722986454051e-05
16020.0 5.266859015180607e-05
16030.0 5.294931914538384e-05
16040.0 5.322942235637469e-05
16050.0 5.350890543104719e-05
16060.0 5.383453157342071e-05
16070.0 5.4113040965714756e-05
16080.0 5.439093058515272e-05
16090.0 5.4668189284389336e-05
16100.0 5.4944822778117686e-05
16110.0 5.522083691604929e-05
16120.0 5.549622034923161e-05
16130.0 5.57709847056459e-05
16140.0 5.604511850199614e-05
16150.0 5.6318627622498784e-05
16160.0 5.664111266537629e-05
16170.0 5.691366104731674e-05
16180.0 5.7185579108708926e-05
16190.0 5.745687888274457e-05
16200.0 5.7727548483349374e-05
16210.0 5.7986958066815284e-05
16220.0 5.8245654067474595e-05
16230.0 5.850362478560725e-05
16240.0 5.876087679290953e-05
16250.0 5.901741679085239e-05
16260.0 5.9273232884562146e-05
16270.0 5.9528338017233734e-05
16280.0 5.97827201640735e-05
16290.0 6.0036386058540665e-05
16300.0 6.0289342563504044e-05
16310.0 6.054157745956363e-05
16320.0 6.079310401316495e-05
16330.0 6.104390987535276e-05
16340.0 6.129400194089245e-05
16350.0 6.154338723359392e-05
16360.0 6.179205321044253e-05
16370.0 6.198466742120093e-05
16380.0 6.223163909132308e-05
16390.0 6.24779062324407e-05
16400.0 6.27234560432747e-05
16410.0 6.300543280447177e-05
16420.0 6.328699257924496e-05
16430.0 6.356814143350976e-05
16440.0 6.384888557810732e-05
16450.0 6.412921074455948e-05
16460.0 6.435115329886193e-05
16470.0 6.463034822275278e-05
16480.0 6.490913589915887e-05
16490.0 6.518750177122712e-05
16500.0 6.546545216052953e-05
16510.0 6.574299353414965e-05
16520.0 6.602011111844892e-05
16530.0 6.623670979391629e-05
16540.0 6.651268680514852e-05
16550.0 6.678825227368778e-05
16560.0 6.706339113635966e-05
16570.0 6.733811728228882e-05
16580.0 6.755077869844603e-05
16590.0 6.78243568900055e-05
16600.0 6.809750566483979e-05
16610.0 6.819740880159598e-05
16620.0 6.823320798394717e-05
16630.0 6.832986687023409e-05
16640.0 6.842497809113001e-05
16650.0 6.851856177547106e-05
16660.0 6.854748590015267e-05
16670.0 6.8637873530899e-05
16680.0 6.872673518446823e-05
16690.0 6.875054787771381e-05
16700.0 6.883624996685446e-05
16710.0 6.89204577236309e-05
16720.0 6.893920704033348e-05
16730.0 6.902029161767288e-05
16740.0 6.909988306657808e-05
16750.0 6.911364713288547e-05
16760.0 6.919015155249545e-05
16770.0 6.926519452685228e-05
16780.0 6.927402833994534e-05
16790.0 6.934601261078643e-05
16800.0 6.935155195764418e-05
16810.0 6.942349965819869e-05
16820.0 6.949395628265333e-05
16830.0 6.949752883105168e-05
16840.0 6.956487562618147e-05
16850.0 6.956509922165478e-05
16860.0 6.962935790537199e-05
16870.0 6.962626675675048e-05
16880.0 6.968745116123635e-05
16890.0 6.974717003510838e-05
16900.0 6.973920336254423e-05
16910.0 6.979589499538429e-05
16920.0 6.978466240585874e-05
16930.0 6.983834051975838e-05
16940.0 6.982388406557686e-05
16950.0 6.987456228050676e-05
16960.0 6.985690022055986e-05
16970.0 6.98375902186759e-05
16980.0 6.988376647380284e-05
16990.0 6.98612912197716e-05
17000.0 6.99045304333974e-05
17010.0 6.982572777511136e-05
17020.0 6.981259804081731e-05
17030.0 6.973030866104509e-05
17040.0 6.964626439258023e-05
17050.0 6.962807068801389e-05
17060.0 6.95405938957705e-05
17070.0 6.951907803649149e-05
17080.0 6.942820376753617e-05
17090.0 6.933562292282717e-05
17100.0 6.930915800474644e-05
17110.0 6.921323362958633e-05
17120.0 6.911563185847135e-05
17130.0 6.908428746307577e-05
17140.0 6.89833959555011e-05
17150.0 6.888085615016516e-05
17160.0 6.884470165798289e-05
17170.0 6.873892575795595e-05
17180.0 6.863153057678154e-05
17190.0 6.859063516744363e-05
17200.0 6.848005738117144e-05
17210.0 6.781477179841044e-05
17220.0 6.714656005212991e-05
17230.0 6.654199502444504e-05
17240.0 6.586749557126821e-05
17250.0 6.519016802843781e-05
17260.0 6.45100558059111e-05
17270.0 6.382718666233351e-05
17280.0 6.320538235808679e-05
17290.0 6.251654979585315e-05
17300.0 6.182506172920726e-05
17310.0 6.11309610053945e-05
17320.0 6.043427549106185e-05
17330.0 5.9735047802197344e-05
17340.0 5.903330585079915e-05
17350.0 5.8388793494437214e-05
17360.0 5.768153696414653e-05
17370.0 5.697186666700024e-05
17380.0 5.6259824636468375e-05
17390.0 5.554544232742527e-05
17400.0 5.48287512947172e-05
17410.0 5.3339577197957296e-05
17420.0 5.1846789999168924e-05
17430.0 5.035046510307851e-05
17440.0 4.885066499558023e-05
17450.0 4.734746454303745e-05
17460.0 4.5840926383770064e-05
17470.0 4.4331124841437155e-05
17480.0 4.281812539245701e-05
17490.0 4.130199377093563e-05
17500.0 3.978280347835933e-05
17510.0 3.826061755523443e-05
17520.0 3.673550894953637e-05
17530.0 3.520754087106571e-05
17540.0 3.367678570998311e-05
17550.0 3.2143308892705306e-05
17560.0 3.0607176119703416e-05
17570.0 2.906845893636965e-05
17580.0 2.7527220996693712e-05
17590.0 2.5983533277539747e-05
17600.0 2.4411126487783725e-05
17610.0 2.3523031316425952e-05
17620.0 2.2633417114004457e-05
17630.0 2.1742325604723986e-05
17640.0 2.0849793970204503e-05
17650.0 1.9955859561606687e-05
17660.0 1.9039731437836133e-05
17670.0 1.8144047648113067e-05
17680.0 1.7247083555556367e-05
17690.0 1.6348876533244723e-05
17700.0 1.5432413993144786e-05
17710.0 1.4532798060425644e-05
17720.0 1.3632060816506325e-05
17730.0 1.2730239662053864e-05
17740.0 1.1814189230172553e-05
17750.0 1.0911297091951422e-05
17760.0 1.0007442591003224e-05
17770.0 9.102662375315404e-06
17780.0 8.18776498622191e-06
17790.0 7.282250980439059e-06
17800.0 6.37593171139079e-06
17810.0 6.1337963515918885e-06
17820.0 5.898629675470547e-06
17830.0 5.656755340076563e-06
17840.0 5.421368414963437e-06
17850.0 5.185759867545652e-06
17860.0 4.944243903263424e-06
17870.0 4.708481918850274e-06
17880.0 4.467352908170938e-06
17890.0 4.231482210486534e-06
17900.0 3.990790862493758e-06
17910.0 3.7548564242246447e-06
17920.0 3.514653314614633e-06
17930.0 3.27869998739178e-06
17940.0 3.039035558613319e-06
17950.0 2.8031080731415103e-06
17960.0 2.5640326345359787e-06
17970.0 2.32817560072315e-06
17980.0 2.0897393286644504e-06
17990.0 1.853997235750967e-06
18000.0 1.6162501737854074e-06
18001.0 0.0
18002.0 0.0
18200.0 0.0
18400.0 0.0
18600.0 0.0
18800.0 0.0
19000.0 0.0
19155.228515625 0.0
19200.0 0.0
19205.2421875 0.0
19255.255859375 0.0
19305.26953125 0.0
19355.283203125 0.0
19400.0 0.0
19405.296875 0.0
19455.310546875 0.0
19505.32421875 0.0
19555.337890625 0.0
19600.0 0.0
19605.3515625 0.0
19655.36328125 0.0
19705.37890625 0.0
19755.392578125 0.0
19800.0 0.0
19805.404296875 0.0
19855.419921875 0.0
19905.431640625 0.0
19955.4453125 0.0
20000.0 0.0
20001.0 0.0
20002.0 0.0
20005.4609375 0.0
20006.4609375 0.0
20007.4609375 0.0
30000.0 0.0
30010.0 0.0
