WAVELENGTH	THROUGHPUT
1989.95361328125	0.0
1990.0	6.362042570901409e-09
1990.04638671875	6.3756355817574224e-09
2000.0	4.400438698679414e-11
2000.0482177734375	1.2295259753673917e-11
2010.0	3.6727532417902986e-09
2010.0499267578125	3.691328599345469e-09
2020.0	2.6128239316412322e-09
2020.0517578125	2.6071341247932122e-09
2030.0	3.1460750587610124e-09
2030.053466796875	3.149015103949076e-09
2040.0	8.69365446706933e-09
2040.0552978515625	8.724817304034223e-09
2050.0	4.8710135237483095e-09
2050.05712890625	4.8486825805290715e-09
2060.0	1.7178464952280984e-09
2060.05908203125	1.6989987584358803e-09
2070.0	2.5650889065735422e-09
2070.060791015625	2.570434542693746e-09
2080.0	4.350372146781343e-09
2080.062744140625	4.361759100896089e-09
2090.0	6.174181012589239e-09
2090.064697265625	6.1861173524404534e-09
2100.0	4.771430339449545e-09
2100.066650390625	4.762497726282497e-09
2110.0	1.5091136903261277e-10
2110.068603515625	1.179857226479338e-10
2120.0	1.551976189285344e-11
2120.070556640625	1.4767414527814402e-11
2130.0	1.3731321340065216e-09
2130.072509765625	1.383367496335461e-09
2140.0	1.4571035056101705e-09
2140.07470703125	1.4576668990409962e-09
2150.0	5.029756667535836e-09
2150.07666015625	5.058186985613745e-09
2160.0	5.757727899214506e-11
2160.07861328125	1.6728844543563543e-11
2170.0	1.722035126986921e-11
2170.080810546875	1.722449379912279e-11
2180.0	1.6943119357286818e-09
2180.082763671875	1.7087144622705336e-09
2190.0	4.278469498786944e-09
2190.084716796875	4.301040526790877e-09
2200.0	2.2878146505446633e-09
2200.0869140625	2.269683635304664e-09
2210.0	4.84554189558646e-09
2210.089111328125	4.869410104011037e-09
2220.0	1.10207381559272e-09
2220.091064453125	1.066373910045131e-09
2230.0	5.316866519274333e-09
2230.09326171875	5.357781432678757e-09
2240.0	2.7420704862238574e-09
2240.095458984375	2.7162071609788746e-09
2250.0	2.1306319676772462e-09
2250.097412109375	2.1247460907796825e-09
2260.0	2.7904426049441575e-09
2260.099609375	2.797274166659812e-09
2270.0	1.1171397633227636e-08
2270.101806640625	1.1259376011234452e-08
2280.0	6.395750913886547e-09
2280.10400390625	6.343418541022637e-09
2290.0	4.801100900861524e-09
2290.106201171875	4.784227627074463e-09
2300.0	2.370167570384894e-09
2300.1083984375	2.343004998191756e-09
2310.0	2.3438001214752454e-09
2310.110595703125	2.3437991950852554e-09
2320.0	5.107164720889496e-09
2320.11279296875	5.139060648700338e-09
2330.0	1.1090866854507047e-08
2330.114990234375	1.1161074934309039e-08
2340.0	3.632504789811145e-10
2340.1171875	2.334749805794065e-10
2350.0	7.171734847981142e-09
2350.119384765625	7.256656841866233e-09
2360.0	5.272341937470446e-09
2360.12158203125	5.2475231442846595e-09
2370.0	5.138416954690156e-09
2370.123779296875	5.13707612713153e-09
2380.0	2.6482298538197174e-09
2380.126220703125	2.616006575999175e-09
2390.0	4.4202933521869415e-09
2390.12841796875	4.4439886798637766e-09
2400.0	8.370073341155673e-09
2400.130615234375	8.421284541844224e-09
2410.0	1.4954035091478676e-09
2410.1328125	1.402262594506665e-09
2420.0	6.88785759047727e-09
2420.13525390625	6.9629847209217156e-09
2430.0	7.742930245199613e-09
2430.137451171875	7.753531320400491e-09
2440.0	5.939483413054693e-09
2440.139892578125	5.913908837891324e-09
2450.0	6.9244017279138e-09
2450.14208984375	6.938923332804368e-09
2460.0	6.6185477437534895e-09
2460.144287109375	6.613778434271463e-09
2470.0	6.882443371878218e-09
2470.146728515625	6.886520300510439e-09
2480.0	5.210595296882353e-09
2480.14892578125	5.185328548263067e-09
2490.0	2.2563467835369413e-09
2490.1513671875	2.211426111085357e-09
2500.0	5.853668543580971e-09
2500.153564453125	5.9100336254370426e-09
2510.0	1.0299561492986432e-08
2510.156005859375	1.0368686498376965e-08
2520.0	1.890483049198862e-10
2520.158203125	2.6441069498733e-11
2530.0	7.861209723426302e-09
2530.16064453125	7.98831309069397e-09
2540.0	4.039547396166255e-09
2540.1630859375	3.974496178864429e-09
2550.0	2.0831027207751817e-09
2550.165283203125	2.0514864568871434e-09
2560.0	4.4931951088730625e-09
2560.167724609375	4.534607248725192e-09
2570.0	1.0171887012741622e-10
2570.169921875	2.558871531002753e-11
2580.0	2.5430143636478625e-11
2580.17236328125	2.542696489329399e-11
2590.0	8.717834041643871e-10
2590.1748046875	8.867418806703787e-10
2600.0	6.9793721351887235e-09
2600.177001953125	7.087819151428611e-09
2610.0	3.3392603969374895e-09
2610.179443359375	3.2714939293997954e-09
2620.0	5.228443129061147e-09
2620.181884765625	5.264313297572112e-09
2630.0	1.1967026742010153e-10
2630.184326171875	2.4205545205393925e-11
2640.0	3.3549417912951948e-09
2640.1865234375	3.4174504336352496e-09
2650.0	2.064108249479123e-09
2650.18896484375	2.038400905878824e-09
2660.0	6.147660589834693e-11
2660.19140625	2.335855664013558e-11
2670.0	2.2783586208212485e-09
2670.19384765625	2.322347006999215e-09
2680.0	4.402312310598311e-09
2680.1962890625	4.443471243012619e-09
2690.0	7.78921707422332e-09
2690.198486328125	7.856097503817282e-09
2700.0	5.16706293009792e-10
2700.200927734375	3.6821031942359624e-10
2710.0	6.7293592018222456e-09
2710.20361328125	6.861499741456996e-09
2720.0	6.340408931778902e-09
2720.205810546875	6.3294653354724645e-09
2730.0	4.216397513543777e-09
2730.208251953125	4.171404162456123e-09
2740.0	3.807654199848537e-09
2740.210693359375	3.799910251191848e-09
2750.0	9.550323185904755e-09
2750.213134765625	9.675293544543668e-09
2760.0	6.226242524318099e-09
2760.215576171875	6.15048551947884e-09
2770.0	1.5564733408742368e-10
2770.218017578125	2.2114752620323636e-11
2780.0	9.683961784202558e-09
2780.220458984375	9.901440478772911e-09
2790.0	1.7184365060758693e-08
2790.222900390625	1.7350504628120956e-08
2800.0	8.961997615101872e-09
2800.225341796875	8.769727598744238e-09
2810.0	4.492881651492776e-09
2810.227783203125	4.392654393730716e-09
2820.0	3.4020097742742014e-09
2820.230224609375	3.3786519854217262e-09
2830.0	1.244165536291167e-09
2830.232666015625	1.1930385395443204e-09
2840.0	5.504775625111887e-09
2840.235107421875	5.608965851623298e-09
2850.0	2.8987823851279516e-09
2850.237548828125	2.8326112889233677e-09
2860.0	9.499681642130033e-09
2860.239990234375	9.663962835579372e-09
2870.0	5.486132350127605e-09
2870.242431640625	5.3821918083684355e-09
2880.0	4.7899984556231065e-09
2880.244873046875	4.7749760033564495e-09
2890.0	7.151122267162038e-09
2890.247314453125	7.2116863811499266e-09
2900.0	1.1680793021819981e-08
2900.25	1.1796976757159484e-08
2910.0	1.6408333398319838e-08
2910.252197265625	1.652813735920529e-08
2920.0	1.863427131622341e-08
2920.2548828125	1.869012151181684e-08
2930.0	3.884216400984973e-08
2930.25732421875	3.9377385502663195e-08
2940.0	5.983550275562389e-08
2940.259765625	6.038595697726823e-08
2950.0	7.906891272086355e-08
2950.26220703125	7.957554471245803e-08
2960.0	1.0158842768530013e-07
2960.2646484375	1.0218860131638851e-07
2970.0	1.1927111187049665e-07
2970.26708984375	1.197455585429937e-07
2980.0	1.7954141915310736e-07
2980.269775390625	1.8120647741377657e-07
2990.0	2.4939391096136506e-07
2990.272216796875	2.5131972823347576e-07
3000.0	3.3887537936664e-07
3000.274658203125	3.4129560078708646e-07
3010.0	4.165472616671541e-07
3010.277099609375	4.1870139933901245e-07
3020.0	4.782320722316795e-07
3020.27978515625	4.799462572042986e-07
3030.0	5.265027070180789e-07
3030.2822265625	5.278412707821055e-07
3040.0	4.894689019497995e-07
3040.28466796875	4.88357408443511e-07
3050.0	4.2820835127208387e-07
3050.287109375	4.2641861507585697e-07
3060.0	3.8576443734021617e-07
3060.289794921875	3.8456167860126496e-07
3070.0	3.5226328203385723e-07
3070.292236328125	3.5128135713741935e-07
3080.0	3.7329565036396247e-07
3080.294677734375	3.739735045009221e-07
3090.0	4.007104161274954e-07
3090.297119140625	4.0151872950787207e-07
3100.0	5.365539008681171e-07
3100.2998046875	5.407396285725064e-07
3110.0	6.407042932023318e-07
3110.30224609375	6.438209628683451e-07
3120.0	6.920757589374672e-07
3120.3046875	6.935738780148141e-07
3130.0	7.409642891060797e-07
3130.30712890625	7.424853703764287e-07
3140.0	7.602055736198453e-07
3140.309814453125	7.607513055851763e-07
3150.0	7.004769676882636e-07
3150.312255859375	6.985545615018942e-07
3160.0	7.420902451554092e-07
3160.314697265625	7.434843798650772e-07
3170.0	8.332746237613104e-07
3170.3173828125	8.362396998287667e-07
3180.0	9.417527109133162e-07
3180.31982421875	9.452130471544534e-07
3190.0	1.050755261694277e-06
3190.322509765625	1.054300657220091e-06
3200.0	1.1912622099131885e-06
3200.324951171875	1.195785458128643e-06
3210.0	1.2061972956832996e-06
3210.327392578125	1.2065840924322823e-06
3220.0	1.219737414873199e-06
3220.330078125	1.2201502751213783e-06
3230.0	1.2065898615921099e-06
3230.33251953125	1.2061596067131274e-06
3240.0	1.202420544193769e-06
3240.3349609375	1.2022553348697183e-06
3250.0	1.2747511807679656e-06
3250.337646484375	1.2773182929618587e-06
3260.0	1.2548623005231435e-06
3260.340087890625	1.2540344733578043e-06
3270.0	1.2601557297946233e-06
3270.342529296875	1.2604106653035636e-06
3280.0	1.1553976156044687e-06
3280.34521484375	1.1516107083228468e-06
3290.0	9.267784179738768e-07
3290.34765625	9.187224153968735e-07
3300.0	7.320297581667958e-07
3300.350341796875	7.252349188641888e-07
3310.0	5.786317382108524e-07
3310.352783203125	5.732977217009681e-07
3320.0	5.649543114997764e-07
3320.355224609375	5.64629536700919e-07
3330.0	6.221438976388314e-07
3330.35791015625	6.242948342691022e-07
3340.0	8.571766792289454e-07
3340.3603515625	8.658476328957465e-07
3350.0	1.1695485677677395e-06
3350.363037109375	1.1810073900691271e-06
3360.0	1.4106494381509947e-06
3360.365478515625	1.4193079511002326e-06
3370.0	1.470465936909874e-06
3370.3681640625	1.4724660068867188e-06
3380.0	1.4808382244712328e-06
3380.37060546875	1.4811121259260784e-06
3390.0	1.4674379167093886e-06
3390.373291015625	1.466956860328325e-06
3400.0	1.3259259178302708e-06
3400.375732421875	1.3201257585447122e-06
3410.0	1.2496360292042605e-06
3410.37841796875	1.2469222729532492e-06
3420.0	1.3011077000127005e-06
3420.380859375	1.303194964778964e-06
3430.0	1.3694104642513928e-06
3430.38330078125	1.3720724702410421e-06
3440.0	1.3757874639784187e-06
3440.385986328125	1.3758871489008335e-06
3450.0	1.4280249087032136e-06
3450.388671875	1.430164725361777e-06
3460.0	1.257526658472593e-06
3460.39111328125	1.2504987135841286e-06
3470.0	1.1195763812758537e-06
3470.393798828125	1.1142461173232087e-06
3480.0	9.471429198328405e-07
3480.396240234375	9.403292256917853e-07
3490.0	7.547089990922684e-07
3490.398681640625	7.470233483514657e-07
3500.0	7.426301078955802e-07
3500.4013671875	7.424726067427785e-07
3510.0	8.527400711279339e-07
3510.404052734375	8.573210725406015e-07
3520.0	1.1092686028916739e-06
3520.406494140625	1.1199029786503865e-06
3530.0	1.4115390765780977e-06
3530.4091796875	1.4238457959291035e-06
3540.0	1.6534731346359247e-06
3540.41162109375	1.6633136514347948e-06
3550.0	1.8400787975662238e-06
3550.414306640625	1.8475972220051493e-06
3560.0	1.8305474666388853e-06
3560.416748046875	1.829807757459226e-06
3570.0	1.632752850421663e-06
3570.41943359375	1.6242481523320134e-06
3580.0	1.489635899440222e-06
3580.422119140625	1.4836863636674603e-06
3590.0	1.1234884511987457e-06
3590.424560546875	1.1076803771271802e-06
3600.0	9.817427163316966e-07
3600.427001953125	9.76534144386023e-07
3610.0	8.541315319493897e-07
3610.4296875	8.486573363545109e-07
3620.0	8.614908738092895e-07
3620.432373046875	8.620397228424593e-07
3630.0	1.0274970576981442e-06
3630.434814453125	1.0350259076061244e-06
3640.0	1.2253590260677971e-06
3640.4375	1.2341292619427268e-06
3650.0	1.455748787163248e-06
3650.440185546875	1.4659234125930972e-06
3660.0	1.6814986616049743e-06
3660.442626953125	1.6915653182341773e-06
3670.0	1.7998092529818488e-06
3670.4453125	1.8047969051692185e-06
3680.0	1.907696590848675e-06
3680.44775390625	1.9125282163019797e-06
3690.0	1.8529833362662699e-06
3690.450439453125	1.8502420050117605e-06
3700.0	1.8568892284658832e-06
3700.452880859375	1.857131774061434e-06
3710.0	1.8431061631367401e-06
3710.45556640625	1.842508163426263e-06
3720.0	1.850051699677726e-06
3720.458251953125	1.8503406761838786e-06
3730.0	1.9315690706108608e-06
3730.460693359375	1.935498575341725e-06
3740.0	2.108826109236058e-06
3740.46337890625	2.1173469069312477e-06
3750.0	2.2042596988682837e-06
3750.4658203125	2.2084271055564234e-06
3760.0	2.2575955474451627e-06
3760.468505859375	2.2601079009820145e-06
3770.0	2.31135266883684e-06
3770.47119140625	2.3137975389312174e-06
3780.0	2.3208141481030385e-06
3780.4736328125	2.3211630314649357e-06
3790.0	2.204176680180454e-06
3790.476318359375	2.1984058928307735e-06
3800.0	2.0234014043635613e-06
3800.47900390625	2.0148678698624953e-06
3810.0	1.9739461769700396e-06
3810.4814453125	1.9718610206516874e-06
3820.0	1.8003336154863272e-06
3820.484130859375	1.791630528868492e-06
3830.0	1.6678478498267209e-06
3830.48681640625	1.6613993630679054e-06
3840.0	1.6720739682387113e-06
3840.4892578125	1.6726940399385034e-06
3850.0	1.796109143445908e-06
3850.491943359375	1.802454150158625e-06
3860.0	1.9338198341968667e-06
3860.494384765625	1.940685643522204e-06
3870.0	2.1657235626383185e-06
3870.4970703125	2.1776476999961485e-06
3880.0	2.3676612274708994e-06
3880.499755859375	2.377610988778971e-06
3890.0	2.5824589967570194e-06
3890.502197265625	2.5933428838274894e-06
3900.0	2.8106226143372444e-06
3900.5048828125	2.822354446117869e-06
3910.0	2.984102228439923e-06
3910.507568359375	2.9926652474504064e-06
3920.0	2.965799491050729e-06
3920.510009765625	2.964342601081191e-06
3930.0	3.0060604305391286e-06
3930.5126953125	3.0084541713566864e-06
3940.0	2.9933663662577345e-06
3940.515380859375	2.9924015664604817e-06
3950.0	2.9081470938346203e-06
3950.51806640625	2.9035142620388243e-06
3960.0	2.9426891184691795e-06
3960.5205078125	2.9449775136111735e-06
3970.0	3.0104231764865635e-06
3970.523193359375	3.0139140601183295e-06
3980.0	3.032081701696599e-06
3980.52587890625	3.0330888580683224e-06
3990.0	3.154113671084138e-06
3990.5283203125	3.161034946621115e-06
4000.0	3.2988434171635107e-06
4000.531005859375	3.3058033324963e-06
4010.0	3.515079552244102e-06
4010.53369140625	3.526888194251093e-06
4020.0	3.8126896481924248e-06
4020.5361328125	3.829072251406833e-06
4030.0	4.140233340059951e-06
4030.538818359375	4.157932528458922e-06
4040.0	4.510094917963848e-06
4040.54150390625	4.530287131120284e-06
4050.0	4.989685530173209e-06
4050.544189453125	5.0163990958320385e-06
4060.0	5.353191400408461e-06
4060.546630859375	5.372457795763421e-06
4070.0	5.88221310653748e-06
4070.54931640625	5.911886718175939e-06
4080.0	6.20853900474713e-06
4080.552001953125	6.226190932729545e-06
4090.0	6.64818397443538e-06
4090.5546875	6.67270396961885e-06
4100.0	7.081773415019723e-06
4100.55712890625	7.1059426090492955e-06
4110.0	7.378905489206832e-06
4110.5595703125	7.3954608169506716e-06
4120.0	7.706268073711777e-06
4120.5625	7.724457609221897e-06
4130.0	7.94246367659895e-06
4130.56494140625	7.955532648922037e-06
4140.0	7.948580430036222e-06
4140.56787109375	7.94815716430473e-06
4150.0	7.986902680883547e-06
4150.5703125	7.989636372248643e-06
4160.0	7.830257770173778e-06
4160.57275390625	7.820161780934242e-06
4170.0	7.88765991717931e-06
4170.57568359375	7.891783755949915e-06
4180.0	7.659213053230927e-06
4180.578125	7.645294583170095e-06
4190.0	7.491999701919655e-06
4190.58056640625	7.4821506674956794e-06
4200.0	7.1949331767757056e-06
4200.58349609375	7.177105071033697e-06
4210.0	6.883780499635416e-06
4210.5859375	6.865491955001398e-06
4220.0	6.611761116390168e-06
4220.58837890625	6.5962049477940425e-06
4230.0	6.4183865643568e-06
4230.59130859375	6.40671129157392e-06
4240.0	6.175971534252683e-06
4240.59375	6.161386920949767e-06
4250.0	6.0393833960973085e-06
4250.5966796875	6.03193970630657e-06
4260.0	6.35700196313726e-06
4260.59912109375	6.3774278185993885e-06
4270.0	6.340705242119484e-06
4280.0	6.301488812721549e-06
4290.0	6.262106271915729e-06
4300.0	6.227876270147168e-06
4310.0	6.1881297790616325e-06
4320.0	6.1482284231707205e-06
4330.0	6.108202367390303e-06
4331.61767578125	6.1025568507734705e-06
4332.6181640625	4.511559177626628e-06
4333.6181640625	1.1679494935276309e-05
4334.61865234375	1.2478515264698955e-05
4335.619140625	1.2746764457500065e-05
4336.619140625	1.5405660930719732e-05
4337.61962890625	3.002094942151006e-05
4338.61962890625	3.348190165879819e-05
4339.6201171875	5.023368098978526e-05
4340.0	5.8012949268722614e-05
4340.6201171875	7.071072848874983e-05
4341.62060546875	0.00011033368021451158
4342.62060546875	0.0001558166643206366
4343.62109375	0.00021540591872149675
4344.62109375	0.0003106502789670773
4345.62158203125	0.0004825279563856209
4346.62158203125	0.0007648554166053175
4347.6220703125	0.0012138165324989763
4348.6220703125	0.0019691817280217466
4349.62255859375	0.0033363323909205156
4350.0	0.004217505209902884
4350.62255859375	0.005671113417587387
4351.623046875	0.009798880130522925
4352.62353515625	0.017458893324215352
4353.62353515625	0.03063841382898884
4354.6240234375	0.05185089725365211
4355.6240234375	0.07870072982306271
4356.62451171875	0.11000577609550098
4357.62451171875	0.1393844518727555
4358.625	0.16258373051807842
4359.625	0.17577532864500808
4360.0	0.17829308318623685
4360.62548828125	0.1824930677289942
4361.62548828125	0.18543167984167624
4362.6259765625	0.18700213466316432
4363.6259765625	0.187340932094916
4364.62646484375	0.18698253389593436
4365.626953125	0.1854887342643933
4366.626953125	0.1834162783163606
4367.62744140625	0.18099090641591647
4368.62744140625	0.17857288958593454
4369.6279296875	0.17609800565762024
4370.0	0.17562158367237735
4370.6279296875	0.1748267704809348
4371.62841796875	0.17403621910526512
4372.62841796875	0.17429404177445224
4373.62890625	0.1753942549235413
4374.62890625	0.17696925931884872
4375.62939453125	0.17842014497241881
4376.6298828125	0.17896716147351452
4377.6298828125	0.17800350027673822
4378.63037109375	0.17551431511407162
4379.63037109375	0.17239247331434368
4380.0	0.17140564710004483
4380.630859375	0.16971187288544617
4381.630859375	0.16870557468915298
4382.63134765625	0.16950676022740244
4383.63134765625	0.16983325212849645
4384.6318359375	0.16324816830009423
4385.6318359375	0.14163879447905622
4386.63232421875	0.10515171527873758
4387.6328125	0.06545197275193676
4388.6328125	0.03556532935518487
4389.63330078125	0.01830566255679428
4390.0	0.015016834161910363
4390.63330078125	0.009336204332589505
4391.6337890625	0.004987776796421698
4392.6337890625	0.0027902942525448553
4393.63427734375	0.0016069391850037158
4394.63427734375	0.000985342495004497
4395.634765625	0.0006111610705209856
4396.634765625	0.0004094573720509992
4397.63525390625	0.0002714874138267804
4398.6357421875	0.00018494570577247163
4399.6357421875	0.00012840606572428893
4400.0	0.00011211213356798388
4400.63623046875	8.364875862267039e-05
4401.63623046875	5.9258687306013e-05
4402.63671875	4.424850242640441e-05
4403.63671875	3.915816561155197e-05
4404.63720703125	2.1190999089536653e-05
4405.63720703125	1.743783459303327e-05
4406.6376953125	1.7171727979910805e-05
4407.6376953125	6.976895477689075e-06
4410.0	6.849189549228874e-06
4420.0	6.307733458404518e-06
4430.0	5.769786501218456e-06
4440.0	5.227047677248577e-06
4450.0	4.6824913686930556e-06
4460.0	4.136136369052373e-06
4470.0	3.5910396004445255e-06
4470.654296875	3.555080744102801e-06
4480.0	2.4056327246751484e-06
4480.6572265625	2.3246684784861293e-06
4490.0	1.819432637909292e-06
4490.65966796875	1.7837011317190875e-06
4500.0	1.603951272330776e-06
4500.66259765625	1.5910712911087184e-06
4510.0	1.5084152174073539e-06
4510.6650390625	1.5026094075098716e-06
4520.0	1.442353779834741e-06
4520.66748046875	1.437957051716262e-06
4530.0	1.341654214093411e-06
4530.67041015625	1.3347321513616356e-06
4540.0	1.2914547747066926e-06
4540.6728515625	1.2883317677387529e-06
4550.0	1.181154198366408e-06
4550.67578125	1.1733841650038323e-06
4560.0	1.0700363802933084e-06
4560.67822265625	1.0625759780183195e-06
4570.0	9.450181949837153e-07
4570.6806640625	9.363674527779874e-07
4580.0	7.830598898208087e-07
4580.68359375	7.718080359953477e-07
4590.0	6.024605565746768e-07
4590.68603515625	5.899831166997291e-07
4600.0	4.336601836645739e-07
4600.68896484375	4.220900483095004e-07
4610.0	2.981864663460731e-07
4610.69140625	2.889974624218032e-07
4620.0	1.9329404517614253e-07
4620.6943359375	1.8613418943430126e-07
4630.0	1.1838157308474232e-07
4630.69677734375	1.1330384294121194e-07
4640.0	7.215942930736892e-08
4640.69921875	6.90659859501077e-08
4650.0	4.645335576143109e-08
4650.7021484375	4.474565797745945e-08
4660.0	2.6082921801437317e-08
4660.70458984375	2.4668169409057344e-08
4670.0	1.9037479887217392e-08
4670.70751953125	1.8609867027393234e-08
4680.0	1.7580791864812864e-08
4680.7099609375	1.7501017154022014e-08
4690.0	1.2265546022541755e-08
4690.71240234375	1.1863923096485187e-08
4700.0	6.414567252784673e-09
4700.71533203125	5.9947107818545605e-09
4710.0	4.559798146506199e-10
4710.7177734375	2.7647148363358624e-11
4720.0	1.6849972464998823e-08
4720.720703125	1.8156568960497768e-08
4730.0	9.813905525754873e-09
4730.72314453125	9.163527251469947e-09
4740.0	6.298628287048956e-09
4740.7255859375	6.074848278621847e-09
4750.0	8.680546343597905e-09
4750.728515625	8.884921278964168e-09
4760.0	5.75715416767323e-09
4760.73095703125	5.510477411480228e-09
4770.0	1.2191239473145014e-08
4770.73388671875	1.2720380162063123e-08
4780.0	1.1275252532472402e-08
4780.736328125	1.1160375994316807e-08
4790.0	1.2770113624581513e-08
4790.7392578125	1.289861666636041e-08
4800.0	1.3473996947850704e-08
4800.74169921875	1.352009529929725e-08
4810.0	1.3788961443772882e-08
4810.74462890625	1.3811467998976868e-08
4820.0	5.258635293435217e-09
4820.7470703125	4.5671570683280584e-09
4830.0	8.071497264219354e-09
4830.74951171875	8.355388843933492e-09
4840.0	7.145512399349584e-09
4840.75244140625	7.047076448317517e-09
4850.0	8.71424892809242e-09
4850.7548828125	8.85037169306447e-09
4860.0	2.7439128249704452e-09
4860.7578125	2.243253675949536e-09
4870.0	8.059036359057382e-09
4870.76025390625	8.537551134056633e-09
4880.0	1.4744333995298668e-09
4880.7626953125	8.912699508508192e-10
4890.0	7.322446214477197e-09
4890.765625	7.856127874801814e-09
4900.0	8.217768614281887e-09
4900.76806640625	8.247343461185221e-09
4910.0	6.990952609369415e-09
4910.77099609375	6.885999083150321e-09
4920.0	7.193533594700452e-09
4920.7734375	7.2193144155064396e-09
4930.0	2.7727905557151253e-09
4930.7763671875	2.3985486654515044e-09
4940.0	7.887346370638754e-09
4940.77880859375	8.350915423738546e-09
4950.0	9.99053717953675e-09
4950.78173828125	1.0129572791828776e-08
4960.0	4.977940550004432e-09
4960.7841796875	4.539590837514474e-09
4970.0	1.6458314427839298e-09
4970.78662109375	1.3987723814955597e-09
4980.0	3.0262863505130927e-09
4980.78955078125	3.165793007149985e-09
4990.0	8.912242087039036e-09
4990.7919921875	9.407126972503542e-09
5000.0	6.556309692777449e-09
5000.794921875	6.309371207869679e-09
5010.0	6.693398374230196e-09
5010.79736328125	6.726664847080389e-09
5020.0	1.912222018166607e-09
5020.80029296875	1.4935461285672467e-09
5030.0	1.1223490284569242e-08
5030.802734375	1.2072263576079229e-08
5040.0	1.101085768453195e-08
5040.8056640625	1.0917903660806642e-08
5050.0	2.0386102570540784e-08
5050.80810546875	2.1218080398648567e-08
5060.0	1.2169858958057075e-08
5060.81103515625	1.1371690529035775e-08
5070.0	2.6519696878455903e-09
5070.8134765625	1.8802155671559246e-09
5080.0	7.646020500324036e-09
5080.81591796875	8.158002705196354e-09
5090.0	1.2747800224920914e-08
5090.81884765625	1.3156930924072658e-08
5100.0	2.568002616850845e-08
5100.8212890625	2.680001030650336e-08
5110.0	1.747985510529366e-08
5110.82421875	1.6643122122216006e-08
5120.0	1.9141135695953582e-08
5120.82666015625	1.9366128310206627e-08
5130.0	2.740707316066389e-08
5130.82958984375	2.8136060759780756e-08
5140.0	1.9149832575550578e-08
5140.83203125	1.8332728713508737e-08
5150.0	2.6789219813583593e-08
5150.83447265625	2.7558760070659146e-08
5160.0	2.5887404252601575e-08
5160.83740234375	2.5734736556432815e-08
5170.0	2.1070371021370918e-08
5170.83984375	2.064292486192363e-08
5180.0	2.6852983562132674e-08
5180.8427734375	2.7424198634150646e-08
5190.0	1.7928719009515956e-08
5190.84521484375	1.705249116995089e-08
5200.0	1.9340826589342825e-08
5200.84814453125	1.9552779769860846e-08
5210.0	1.4808780193005005e-08
5210.8505859375	1.4367965360528364e-08
5220.0	5.668128114467428e-09
5220.853515625	4.8567425339268086e-09
5230.0	1.9549144983959335e-08
5230.85595703125	2.092387782430679e-08
5240.0	7.146287306342753e-09
5240.85888671875	5.852415448412073e-09
5250.0	1.3839809771281794e-08
5250.861328125	1.4592289842377785e-08
5260.0	7.473606004316058e-09
5260.86376953125	6.8008861101271764e-09
5270.0	2.8939348007423256e-09
5270.86669921875	2.5233729350780814e-09
5280.0	4.614562608099588e-09
5280.869140625	4.813525982788367e-09
5290.0	6.914916273043807e-09
5290.8720703125	7.115577427827864e-09
5300.0	6.474022248566124e-10
5300.87451171875	2.7828006026195093e-11
5310.0	2.7823146353508244e-11
5310.87744140625	2.782267136538295e-11
5320.0	3.972993376367731e-10
5320.8798828125	4.329289735385032e-10
5330.0	1.1046268984243849e-08
5330.8828125	1.2073421272671349e-08
5340.0	7.759041099540184e-09
5340.88525390625	7.3402077749549504e-09
5350.0	4.575427198751465e-09
5350.88818359375	4.306064356675518e-09
5360.0	4.284474072441627e-09
5360.890625	4.282361758722366e-09
5370.0	6.4234407723588885e-09
5370.89306640625	6.633301893229239e-09
5380.0	7.191377446230096e-09
5380.89599609375	7.246273542230715e-09
5390.0	1.5900593484498575e-09
5390.89892578125	1.031686224509351e-09
5400.0	5.329139264765379e-09
5400.9013671875	5.754664129335611e-09
5410.0	1.1866585387454719e-08
5410.90380859375	1.2473572491946926e-08
5420.0	1.2779395522177766e-08
5420.90673828125	1.2809868716075549e-08
5430.0	7.6359549947505e-09
5430.9091796875	7.118756948280044e-09
5440.0	1.4826895098685659e-08
5440.912109375	1.560008583590102e-08
5450.0	7.726417221624054e-09
5450.91455078125	6.934247016013062e-09
5460.0	6.847280627573618e-09
5460.91748046875	6.838496648719202e-09
5470.0	1.0040859735219672e-08
5470.919921875	1.0365121855288085e-08
5480.0	1.3040181319910836e-08
5480.9228515625	1.3311985374689204e-08
5490.0	5.364647273838447e-09
5490.92529296875	4.554735712547397e-09
5500.0	1.0182759242886605e-08
5500.92822265625	1.0758321938620467e-08
5510.0	1.60059238511817e-08
5510.9306640625	1.6544141821779975e-08
5520.0	6.698122803575288e-09
5520.93359375	5.6848078729346885e-09
5530.0	6.396902473021442e-09
5530.93603515625	6.470399736203599e-09
5540.0	1.168994269053049e-08
5540.9384765625	1.2230232841058482e-08
5550.0	1.2603330758124235e-08
5550.94140625	1.2642076963809207e-08
5560.0	8.788452415545701e-09
5560.9443359375	8.386818518730803e-09
5570.0	1.4524070670128658e-08
5570.94677734375	1.5164342258402666e-08
5580.0	1.462642776173577e-09
5580.94921875	2.762636331248475e-11
5590.0	1.3826670675949437e-08
5590.9521484375	1.5277959663508982e-08
5600.0	7.279651976909086e-09
5600.95458984375	6.436011743695127e-09
5610.0	1.0531253676741632e-08
5610.95751953125	1.0964644778127368e-08
5620.0	1.1234430905584978e-08
5620.9599609375	1.1263055396462778e-08
5630.0	3.5044426474153856e-09
5630.962890625	2.6782022191421336e-09
5640.0	1.3447769977657655e-08
5640.96533203125	1.4597536278645977e-08
5650.0	4.982830190727474e-09
5650.96826171875	3.95296439713332e-09
5660.0	1.5581238454294457e-08
5660.970703125	1.683032493813424e-08
5670.0	8.13974255198066e-09
5670.9736328125	7.203140914191726e-09
5680.0	1.498555908928113e-08
5680.97607421875	1.5826645255913832e-08
5690.0	9.721401834803403e-09
5690.97900390625	9.059412748906037e-09
5700.0	6.470678383696383e-09
5700.9814453125	6.1891945829851e-09
5710.0	1.6004642477784404e-08
5710.984375	1.7075402325202655e-08
5720.0	6.3645777941235e-09
5720.98681640625	5.192427496062819e-09
5730.0	7.093992226190239e-09
5730.9892578125	7.303017468532308e-09
5740.0	1.2216078522436212e-08
5740.9921875	1.275676116197694e-08
5750.0	1.2669474831258907e-08
5750.9951171875	1.2659837132015528e-08
5760.0	8.258835682222797e-09
5760.99755859375	7.771568579441001e-09
5770.0	6.154279922268674e-09
5771.0	5.974729304244977e-09
5780.0	2.8855882942912833e-09
5781.0029296875	2.541537589646744e-09
5790.0	8.48143580484582e-09
5791.00537109375	9.14481026883244e-09
5800.0	8.674372262849497e-09
5801.00830078125	8.62166837451989e-09
5810.0	1.2082824106495252e-08
5811.0107421875	1.2471668231690764e-08
5820.0	1.0534834225757567e-08
5821.013671875	1.0315663876839985e-08
5830.0	1.497497733785264e-08
5831.01611328125	1.5502653246963962e-08
5840.0	1.0442063897064176e-08
5841.01904296875	9.868273837886292e-09
5850.0	2.5118508480465943e-08
5851.021484375	2.685235454393343e-08
5860.0	4.368627229415515e-08
5861.0244140625	4.5606184639975946e-08
5870.0	4.9153999890743164e-08
5871.02685546875	4.9559732561416543e-08
5880.0	7.737638367735437e-08
5881.02978515625	8.056742066810658e-08
5890.0	8.210872673857407e-08
5891.0322265625	8.228601583884387e-08
5900.0	7.176244950771662e-08
5901.03515625	7.054201286374684e-08
5910.0	5.8393511244534984e-08
5911.03759765625	5.699423249873141e-08
5920.0	4.425220022463778e-08
5921.04052734375	4.2773461587060305e-08
5930.0	2.4847227417809745e-08
5931.04296875	2.27612659526547e-08
5940.0	1.2025949905729814e-08
5941.0458984375	1.077289903896953e-08
5950.0	1.4716027196494317e-08
5951.04833984375	1.5177508407847728e-08
5960.0	1.445039154718251e-08
5961.05126953125	1.4365037928773595e-08
5970.0	1.3849618027546412e-08
5971.0537109375	1.3787719493228179e-08
5980.0	2.044598747357987e-08
5981.056640625	2.123332995773472e-08
5990.0	1.675603881600109e-08
5991.05908203125	1.622604073131619e-08
6000.0	1.7331090431403327e-08
6001.06201171875	1.7463735546341775e-08
6010.0	3.996038847250697e-08
6011.064453125	4.2640673442500496e-08
6020.0	7.920555194804879e-08
6021.0673828125	8.357513627488021e-08
6030.0	1.1985667257817054e-07
6031.06982421875	1.2419094357874048e-07
6040.0	1.6629718461214214e-07
6041.072265625	1.7136578730910013e-07
6050.0	2.054175742760819e-07
6051.0751953125	2.0951976673532241e-07
6060.0	2.1252512482253732e-07
6061.078125	2.1288831008333505e-07
6070.0	1.8546105857702176e-07
6071.08056640625	1.8213833386717952e-07
6080.0	1.3933137972130495e-07
6081.08349609375	1.3412981038412631e-07
6090.0	9.256313196550773e-08
6091.0859375	8.749116416044851e-08
6100.0	5.0837230261486483e-08
6101.08837890625	4.636865344721174e-08
6110.0	2.7951618007618623e-08
6111.09130859375	2.5695619567183785e-08
6120.0	2.3385954550863338e-08
6121.09423828125	2.3102185318543525e-08
6130.0	2.4242257415946625e-08
6131.0966796875	2.4382685708821893e-08
6140.0	1.7645872277566493e-08
6141.099609375	1.6813592974938757e-08
6150.0	1.7178972648357782e-08
6151.10205078125	1.7222608616102092e-08
6160.0	1.0834391499025365e-08
6161.1044921875	1.0042811280995867e-08
6170.0	1.081304266294993e-08
6171.107421875	1.0908960280765646e-08
6180.0	1.643376263494096e-08
6181.10986328125	1.7123501392198365e-08
6190.0	1.3558270054795426e-08
6191.11279296875	1.3111868054672975e-08
6200.0	1.5408281889360605e-08
6201.11572265625	1.569516802617563e-08
6210.0	1.570586930541821e-08
6211.1181640625	1.570871128721603e-08
6220.0	2.4645796794360596e-08
6221.12060546875	2.5773695815166167e-08
6230.0	1.7521592678354924e-08
6231.12353515625	1.6477253738414548e-08
6240.0	3.308175857709564e-08
6241.1259765625	3.518537841775276e-08
6250.0	4.045499034831835e-08
6251.12890625	4.1128959078026446e-08
6260.0	5.2473276726783106e-08
6261.1318359375	5.392111708218996e-08
6270.0	6.448073892925427e-08
6271.13427734375	6.583179924634105e-08
6280.0	5.792078927874329e-08
6281.13671875	5.690612915263806e-08
6290.0	4.890504747236064e-08
6291.1396484375	4.787124708409448e-08
6300.0	4.8903331986724596e-08
6301.14208984375	4.904105736725005e-08
6310.0	3.7792829799777596e-08
6311.14501953125	3.633832835729774e-08
6320.0	2.4929267020795076e-08
6321.1474609375	2.345036229075198e-08
6330.0	2.7539136406546396e-08
6331.150390625	2.8067870996745083e-08
6340.0	1.8047543916015923e-08
6341.15283203125	1.6744558415328557e-08
6350.0	1.972865778600414e-08
6351.15576171875	2.0118593162468604e-08
6360.0	2.3015424882862048e-08
6361.158203125	2.3394876140666274e-08
6370.0	9.03267433558721e-09
6371.1611328125	7.145321232474755e-09
6380.0	1.2377567724772975e-08
6381.16357421875	1.30672520427616e-08
6390.0	1.1116608573526904e-08
6391.16650390625	1.0859022901909396e-08
6400.0	7.192628510771897e-09
6401.1689453125	6.707315893799844e-09
6410.0	1.1818848957048765e-08
6411.171875	1.2496060499986012e-08
6420.0	5.048467531437522e-09
6421.17431640625	4.058788195709888e-09
6430.0	9.388180311556313e-09
6431.17724609375	1.0099019995363249e-08
6440.0	1.561858770358527e-08
6441.1796875	1.6356642674369533e-08
6450.0	2.1790157624751728e-08
6451.1826171875	2.2516417766204046e-08
6460.0	2.312998874900098e-08
6461.18505859375	2.3214714871373317e-08
6470.0	2.6400552529156936e-08
6471.18798828125	2.682989312877959e-08
6480.0	2.0751640030980962e-08
6481.1904296875	1.9930466905447675e-08
6490.0	3.2389387821512156e-08
6491.193359375	3.407360669988019e-08
6500.0	3.07556194816062e-08
6501.19580078125	3.03026877364532e-08
6510.0	2.4204501694850988e-08
6511.19873046875	2.3375507662364954e-08
6520.0	3.235101006657647e-08
6521.201171875	3.357045463736633e-08
6530.0	2.671873528123436e-08
6531.2041015625	2.5786066442262565e-08
6540.0	2.0908488912036596e-08
6541.20703125	2.0240238762607355e-08
6550.0	1.8297662108539018e-08
6551.20947265625	1.803088872082879e-08
6560.0	1.4375996318148481e-08
6561.2119140625	1.3871488674216727e-08
6570.0	1.2465205545201249e-08
6571.21484375	1.2272556110600529e-08
6580.0	2.0456619116817063e-08
6581.21728515625	2.1588680559863257e-08
6590.0	2.2156718719284226e-08
6591.22021484375	2.223314687427626e-08
6600.0	1.8239806047850192e-08
6601.22265625	1.7686953289464248e-08
6610.0	1.4551372694218096e-08
6611.2255859375	1.4114286838951818e-08
6620.0	1.5462509440114905e-08
6621.228515625	1.565094482850668e-08
6630.0	1.8082361738755546e-08
6631.23095703125	1.8420147219031103e-08
6640.0	9.54310896026811e-09
6641.2333984375	8.29909506961392e-09
6650.0	1.2128907080753903e-08
6651.236328125	1.2667852362348342e-08
6660.0	1.005179281490493e-08
6661.23876953125	9.68174754595918e-09
6670.0	1.1972647665135349e-08
6671.24169921875	1.2297655579115363e-08
6680.0	1.1511108439024172e-08
6681.24462890625	1.1399564554241027e-08
6690.0	8.470660877392646e-09
6691.2470703125	8.053509389109588e-09
6700.0	1.474789871751628e-08
6701.25	1.57027165077261e-08
6710.0	5.206528826853483e-09
6711.25244140625	3.707381360047625e-09
6720.0	1.0533973948403903e-08
6721.25537109375	1.1510293854091806e-08
6730.0	6.9322009434387595e-09
6731.2578125	6.276360273959015e-09
6740.0	1.061327705818425e-08
6741.2607421875	1.1237353339146607e-08
6750.0	1.1673288825860152e-08
6751.26318359375	1.1734873971562022e-08
6760.0	1.5037714171136564e-09
6761.26611328125	2.5621101445976686e-11
6770.0	1.4034718001484714e-08
6771.2685546875	1.606501930634136e-08
6780.0	4.654638939461622e-09
6781.271484375	2.996345898307793e-09
6790.0	1.7657922993714315e-09
6791.27392578125	1.5869143460285772e-09
6800.0	2.401772102573707e-09
6801.27685546875	2.5207451277848356e-09
6810.0	1.0783263464994697e-08
6811.279296875	1.1991017026127868e-08
6820.0	6.145725903049802e-09
6821.2822265625	5.289489625729886e-09
6830.0	9.329612153539214e-09
6831.28466796875	9.9239554504678e-09
6840.0	1.1560863238744797e-08
6841.28759765625	1.1800904715953722e-08
6850.0	1.5400751168035058e-09
6851.2900390625	2.5066915076562484e-11
6860.0	5.184595598467339e-09
6861.29296875	5.948333852230064e-09
6870.0	8.11160105840019e-09
6871.29541015625	8.433472614568148e-09
6880.0	1.2911948162456867e-09
6881.29833984375	2.279885210628782e-10
6890.0	4.616114985985953e-09
6891.30078125	5.2701866710171946e-09
6900.0	5.2696600351065496e-09
6901.3037109375	5.270176069715551e-09
6910.0	6.625369887414361e-09
6911.30615234375	6.828514517298713e-09
6920.0	1.0406599852447284e-08
6921.30908203125	1.0943069189842204e-08
6930.0	5.159598180430786e-09
6931.3115234375	4.289790417579649e-09
6940.0	3.74321942578555e-09
6941.314453125	3.6602731440812295e-09
6950.0	5.843142623631462e-09
6951.31689453125	6.173868049921065e-09
6960.0	4.505961944363373e-09
6961.31982421875	4.252944927503822e-09
6970.0	5.468619617515588e-09
6971.322265625	5.652792884476608e-09
6980.0	8.371788684414575e-09
6981.3251953125	8.786842800246868e-09
6990.0	4.952880648619006e-09
6991.32763671875	4.367265735978108e-09
7000.0	5.7662106968018976e-09
7001.33056640625	5.978873771597857e-09
7010.0	5.199286912819707e-09
7011.3330078125	5.0804703938989425e-09
7020.0	6.975804456459066e-10
7021.3359375	2.4054482399319925e-11
7030.0	2.397293439035363e-11
7031.33837890625	2.396202388357938e-11
7040.0	1.0722046480174788e-09
7041.34130859375	1.2339794470472445e-09
7050.0	1.8594999899384443e-10
7051.34423828125	2.3796587498648803e-11
7060.0	3.946122473623424e-09
7061.3466796875	4.554286776628204e-09
7070.0	6.330986501691615e-10
7071.349609375	2.361413905797646e-11
7080.0	3.694380736443081e-09
7081.35205078125	4.2661626661296875e-09
7090.0	1.8770273898465434e-09
7091.35498046875	1.5037908657790605e-09
7100.0	5.670821859187563e-09
7101.357421875	6.323060852214633e-09
7110.0	8.774717423455535e-10
7111.3603515625	2.3255612871933936e-11
7120.0	3.3622798235520216e-09
7121.36279296875	3.886702279828316e-09
7130.0	3.1046837409166143e-09
7131.36572265625	2.981913108339127e-09
7140.0	4.265313225417329e-10
7141.3681640625	2.299501714018659e-11
7150.0	2.920374335588009e-09
7151.37109375	3.3790242927061587e-09
7160.0	4.823330384713321e-10
7161.37353515625	2.2817873978920044e-11
7170.0	5.809755233445901e-09
7171.37646484375	6.729970897913739e-09
7180.0	1.2956116100796182e-09
7181.37890625	4.296336945239204e-10
7190.0	2.871482318026872e-09
7191.3818359375	3.261134624908531e-09
7200.0	4.69014960184803e-10
7201.38427734375	2.2469756832775435e-11
7210.0	2.240325551965129e-11
7211.38720703125	2.238984657969036e-11
7220.0	3.810462262853368e-09
7221.3896484375	4.419555970957469e-09
7230.0	6.325910705107217e-10
7231.392578125	2.2215445073161065e-11
7240.0	2.2125367819593986e-11
7241.39501953125	2.2113512123286885e-11
7250.0	1.8373354602176521e-09
7251.39794921875	2.1308378351707243e-09
7260.0	3.3875233665740076e-10
7261.400390625	4.8386712244912614e-11
7270.0	2.999579066001195e-09
7271.4033203125	3.479314534272032e-09
7280.0	5.060829987815452e-10
7281.40576171875	2.1753909933599163e-11
7290.0	2.16655608288403e-11
7291.40869140625	2.165379238275211e-11
7300.0	2.1582108093260992e-11
7301.41162109375	2.156767632012237e-11
7310.0	2.1480024007352492e-11
7311.4140625	2.146830927070014e-11
7320.0	2.032033710199515e-09
7321.41650390625	2.3621608840958487e-09
7330.0	2.689093963244276e-09
7331.41943359375	2.7432411237293684e-09
7340.0	4.068666170242372e-10
7341.421875	2.1199572861452244e-11
7350.0	3.770078621274882e-09
7351.4248046875	4.390350870900315e-09
7360.0	6.42594378888811e-10
7361.427734375	2.1017532422092507e-11
7370.0	4.1998088291398113e-10
7371.43017578125	4.862875970763186e-10
7380.0	2.979801532155131e-09
7381.43310546875	3.3947380502990618e-09
7390.0	5.030016475812418e-10
7391.435546875	2.074038729562052e-11
7400.0	2.5816899732741104e-09
7401.4384765625	3.009773292753624e-09
7410.0	4.4942189251401977e-10
7411.44091796875	2.056178691912447e-11
7420.0	2.0493544760985887e-11
7421.44384765625	2.0479441612013804e-11
7430.0	8.363536375771968e-10
7431.4462890625	9.738048666676209e-10
7440.0	1.5806078052254546e-10
7441.44921875	2.0314906557735657e-11
7450.0	2.0241111907474325e-11
7451.45166015625	2.0231207769178452e-11
7460.0	1.4556034761349345e-09
7461.45458984375	1.6988030104960202e-09
7470.0	2.6372075188144647e-10
7471.45703125	2.0077138478089507e-11
7480.0	6.5666714483826705e-09
7481.4599609375	7.680682318252323e-09
7490.0	1.8582493357529636e-09
7491.46240234375	8.655739180512068e-10
7500.0	6.501834089436482e-10
7501.46533203125	6.132296305364836e-10
7510.0	1.1298238771647942e-09
7511.4677734375	1.2184187109852818e-09
7520.0	1.0170976894237405e-09
7521.470703125	9.823959890994408e-10
7530.0	1.3597135430546863e-09
7531.4736328125	1.4247906852734788e-09
7540.0	2.2625434607240949e-10
7541.47607421875	1.9527309295045172e-11
7550.0	2.7276175973420844e-09
7551.47900390625	3.1957678984793188e-09
7560.0	4.883376537035004e-10
7561.4814453125	1.9366038000628134e-11
7570.0	1.9290255389052007e-11
7571.484375	1.9279621728989386e-11
7580.0	1.921867066113849e-11
7581.48681640625	1.920549466224807e-11
7590.0	1.597160987603524e-09
7591.48974609375	1.8722645631797674e-09
7600.0	5.046701703275469e-09
7601.4921875	5.600479479516252e-09
7610.0	1.6217817132060446e-09
7611.4951171875	9.258160306147657e-10
7620.0	1.5412234259845993e-10
7621.49755859375	1.8872378836008964e-11
7630.0	3.21697736184054e-09
7631.50048828125	3.77811046120606e-09
7640.0	4.460129496608087e-09
7641.5029296875	4.580633341032189e-09
7650.0	8.200003544003964e-09
7651.505859375	8.837095300999994e-09
7660.0	1.341751863350702e-09
7661.50830078125	1.849164765765872e-11
7670.0	5.02171393413207e-10
7671.51123046875	5.877477203039737e-10
7680.0	1.0404410996569889e-10
7681.513671875	1.829453166892105e-11
7690.0	1.8218268838989758e-11
7691.5166015625	1.820218968349648e-11
7700.0	1.8112433994341987e-11
7701.51953125	1.8096389860274326e-11
7710.0	1.8007033437751904e-11
7711.52197265625	1.79934863072105e-11
7720.0	1.7180734198164486e-09
7721.52490234375	2.02206730638889e-09
7730.0	3.223286678133189e-10
7731.52734375	1.7800034178174057e-11
7740.0	6.848594823408925e-09
7741.52978515625	8.074692058468094e-09
7750.0	1.2460373074784085e-09
7751.53271484375	1.7608004510074368e-11
7760.0	1.7533822438307978e-11
7761.53515625	1.751797697214853e-11
7770.0	1.743078736982387e-11
7771.5380859375	1.741497785485938e-11
7780.0	1.7328182040624908e-11
7781.541015625	1.731481029960882e-11
7790.0	5.735693006357093e-09
7791.54345703125	6.77291206648067e-09
7800.0	1.0563050404280888e-09
7801.54638671875	1.712637689238489e-11
7810.0	3.817659492686904e-09
7811.548828125	4.509835912983947e-09
7820.0	1.6098185972212887e-09
7821.5517578125	1.0806370187420513e-09
7830.0	9.981819476407543e-10
7831.55419921875	9.830936436684356e-10
7840.0	1.6655879866329735e-10
7841.55712890625	1.6769662261890684e-11
7850.0	3.393508635732612e-09
7851.5595703125	4.014689425103926e-09
7860.0	6.389607123148099e-10
7861.5625	1.6616732714043515e-11
7870.0	9.705731724694872e-09
7871.56494140625	1.1495370437031584e-08
7880.0	2.9328825503210494e-09
7881.56787109375	1.3477212685768128e-09
7890.0	2.8515468114311103e-09
7891.5703125	3.1301809941584033e-09
7900.0	3.755211361618437e-09
7901.5732421875	3.871812324987994e-09
7910.0	6.214684173092479e-10
7911.57568359375	1.623055867866742e-11
7920.0	3.799792334895511e-09
7921.57861328125	4.505817363244085e-09
7930.0	3.0145849827441394e-09
7931.58154296875	2.7353051049344796e-09
7940.0	2.774385887651192e-09
7941.583984375	2.781696677970709e-09
7950.0	4.528101965358314e-10
7951.5869140625	1.5919224868950306e-11
7960.0	1.5862961775629732e-11
7961.58935546875	1.5850055563641094e-11
7970.0	1.1570298490236618e-09
7971.59228515625	1.3719698768155164e-09
7980.0	2.3099598445168237e-10
7981.5947265625	1.5690875408022422e-11
7990.0	1.5636363753103494e-11
7991.59765625	1.562415711683909e-11
8000.0	2.730320330792969e-09
8001.60009765625	3.2447595270510995e-09
8010.0	5.30853979416515e-10
8011.60302734375	1.546971663824291e-11
8020.0	3.3114434207050323e-09
8021.60546875	3.938056984390878e-09
8030.0	2.0731141135779987e-09
8031.6083984375	1.7180916565783407e-09
8040.0	2.8846904268905085e-10
8041.611328125	1.5224359855785768e-11
8050.0	1.515363814475915e-11
8051.61376953125	1.5140054789714353e-11
8060.0	1.506953937224643e-11
8061.61669921875	1.505818481984013e-11
8070.0	3.887881812836282e-09
8071.619140625	4.631688958825052e-09
8080.0	7.600504125903566e-10
8081.6220703125	1.4901965141728036e-11
8090.0	1.4831943433497735e-11
8091.62451171875	1.4820580884508807e-11
8100.0	7.549443444053505e-10
8101.62744140625	8.979429946881003e-10
8110.0	4.4663424275609856e-09
8111.6298828125	5.157057431468041e-09
8120.0	8.500223770577445e-10
8121.6328125	1.458417287778732e-11
8130.0	7.797357021920122e-09
8131.63525390625	9.309707017739035e-09
8140.0	1.5294518776212015e-09
8141.63818359375	1.4429492142207643e-11
8150.0	1.4360347145982013e-11
8151.640625	1.4348962266984596e-11
8160.0	3.7730965712186545e-09
8161.6435546875	4.507843600356046e-09
8170.0	6.4414260519007326e-09
8171.64599609375	6.820061307275307e-09
8180.0	1.1306046184151187e-09
8181.64892578125	1.4114918478852718e-11
8190.0	5.179941163740788e-10
8191.6513671875	6.170490570527366e-10
8200.0	3.4011140510118455e-09
8201.654296875	3.949638375314699e-09
8210.0	7.49818217386879e-10
8211.6572265625	1.1806973069200684e-10
8220.0	3.105036179146096e-11
8221.66015625	1.3815311143796205e-11
8230.0	4.054903853921904e-09
8231.662109375	4.856099083553928e-09
8240.0	8.109313755036092e-09
8241.6650390625	8.756904822350577e-09
8250.0	5.23397379259903e-09
8251.66796875	4.5312891939925956e-09
8260.0	7.648896769460489e-10
8261.6708984375	1.3535588853641461e-11
8270.0	5.780705829868799e-09
8271.6728515625	6.9339586694282825e-09
8280.0	1.6076911572798425e-09
8281.67578125	5.404081035083216e-10
8290.0	1.0139778383703899e-10
8291.6787109375	1.3334273982132578e-11
8300.0	1.7831208007267875e-09
8301.681640625	2.138858521713155e-09
8310.0	9.48395801902243e-10
8311.68359375	7.088502826534319e-10
8320.0	1.1300455995274448e-09
8321.6865234375	1.214885971950864e-09
8330.0	6.78344863160235e-09
8331.689453125	7.908931957039271e-09
8340.0	1.342863311749066e-09
8341.6923828125	1.2993141743890492e-11
8350.0	3.3734610687373308e-09
8351.6943359375	4.0550686887124275e-09
8360.0	2.1836516124053874e-09
8361.697265625	1.8033137474167462e-09
8370.0	3.964055935419992e-09
8371.7001953125	4.404064597239541e-09
8380.0	2.097236407671535e-09
8381.703125	1.6267437399437755e-09
8390.0	1.3611544154546378e-09
8391.7060546875	1.3065818696798566e-09
8400.0	1.4817308763561617e-09
8401.7080078125	1.5177769810422884e-09
8410.0	2.32245016280662e-09
8411.7109375	2.4880567049926702e-09
8420.0	4.9644431576760546e-09
8421.7138671875	5.4735269842828625e-09
8430.0	2.5652434840805055e-09
8431.716796875	1.9659634713775027e-09
8440.0	1.8195115098476939e-09
8441.71875	1.7892394510448085e-09
8450.0	7.57676048662384e-09
8451.7216796875	8.776461329250493e-09
8460.0	2.0216936324146594e-09
8461.724609375	6.188525846829667e-10
8470.0	5.123885867575887e-09
8471.7275390625	6.060426633424417e-09
8480.0	5.1099036252732966e-09
8481.73046875	4.911888287514169e-09
8490.0	8.578715051093975e-10
8491.732421875	1.2128894309282701e-11
8500.0	1.2096324715394077e-11
8501.7353515625	1.2084930435584573e-11
8510.0	1.203059026888019e-11
8511.73828125	1.201919610942404e-11
8520.0	1.0882086387979843e-07
8521.7412109375	1.3162723415298124e-07
8530.0	2.2845982246971715e-08
8531.7431640625	1.1889760635273332e-11
8540.0	1.1844592822735388e-11
8541.74609375	1.1833074768469315e-11
8550.0	7.84735661861969e-07
8551.7490234375	9.500867307072392e-07
8560.0	1.6563894890883185e-07
8561.751953125	1.1700721550941314e-11
8570.0	6.289563278290342e-08
8571.75390625	7.620384623782287e-08
8580.0	1.334061614337467e-08
8581.7568359375	1.15785769592588e-11
8590.0	1.1523482596777739e-11
8591.759765625	1.151170123293739e-11
8600.0	1.1456457496262238e-11
8601.7626953125	1.1444627012540002e-11
8610.0	6.23461273240353e-07
8611.7646484375	7.563578251651112e-07
8620.0	1.3311424583172658e-07
8621.767578125	1.1320689447875954e-11
8630.0	1.1265010724215469e-11
8631.7705078125	1.1257041099025965e-11
8640.0	1.1219812164778747e-11
8641.7734375	1.1211749831991795e-11
8650.0	1.1174164784516675e-11
8651.7763671875	1.116600542096818e-11
8660.0	1.1128045807892667e-11
8661.7783203125	1.1121681848255866e-11
8670.0	1.1092044641322184e-11
8671.78125	1.1083698310323138e-11
8680.0	5.54934724159777e-07
8681.7841796875	6.748849752978293e-07
8690.0	2.9224124372054984e-07
8691.787109375	2.0936527037695904e-07
8700.0	1.2044100682375085e-07
8701.7890625	1.0115391651644092e-07
8710.0	3.155929552369402e-07
8711.7919921875	3.6224530364938677e-07
8720.0	9.183425025711609e-08
8721.794921875	3.290424628155923e-08
8730.0	5.900739610370142e-09
8731.7978515625	1.080430837320098e-11
8740.0	2.177404356071889e-07
8741.80078125	2.6532035308266084e-07
8750.0	4.7646114270339266e-08
8751.802734375	1.0703979286932245e-11
8760.0	1.0662330771872163e-11
8761.8056640625	1.065495593675027e-11
8770.0	1.062126459741624e-11
8771.80859375	1.0611942010825299e-11
8780.0	1.0569526761242388e-11
8781.8115234375	1.0560103974791529e-11
8790.0	1.0517318766338044e-11
8791.8134765625	1.0507800467798425e-11
8800.0	1.0464639695774362e-11
8801.81640625	1.0452546529475465e-11
8810.0	1.039794261476121e-11
8811.8193359375	1.03875923102894e-11
8820.0	2.3470222276506132e-07
8821.822265625	2.8664055564008885e-07
8830.0	5.200885665735448e-08
8831.82421875	1.0264299066794929e-11
8840.0	1.0222628044689893e-11
8841.8271484375	1.0213267371350711e-11
8850.0	3.9394269268915275e-07
8851.830078125	4.817036928754279e-07
8860.0	8.790988379916813e-08
8861.8330078125	1.0109626282666275e-11
8870.0	1.0066710297818413e-11
8871.8359375	1.0058797357428172e-11
8880.0	2.2959166452945839e-07
8881.837890625	2.809996653312937e-07
8890.0	5.1493834345097155e-08
8891.8408203125	9.959832927548649e-12
8900.0	9.094734157786248e-09
8901.84375	1.1136366793993574e-08
8910.0	2.146646569112767e-07
8911.8466796875	2.604889290646238e-07
8920.0	4.793325222871951e-08
8921.8486328125	9.79549094501935e-12
8930.0	2.4912168600031613e-07
8931.8515625	3.053813933100989e-07
8940.0	2.14636811886002e-07
8941.8544921875	1.941364749319071e-07
8950.0	3.5912600535705614e-08
8951.857421875	9.635673606432509e-12
8960.0	9.588893206291454e-12
8961.859375	9.578168947635369e-12
8970.0	2.1720049735178222e-07
8971.8623046875	2.6658342840311525e-07
8980.0	4.9469031122056784e-08
8981.865234375	9.461715721435793e-12
8990.0	9.413844741741498e-12
8991.8681640625	9.402807774555541e-12
9000.0	1.5035249991600976e-07
9001.8701171875	1.8466388970811175e-07
9010.0	3.4370635363867557e-08
9011.873046875	9.271374602932456e-12
9020.0	9.220455568200837e-12
9021.8759765625	9.206995356731008e-12
9030.0	3.2704951393023785e-08
9031.87890625	4.021199746022744e-08
9040.0	7.527716948611678e-09
9041.8818359375	9.069653292038682e-12
9050.0	9.015490493938073e-12
9051.8837890625	9.002904720066765e-12
9060.0	8.948501776872453e-12
9061.88671875	8.93583995255163e-12
9070.0	7.515546166564233e-08
9071.8896484375	9.252480032015176e-08
9080.0	6.03377990077807e-08
9081.892578125	5.289320760571081e-08
9090.0	9.97114008362035e-09
9091.89453125	8.741399124108394e-12
9100.0	8.686001472797968e-12
9101.8974609375	8.673008373953521e-12
9110.0	8.617341678551275e-12
9111.900390625	8.604267310014316e-12
9120.0	8.548358589138743e-12
9121.9033203125	8.53519480597058e-12
9130.0	8.479010680044357e-12
9131.90625	8.465759341808979e-12
9140.0	2.0978295837037345e-08
9141.908203125	2.588110789992753e-08
9150.0	1.769217596605652e-07
9151.9111328125	2.122937393595502e-07
9160.0	1.934174790110653e-07
9161.9140625	1.8898532385940654e-07
9170.0	3.597297386127175e-08
9171.9169921875	8.184377206492795e-12
9180.0	8.126789455899673e-12
9181.9189453125	8.114633297338449e-12
9190.0	8.063198730152902e-12
9191.921875	8.049388443301296e-12
9200.0	7.991147607057673e-12
9201.9248046875	7.976246901526343e-12
9210.0	6.933211379937549e-08
9211.927734375	8.571879844213126e-08
9220.0	1.641916642973145e-08
9221.9306640625	7.820645041100234e-12
9230.0	7.757529557799492e-12
9231.9326171875	7.743036600104125e-12
9240.0	7.682355711972511e-12
9241.935546875	7.66776465068026e-12
9250.0	7.606787834744544e-12
9251.9384765625	7.592097465631961e-12
9260.0	7.530820920787995e-12
9261.94140625	7.5160288157441e-12
9270.0	7.45444374819417e-12
9271.943359375	7.439556516563128e-12
9280.0	1.875809599148097e-08
9281.9462890625	2.3240496811887784e-08
9290.0	9.610093063139523e-08
9291.94921875	1.1354742732845283e-07
9300.0	2.197526938956034e-08
9301.9521484375	7.209034201189493e-12
9310.0	2.0834376010387377e-08
9311.955078125	2.5838501635980157e-08
9320.0	1.567257055616459e-08
9321.95703125	1.3226362739587392e-08
9330.0	3.5155062900023976e-08
9331.9599609375	4.043782339496719e-08
9340.0	1.7951656970703725e-08
9341.962890625	1.2523896242558018e-08
9350.0	4.492750683542004e-08
9351.9658203125	5.275983785719031e-08
9360.0	1.4085166432061097e-07
9361.9677734375	1.62168368109368e-07
9370.0	4.412656035552944e-08
9371.970703125	1.551110443940614e-08
9380.0	3.035716428670029e-09
9381.9736328125	6.576672968835505e-12
9390.0	5.417878402529014e-08
9391.9765625	6.735118592651708e-08
9400.0	2.2262737864524493e-08
9401.978515625	1.1281892415349802e-08
9410.0	2.2149080876921633e-09
9411.9814453125	6.321930108265056e-12
9420.0	6.250100583779586e-12
9421.984375	6.232297903065888e-12
9430.0	1.1468040227556135e-07
9431.9873046875	1.4271462952650546e-07
9440.0	2.808101326606335e-08
9441.990234375	6.056968564982131e-12
9450.0	5.987635926169799e-12
9451.9921875	5.9703493677629285e-12
9460.0	3.4014653035044367e-09
9461.9951171875	4.234936864152001e-09
9470.0	8.405066166692644e-10
9471.998046875	5.7958534368377585e-12
9480.0	5.725601117531257e-12
9482.0009765625	5.707989938840741e-12
9490.0	5.637426219430248e-12
9492.0029296875	5.619714938124592e-12
9500.0	3.109891512979927e-09
9502.005859375	3.880910600669038e-09
9510.0	7.776380103402336e-10
9512.0087890625	5.483529516737904e-12
9520.0	2.498516431972311e-08
9522.01171875	3.121020866785028e-08
9530.0	6.23698929224016e-09
9532.013671875	5.373836759354867e-12
9540.0	5.329731808201296e-12
9542.0166015625	5.318563808190263e-12
9550.0	4.505704779836026e-08
9552.01953125	5.6333300837963655e-08
9560.0	1.1297649879934511e-08
9562.0224609375	5.207159843744463e-12
9570.0	5.162420132841474e-12
9572.025390625	5.151028660160156e-12
9580.0	5.106072650545076e-12
9582.02734375	5.094612724985286e-12
9590.0	5.0494418942347586e-12
9592.0302734375	5.037905096492958e-12
9600.0	4.992514422608474e-12
9602.033203125	4.98157768162039e-12
9610.0	4.93859349058305e-12
9612.0361328125	4.925491853533441e-12
9620.0	3.011246022393496e-08
9622.0380859375	3.7723495399720925e-08
9630.0	1.5735296898824965e-08
9632.041015625	1.0167125770569718e-08
9640.0	1.7003447333519998e-08
9642.0439453125	1.8736492907953222e-08
9650.0	3.799018347896989e-09
9652.046875	4.6822368072456545e-12
9660.0	4.324748795856812e-08
9662.0498046875	5.424696696032423e-08
9670.0	2.347725134978009e-08
9672.0517578125	1.563965764577241e-08
9680.0	3.181997461765955e-09
9682.0546875	4.500060754035972e-12
9690.0	4.451455870615773e-12
9692.0576171875	4.43883993274977e-12
9700.0	3.227053349583595e-09
9702.060546875	4.051391252960683e-09
9710.0	2.6281215037581093e-08
9712.0625	3.197338357209489e-08
9720.0	2.571470975686364e-08
9722.0654296875	2.4108216994135e-08
9730.0	2.0506971349193843e-08
9732.068359375	1.9580877727794156e-08
9740.0	4.0099993791460015e-09
9742.0712890625	4.129105562738453e-12
9750.0	1.0793616540975274e-08
9752.0732421875	1.3571488442726532e-08
9760.0	2.0650205822414354e-08
9762.076171875	2.2474384782690157e-08
9770.0	1.703783323424643e-08
9772.0791015625	1.5632837865341015e-08
9780.0	3.215501054500397e-09
9782.08203125	3.876973723732487e-12
9790.0	3.82663192402251e-12
9792.0849609375	3.81334639442235e-12
9800.0	3.535605664005014e-08
9802.0869140625	4.4513356679501143e-08
9810.0	9.17289940117394e-09
9812.08984375	3.682822960784582e-12
9820.0	3.63035402475317e-12
9822.0927734375	3.6164510044323166e-12
9830.0	3.5638808045959977e-12
9832.095703125	3.55021910423289e-12
9840.0	3.498632161918682e-12
9842.09765625	3.484915739096829e-12
9850.0	3.4331842295484494e-12
9852.1005859375	3.4194053635841486e-12
9860.0	3.368270499421236e-08
9862.103515625	4.2475820388785534e-08
9870.0	8.808577748449882e-09
9872.1064453125	3.287785955312402e-12
9880.0	3.2356422757342373e-12
9882.109375	3.2216817668882786e-12
9890.0	3.1694044902704694e-12
9892.111328125	3.155390494443638e-12
9900.0	1.2813832454264738e-08
9902.1142578125	1.6169927366335627e-08
9910.0	2.0501432342070704e-08
9912.1171875	2.1640612304024424e-08
9920.0	1.2387904980993592e-08
9922.1201171875	9.952989854674648e-09
9930.0	2.0762434046946335e-09
9932.1220703125	2.8852484722957616e-12
9940.0	6.044036310778188e-09
9942.125	7.634899181251747e-09
9950.0	1.5958192175497661e-09
9952.1279296875	2.7507772473481577e-12
9960.0	2.6976759739899414e-12
9962.130859375	2.6832791399715884e-12
9970.0	1.3493373530201203e-10
9972.1337890625	1.6987052443854781e-10
9980.0	3.754860592271872e-11
9982.1357421875	2.547794575596004e-12
9990.0	2.4943578330232022e-12
9992.138671875	2.479802955266283e-12
10000.0	2.42626014994499e-12
10002.140625	2.413776914586742e-12
10010.0	2.367951936144666e-12
10012.1435546875	2.3554473508979653e-12
10020.0	1.2479245116988069e-08
10022.1474609375	1.5803449105741965e-08
10030.0	3.331375481739394e-09
10032.150390625	2.2382096820210527e-12
10040.0	9.683706478508614e-09
10042.15234375	1.2267661662549743e-08
10050.0	2.589391913596093e-09
10052.1552734375	2.1196809186447805e-12
10060.0	2.0739452778213957e-12
10062.158203125	2.0613591946810897e-12
10070.0	2.0156406251523806e-12
10072.16015625	2.0030435895105073e-12
10080.0	1.9573388026643523e-12
10082.1630859375	1.9447257698943936e-12
10090.0	6.72204637232963e-09
10092.166015625	8.522353512826076e-09
10100.0	1.8046271012712597e-09
10102.1689453125	1.8281154052106153e-12
10110.0	1.7824846807215382e-12
10112.1708984375	1.7698341574341227e-12
10120.0	3.680560947921359e-09
10122.173828125	4.666381331998872e-09
10130.0	9.888756645837882e-10
10132.1767578125	1.6515019626947906e-12
10140.0	9.900348552876903e-09
10142.1787109375	1.2557228640230394e-08
10150.0	2.6618054578666255e-09
10152.181640625	1.5352047204177878e-12
10160.0	1.4897872261363061e-12
10162.1845703125	1.4770978354958888e-12
10170.0	1.431720905097662e-12
10172.1884765625	1.419015822791091e-12
10180.0	1.3736872642213516e-12
10182.1904296875	1.3609796077298242e-12
10190.0	1.315694158853458e-12
10192.193359375	1.302977587841216e-12
10200.0	1.2577385966316115e-12
10202.1962890625	1.2502780625124347e-12
10210.0	1.2238091223953095e-12
10212.1982421875	1.2166581310357123e-12
10220.0	1.1912913196879586e-12
10222.201171875	1.184134708563899e-12
10230.0	1.1587916406557178e-12
10232.2041015625	1.1516301043370605e-12
10240.0	1.1263131487345034e-12
10242.20703125	1.1191469243285325e-12
10250.0	1.093856865167777e-12
10252.208984375	1.0866897536342444e-12
10260.0	2.848162469852669e-09
10262.2119140625	3.6317667947857524e-09
10270.0	6.869854910992652e-09
10272.21484375	7.759041394304934e-09
10280.0	5.020316499941978e-09
10282.216796875	4.265910520320142e-09
10290.0	9.232999085581209e-10
10292.2197265625	9.560388687233955e-13
10300.0	9.309218184103718e-13
10302.22265625	9.237490468543543e-13
10310.0	8.986660229321936e-13
10312.2255859375	8.91490707045146e-13
10320.0	8.664415468422239e-13
10322.2275390625	8.592670486961954e-13
10330.0	8.342492855599613e-13
10332.2314453125	8.270698221054066e-13
10340.0	8.020913897429277e-13
10342.234375	7.947105139212999e-13
10350.0	1.2586216459071859e-09
10352.236328125	1.605742271190238e-09
10360.0	3.482964505059533e-10
10362.2392578125	7.298791723253949e-13
10370.0	6.377170637407831e-09
10372.2421875	8.135793927551118e-09
10380.0	3.659290661529394e-09
10382.244140625	2.4219132838868953e-09
10390.0	5.243251667612953e-10
10392.2470703125	6.339570915423636e-13
10400.0	6.092327464477653e-13
10402.25	6.053823771229074e-13
10410.0	5.921430574149698e-13
10412.2529296875	5.884512213703622e-13
10420.0	5.757655349786227e-13
10422.2548828125	5.72075007005321e-13
10430.0	5.594081091827182e-13
10432.2578125	5.557176002488224e-13
10440.0	1.5983168634193688e-09
10442.2607421875	2.0508398822665355e-09
10450.0	4.5350097486980693e-10
10452.2626953125	5.229335450822975e-13
10460.0	5.09880441353644e-13
10462.265625	5.061960687501867e-13
10470.0	4.936281112120875e-13
10472.2685546875	4.899442357503181e-13
10480.0	4.773990344810059e-13
10482.2724609375	4.737139818540336e-13
10490.0	4.611927688376381e-13
10492.2744140625	4.575099326906503e-13
10500.0	5.903181151015395e-10
10502.27734375	7.576784349576958e-10
10510.0	8.177679071034897e-10
10512.2802734375	8.348004981547524e-10
10520.0	1.852220124850911e-10
10522.2822265625	4.0856576509313496e-13
10530.0	1.2226166597958432e-09
10532.28515625	1.5698096175287325e-09
10540.0	1.1455162145730668e-09
10542.2880859375	1.0243839558444328e-09
10550.0	2.2719015575155708e-10
10552.291015625	3.6027270120326505e-13
10560.0	3.476200924940687e-13
10562.29296875	3.439553989103589e-13
10570.0	3.3164807587219143e-13
10572.2958984375	3.279845264634632e-13
10580.0	3.1570149578634056e-13
10582.298828125	3.1203934660065925e-13
10590.0	2.997813687655844e-13
10592.30078125	2.961222264586264e-13
10600.0	2.838878586921901e-13
10602.3037109375	2.822956531981814e-13
10610.0	2.769867043211934e-13
10612.306640625	2.75472909817381e-13
10620.0	2.704286579952864e-13
10622.3095703125	2.6891569895306513e-13
10630.0	2.6388256146205504e-13
10632.3115234375	2.6237116100086947e-13
10640.0	2.5734874496872395e-13
10642.3154296875	2.557680175462423e-13
10650.0	1.2901948149451666e-10
10652.318359375	1.6685701324391533e-10
10660.0	1.1572376650664731e-09
10662.3203125	1.4484024080085284e-09
10670.0	3.296710655803747e-10
10672.3232421875	2.3603412389907124e-13
10680.0	2.3106261498945253e-13
10682.326171875	2.2955760741766506e-13
10690.0	2.2459746976812804e-13
10692.3291015625	2.2303208499709452e-13
10700.0	2.1788684413783193e-13
10702.3310546875	2.1638622096772955e-13
10710.0	2.1145405709738246e-13
10712.333984375	2.0995450310342462e-13
10720.0	2.050339259097701e-13
10722.3369140625	2.0353544409322288e-13
10730.0	8.936344809455e-11
10732.3388671875	1.1566696117132185e-10
10740.0	2.6529042550591863e-11
10742.341796875	1.9050870685436108e-13
10750.0	1.856277410126241e-13
10752.3447265625	1.8413489641370158e-13
10760.0	1.792656324481954e-13
10762.34765625	1.7777392073564708e-13
10770.0	7.782659509661102e-11
10772.349609375	1.0076530417106555e-10
10780.0	2.3134588311074896e-11
10782.3525390625	1.6489285961814417e-13
10790.0	1.2582460782525998e-09
10792.3564453125	1.6306193589525519e-09
10800.0	3.729272211145975e-10
10802.3583984375	1.5263526903051605e-13
10810.0	1.4899615601135362e-13
10812.361328125	1.4783086308196865e-13
10820.0	1.4406902732067962e-13
10822.3642578125	1.4294801773058883e-13
10830.0	1.545416212286843e-10
10832.3671875	2.0078131044293707e-10
10840.0	4.6419778651587786e-11
10842.369140625	1.3344593966456988e-13
10850.0	1.2972734732488558e-13
10852.3720703125	1.2861093812348429e-13
10860.0	1.2502438419596645e-13
10862.375	1.2390894531940777e-13
10870.0	1.2033129379412137e-13
10872.376953125	1.1921726947240187e-13
10880.0	6.269995218445776e-11
10882.3798828125	8.142337107492314e-11
10890.0	1.8859990888210522e-11
10892.3828125	1.0972828879050596e-13
10900.0	1.0618074469167362e-13
10902.3857421875	1.050708183933628e-13
10910.0	1.0153184084898559e-13
10912.3876953125	1.0042331670414542e-13
10920.0	9.689259314163609e-14
10922.390625	9.575697166884211e-14
10930.0	9.214987056434793e-14
10932.3935546875	9.104452893607775e-14
10940.0	8.753523972262049e-14
10942.396484375	8.643080401696938e-14
10950.0	7.61434854274798e-11
10952.3994140625	9.878380718981853e-11
10960.0	1.5060140455479785e-10
10962.40234375	1.6597050723233196e-10
10970.0	3.816432712460342e-11
10972.4052734375	7.255596923807304e-14
10980.0	6.908454315199914e-14
10982.4072265625	6.796517417395968e-14
10990.0	4.549875100179572e-11
10992.41015625	5.889795535899986e-11
11000.0	1.3477654585882898e-11
11002.4130859375	5.916016879046602e-14
11004.8271484375	0.0
