# WAVELENGTH THROUGHPUT
500.0 0.0
998.0 0.0
999.0 0.0
1000.0 0.0
1010.0 0.0
1020.0 0.0
1030.0 0.0
1040.0 0.0
1050.0 0.0
1060.0 0.0
1070.0 0.0
1080.0 0.0
1090.0 0.0
1100.0 0.0
1110.0 0.0
1120.0 0.0
1130.0 0.0
1140.0 0.0
1150.0 0.0
1160.0 0.0
1170.0 0.0
1180.0 0.0
1190.0 0.0
1200.0 0.0
1210.0 0.0
1220.0 0.0
1230.0 0.0
1240.0 0.0
1250.0 0.0
1260.0 0.0
1270.0 0.0
1280.0 0.0
1290.0 0.0
1300.0 0.0
1310.0 0.0
1320.0 0.0
1330.0 0.0
1340.0 0.0
1350.0 0.0
1360.0 0.0
1370.0 0.0
1380.0 0.0
1390.0 0.0
1400.0 0.0
1410.0 0.0
1420.0 0.0
1430.0 0.0
1440.0 0.0
1450.0 0.0
1460.0 0.0
1470.0 0.0
1480.0 0.0
1490.0 0.0
1500.0 0.0
1510.0 0.0
1520.0 0.0
1530.0 0.0
1540.0 0.0
1550.0 0.0
1560.0 0.0
1570.0 0.0
1580.0 0.0
1590.0 0.0
1600.0 0.0
1610.0 0.0
1620.0 0.0
1630.0 0.0
1640.0 0.0
1650.0 0.0
1660.0 0.0
1670.0 0.0
1680.0 0.0
1690.0 0.0
1700.0 0.0
1710.0 0.0
1720.0 0.0
1730.0 0.0
1740.0 0.0
1750.0 0.0
1760.0 0.0
1770.0 0.0
1780.0 0.0
1790.0 0.0
1800.0 0.0
1810.0 0.0
1820.0 0.0
1830.0 0.0
1840.0 0.0
1850.0 0.0
1860.0 0.0
1870.0 0.0
1880.0 0.0
1890.0 0.0
1900.0 0.0
1910.0 0.0
1920.0 0.0
1930.0 0.0
1940.0 0.0
1950.0 0.0
1960.0 0.0
1970.0 0.0
1980.0 0.0
1988.0 0.0
1989.0 0.0
1990.0 0.0
2000.0 0.0
2010.0 0.0
2020.0 0.0
2030.0 0.0
2040.0 0.0
2050.0 0.0
2060.0 0.0
2070.0 0.0
2080.0 0.0
2090.0 0.0
2100.0 0.0
2110.0 0.0
2120.0 0.0
2130.0 0.0
2140.0 0.0
2150.0 0.0
2160.0 0.0
2170.0 0.0
2180.0 0.0
2190.0 0.0
2200.0 0.0
2210.0 0.0
2220.0 0.0
2230.0 0.0
2240.0 0.0
2250.0 0.0
2260.0 0.0
2270.0 0.0
2280.0 0.0
2290.0 0.0
2300.0 0.0
2310.0 0.0
2320.0 0.0
2330.0 0.0
2340.0 0.0
2350.0 0.0
2360.0 0.0
2370.0 0.0
2380.0 0.0
2390.0 0.0
2400.0 0.0
2410.0 0.0
2420.0 0.0
2430.0 0.0
2440.0 0.0
2450.0 0.0
2460.0 0.0
2470.0 0.0
2480.0 0.0
2490.0 0.0
2500.0 0.0
2510.0 0.0
2520.0 0.0
2530.0 0.0
2540.0 0.0
2550.0 0.0
2560.0 0.0
2570.0 0.0
2580.0 0.0
2590.0 0.0
2600.0 0.0
2610.0 0.0
2620.0 0.0
2630.0 0.0
2640.0 0.0
2650.0 0.0
2660.0 0.0
2670.0 0.0
2680.0 0.0
2690.0 0.0
2700.0 0.0
2710.0 0.0
2720.0 0.0
2730.0 0.0
2740.0 0.0
2750.0 0.0
2760.0 0.0
2770.0 0.0
2780.0 0.0
2790.0 0.0
2800.0 0.0
2810.0 0.0
2820.0 0.0
2830.0 0.0
2840.0 0.0
2850.0 0.0
2860.0 0.0
2870.0 0.0
2880.0 0.0
2890.0 0.0
2900.0 0.0
2910.0 0.0
2920.0 0.0
2930.0 0.0
2940.0 0.0
2950.0 0.0
2960.0 0.0
2970.0 0.0
2980.0 0.0
2990.0 0.0
3000.0 0.0
3010.0 0.0
3020.0 0.0
3030.0 0.0
3040.0 0.0
3050.0 0.0
3060.0 0.0
3070.0 0.0
3080.0 0.0
3090.0 0.0
3100.0 0.0
3110.0 0.0
3120.0 0.0
3130.0 0.0
3140.0 0.0
3150.0 0.0
3160.0 0.0
3170.0 0.0
3180.0 0.0
3190.0 0.0
3200.0 0.0
3210.0 0.0
3220.0 0.0
3230.0 0.0
3240.0 0.0
3250.0 0.0
3260.0 0.0
3270.0 0.0
3280.0 0.0
3290.0 0.0
3300.0 0.0
3310.0 0.0
3320.0 0.0
3330.0 0.0
3340.0 0.0
3350.0 0.0
3360.0 0.0
3370.0 0.0
3380.0 0.0
3390.0 0.0
3400.0 0.0
3410.0 0.0
3420.0 0.0
3430.0 0.0
3440.0 0.0
3450.0 0.0
3460.0 0.0
3470.0 0.0
3480.0 0.0
3490.0 0.0
3500.0 0.0
3510.0 0.0
3520.0 0.0
3530.0 0.0
3540.0 0.0
3550.0 0.0
3560.0 0.0
3570.0 0.0
3580.0 0.0
3590.0 0.0
3600.0 0.0
3610.0 0.0
3620.0 0.0
3630.0 0.0
3640.0 0.0
3650.0 0.0
3660.0 0.0
3670.0 0.0
3680.0 0.0
3690.0 0.0
3700.0 0.0
3710.0 0.0
3720.0 0.0
3730.0 0.0
3740.0 0.0
3750.0 0.0
3760.0 0.0
3770.0 0.0
3780.0 0.0
3790.0 0.0
3800.0 0.0
3810.0 0.0
3820.0 0.0
3830.0 0.0
3840.0 0.0
3850.0 0.0
3860.0 0.0
3870.0 0.0
3880.0 0.0
3890.0 0.0
3900.0 0.0
3910.0 0.0
3920.0 0.0
3930.0 0.0
3940.0 0.0
3950.0 0.0
3960.0 0.0
3970.0 0.0
3980.0 0.0
3990.0 0.0
3998.0 0.0
3999.0 0.0
4000.0 0.0
4010.0 0.0
4020.0 0.0
4030.0 0.0
4040.0 0.0
4050.0 0.0
4060.0 0.0
4070.0 0.0
4080.0 0.0
4090.0 0.0
4100.0 0.0
4110.0 0.0
4120.0 0.0
4130.0 0.0
4140.0 0.0
4150.0 0.0
4160.0 0.0
4170.0 0.0
4180.0 0.0
4190.0 0.0
4200.0 0.0
4210.0 0.0
4220.0 0.0
4230.0 0.0
4240.0 0.0
4250.0 0.0
4260.0 0.0
4270.0 0.0
4280.0 0.0
4290.0 0.0
4300.0 0.0
4310.0 0.0
4320.0 0.0
4330.0 0.0
4340.0 0.0
4350.0 0.0
4360.0 0.0
4370.0 0.0
4380.0 0.0
4390.0 0.0
4400.0 0.0
4410.0 0.0
4420.0 0.0
4430.0 0.0
4440.0 0.0
4450.0 0.0
4460.0 0.0
4470.0 0.0
4480.0 0.0
4490.0 0.0
4500.0 0.0
4510.0 0.0
4520.0 0.0
4530.0 0.0
4540.0 0.0
4550.0 0.0
4560.0 0.0
4570.0 0.0
4580.0 0.0
4590.0 0.0
4600.0 0.0
4610.0 0.0
4620.0 0.0
4630.0 0.0
4640.0 0.0
4650.0 0.0
4660.0 0.0
4670.0 0.0
4680.0 0.0
4690.0 0.0
4700.0 0.0
4710.0 0.0
4720.0 0.0
4730.0 0.0
4740.0 0.0
4750.0 0.0
4760.0 0.0
4770.0 0.0
4780.0 0.0
4790.0 0.0
4800.0 0.0
4810.0 0.0
4820.0 0.0
4830.0 0.0
4840.0 0.0
4850.0 0.0
4860.0 0.0
4870.0 0.0
4880.0 0.0
4890.0 0.0
4900.0 0.0
4910.0 0.0
4920.0 0.0
4930.0 0.0
4940.0 0.0
4950.0 0.0
4960.0 0.0
4970.0 0.0
4980.0 0.0
4990.0 0.0
5000.0 0.0
5010.0 0.0
5020.0 0.0
5030.0 0.0
5040.0 0.0
5050.0 0.0
5060.0 0.0
5070.0 0.0
5080.0 0.0
5090.0 0.0
5100.0 0.0
5110.0 0.0
5120.0 0.0
5130.0 0.0
5140.0 0.0
5150.0 0.0
5160.0 0.0
5170.0 0.0
5180.0 0.0
5190.0 0.0
5200.0 0.0
5210.0 0.0
5220.0 0.0
5230.0 0.0
5240.0 0.0
5250.0 0.0
5260.0 0.0
5270.0 0.0
5280.0 0.0
5290.0 0.0
5300.0 0.0
5310.0 0.0
5320.0 0.0
5330.0 0.0
5340.0 0.0
5350.0 0.0
5360.0 0.0
5370.0 0.0
5380.0 0.0
5390.0 0.0
5400.0 0.0
5410.0 0.0
5420.0 0.0
5430.0 0.0
5440.0 0.0
5450.0 0.0
5460.0 0.0
5470.0 0.0
5480.0 0.0
5490.0 0.0
5500.0 0.0
5510.0 0.0
5520.0 0.0
5530.0 0.0
5540.0 0.0
5550.0 0.0
5560.0 0.0
5570.0 0.0
5580.0 0.0
5590.0 0.0
5600.0 0.0
5610.0 0.0
5620.0 0.0
5630.0 0.0
5640.0 0.0
5650.0 0.0
5660.0 0.0
5670.0 0.0
5680.0 0.0
5690.0 0.0
5700.0 0.0
5710.0 0.0
5720.0 0.0
5730.0 0.0
5740.0 0.0
5750.0 0.0
5760.0 0.0
5770.0 0.0
5780.0 0.0
5790.0 0.0
5800.0 0.0
5810.0 0.0
5820.0 0.0
5830.0 0.0
5840.0 0.0
5850.0 0.0
5860.0 0.0
5870.0 0.0
5880.0 0.0
5890.0 0.0
5900.0 0.0
5910.0 0.0
5920.0 0.0
5930.0 0.0
5940.0 0.0
5950.0 0.0
5960.0 0.0
5970.0 0.0
5980.0 0.0
5990.0 0.0
6000.0 0.0
6010.0 0.0
6020.0 0.0
6030.0 0.0
6040.0 0.0
6050.0 0.0
6060.0 0.0
6070.0 0.0
6080.0 0.0
6090.0 0.0
6100.0 0.0
6110.0 0.0
6120.0 0.0
6130.0 0.0
6140.0 0.0
6150.0 0.0
6160.0 0.0
6170.0 0.0
6180.0 0.0
6190.0 0.0
6200.0 0.0
6210.0 0.0
6220.0 0.0
6230.0 0.0
6240.0 0.0
6250.0 0.0
6260.0 0.0
6270.0 0.0
6280.0 0.0
6290.0 0.0
6300.0 0.0
6310.0 0.0
6320.0 0.0
6330.0 0.0
6340.0 0.0
6350.0 0.0
6360.0 0.0
6370.0 0.0
6380.0 0.0
6390.0 0.0
6400.0 0.0
6410.0 0.0
6420.0 0.0
6430.0 0.0
6440.0 0.0
6450.0 0.0
6460.0 0.0
6470.0 0.0
6480.0 0.0
6490.0 0.0
6500.0 0.0
6510.0 0.0
6520.0 0.0
6530.0 0.0
6540.0 0.0
6550.0 0.0
6560.0 0.0
6570.0 0.0
6580.0 0.0
6590.0 0.0
6600.0 0.0
6610.0 0.0
6620.0 0.0
6630.0 0.0
6640.0 0.0
6650.0 0.0
6660.0 0.0
6670.0 0.0
6680.0 0.0
6690.0 0.0
6700.0 0.0
6710.0 0.0
6720.0 0.0
6730.0 0.0
6740.0 0.0
6750.0 0.0
6760.0 0.0
6770.0 0.0
6780.0 0.0
6790.0 0.0
6800.0 0.0
6810.0 0.0
6820.0 0.0
6830.0 0.0
6840.0 0.0
6850.0 0.0
6860.0 0.0
6870.0 0.0
6880.0 0.0
6890.0 0.0
6900.0 0.0
6910.0 0.0
6920.0 0.0
6930.0 0.0
6940.0 0.0
6950.0 0.0
6960.0 0.0
6970.0 0.0
6980.0 0.0
6990.0 0.0
6999.9306640625 0.0
7000.0 0.0
7000.9306640625 0.0
7001.9306640625 0.0
7010.0 0.0
7020.0 0.0
7030.0 0.0
7040.0 0.0
7050.0 0.0
7051.94384765625 0.0
7060.0 0.0
7070.0 0.0
7080.0 0.0
7090.0 0.0
7100.0 0.0
7101.95751953125 0.0
7110.0 0.0
7120.0 0.0
7130.0 0.0
7140.0 0.0
7150.0 0.0
7151.970703125 0.0
7160.0 0.0
7170.0 0.0
7180.0 0.0
7190.0 0.0
7200.0 0.0
7201.984375 0.0
7210.0 0.0
7220.0 0.0
7230.0 0.0
7240.0 0.0
7250.0 0.0
7251.998046875 0.0
7260.0 0.0
7270.0 0.0
7280.0 0.0
7290.0 0.0
7300.0 0.0
7302.01123046875 0.0
7310.0 0.0
7320.0 0.0
7330.0 0.0
7340.0 0.0
7350.0 0.0
7352.02490234375 0.0
7360.0 0.0
7370.0 0.0
7380.0 0.0
7390.0 0.0
7400.0 0.0
7402.0380859375 0.0
7410.0 0.0
7420.0 0.0
7430.0 0.0
7440.0 0.0
7450.0 0.0
7452.0517578125 0.0
7460.0 0.0
7470.0 0.0
7480.0 0.0
7490.0 0.0
7500.0 0.0
7502.0654296875 0.0
7510.0 0.0
7520.0 0.0
7530.0 0.0
7540.0 0.0
7550.0 0.0
7552.07861328125 0.0
7560.0 0.0
7570.0 0.0
7580.0 0.0
7590.0 0.0
7600.0 0.0
7602.09228515625 0.0
7610.0 0.0
7620.0 0.0
7630.0 0.0
7640.0 0.0
7650.0 0.0
7652.10595703125 0.0
7660.0 0.0
7670.0 0.0
7680.0 0.0
7690.0 0.0
7700.0 0.0
7702.119140625 0.0
7710.0 0.0
7720.0 0.0
7730.0 0.0
7740.0 0.0
7750.0 0.0
7752.1328125 0.0
7760.0 0.0
7770.0 0.0
7780.0 0.0
7790.0 0.0
7800.0 0.0
7802.14599609375 0.0
7810.0 0.0
7820.0 0.0
7830.0 0.0
7840.0 0.0
7850.0 0.0
7852.15966796875 0.0
7860.0 0.0
7870.0 0.0
7880.0 0.0
7890.0 0.0
7900.0 0.0
7902.17333984375 0.0
7910.0 0.0
7920.0 0.0
7930.0 0.0
7940.0 0.0
7950.0 0.0
7952.1865234375 0.0
7960.0 0.0
7970.0 0.0
7980.0 0.0
7990.0 0.0
7998.0 0.0
7999.0 0.0
8000.0 3.0917258629684965e-05
8002.2001953125 3.0932212304512445e-05
8010.0 3.0979719419421465e-05
8020.0 3.104461315204803e-05
8030.0 3.1111685051964544e-05
8040.0 3.117544990925809e-05
8050.0 3.123978556289829e-05
8060.0 3.1304332181405996e-05
8070.0 3.136898765903455e-05
8080.0 3.143380732658165e-05
8090.0 3.1498791621313005e-05
8100.0 3.1563830196675175e-05
8110.0 3.162903127679747e-05
8120.0 3.169429191553283e-05
8130.0 3.175971553751093e-05
8140.0 3.182524938970902e-05
8150.0 3.189083771768564e-05
8160.0 3.195659497195323e-05
8170.0 3.202246025675091e-05
8180.0 3.208838276684966e-05
8190.0 3.221721148244185e-05
8200.0 3.234640469276612e-05
8202.25390625 3.237411536331241e-05
8210.0 3.246821872117789e-05
8220.0 3.259003157189192e-05
8230.0 3.271216454717827e-05
8240.0 3.2811310802992787e-05
8250.0 3.2910646428980814e-05
8252.267578125 3.293319116882904e-05
8260.0 3.812175514582553e-05
8270.0 4.486850041640279e-05
8280.0 5.165677775528526e-05
8290.0 5.8486593074507665e-05
8300.0 6.53579573440826e-05
8302.28125 6.693135537825554e-05
8310.0 6.191677466936358e-05
8320.0 5.538366913738957e-05
8330.0 4.880922665283329e-05
8340.0 4.219353436924252e-05
8350.0 3.553632379192538e-05
8352.294921875 3.400270594920448e-05
8360.0 3.408271293697629e-05
8370.0 3.411432743053219e-05
8380.0 3.414587280696433e-05
8390.0 3.417746753517853e-05
8400.0 3.420904965910052e-05
8402.30859375 3.421479172761693e-05
8410.0 3.4237611842045274e-05
8420.0 3.426722991277377e-05
8430.0 3.429691740449822e-05
8440.0 3.432661469666192e-05
8450.0 3.435631656426159e-05
8452.322265625 3.436322949934821e-05
8460.0 3.438292387456868e-05
8470.0 3.440858060748109e-05
8480.0 3.443434745151648e-05
8490.0 3.4460567348475036e-05
8500.0 3.4487677608314616e-05
8502.3349609375 3.4499085221142266e-05
8510.0 3.453654631524399e-05
8520.0 3.45862799350677e-05
8530.0 3.463637779966533e-05
8540.0 3.4686616847323776e-05
8550.0 3.4697536183036186e-05
8552.3486328125 3.470009722564519e-05
8560.0 4.531224111602725e-05
8570.0 5.918925451006158e-05
8580.0 7.307472488067546e-05
8590.0 8.696845083228302e-05
8600.0 0.00010087014064236593
8602.3623046875 0.00010415138729648568
8610.0 0.00010151162489999478
8620.0 9.805426845979532e-05
8630.0 9.459569981655044e-05
8640.0 9.127633348321412e-05
8650.0 8.79451680231028e-05
8660.0 8.460206885872597e-05
8670.0 8.124733598402661e-05
8680.0 7.788087663782805e-05
8690.0 7.450269343832533e-05
8700.0 7.111285937020827e-05
8710.0 6.771124013497331e-05
8720.0 6.429811409881511e-05
8730.0 6.116028466038954e-05
8740.0 5.797926106882302e-05
8750.0 5.475477837993022e-05
8760.0 5.148655365880765e-05
8770.0 4.817424541711999e-05
8780.0 4.481774538679754e-05
8790.0 4.1416696133928034e-05
8800.0 3.797081556243394e-05
8802.416015625 3.711902749110235e-05
8810.0 3.725477627862288e-05
8820.0 3.7434084058810505e-05
8830.0 3.761389361944623e-05
8840.0 3.7857864575928015e-05
8850.0 3.810284949050961e-05
8852.4296875 3.816252807889668e-05
8860.0 5.5765193944105823e-05
8870.0 7.927871391664533e-05
8880.0 0.00010309121386397422
8890.0 0.00012720482573590954
8900.0 0.0001516212759652089
8902.443359375 0.00015748175371541452
8910.0 0.00015777104323663779
8920.0 0.00015815394078886602
8930.0 0.00015866799807630382
8940.0 0.00015905155019195542
8950.0 0.00015943493144641172
8960.0 0.00015995099517669117
8970.0 0.0001603360079328779
8980.0 0.00016085578152921561
8990.0 0.00016124470492979198
9000.0 0.0001616344957551549
9002.470703125 0.00016167127399624757
9010.0 0.00016177727795295763
9020.0 0.00016178676482583388
9030.0 0.00016193284913836918
9040.0 0.00016208378196888714
9050.0 0.0001622371891635432
9052.484375 0.00016230934152936406
9060.0 0.00015337513214647513
9070.0 0.0001413331669863699
9080.0 0.0001293756920389413
9090.0 0.00011727664184021549
9100.0 0.00010515350964533073
9110.0 9.308292367228064e-05
9120.0 8.089967216607645e-05
9130.0 6.874791676551283e-05
9140.0 5.6502552284046724e-05
9150.0 4.426759809109481e-05
9152.5107421875 4.117968716325242e-05
9160.0 4.1213447508957374e-05
9170.0 4.1293399682700875e-05
9180.0 4.133928850107822e-05
9190.0 4.142011932169262e-05
9200.0 4.1466754800418646e-05
9202.5244140625 4.148026617782395e-05
9210.0 5.3933862483565e-05
9220.0 7.057240936430913e-05
9230.0 8.730064043290017e-05
9240.0 0.0001040777440394006
9250.0 0.00012100259477084281
9252.5380859375 0.0001252836182338106
9260.0 0.0001129400198582084
9270.0 9.643904244893251e-05
9280.0 7.97973982744911e-05
9290.0 6.31626522414632e-05
9300.0 4.6414502702392774e-05
9302.5517578125 4.2142362951503634e-05
9310.0 5.477404880676656e-05
9320.0 7.173914578393458e-05
9330.0 8.882611715012222e-05
9340.0 0.00010590020492874819
9350.0 0.0001231253763692101
9352.5654296875 0.0001275291909704047
9360.0 0.00011501329208685917
9370.0 9.822027291749637e-05
9380.0 8.128262992373596e-05
9390.0 6.435181840990902e-05
9400.0 4.734484257181902e-05
9402.5791015625 4.292642697704429e-05
9410.0 4.7719401411811676e-05
9420.0 5.422886219105518e-05
9430.0 6.070380444850668e-05
9440.0 6.727856354143662e-05
9450.0 7.381488093094322e-05
9460.0 8.043185038368326e-05
9470.0 8.707265946792284e-05
9480.0 9.365820983606582e-05
9490.0 0.00010034104071290964
9500.0 0.00010704766012244444
9510.0 0.00011366394219209893
9520.0 0.00012039211471833835
9530.0 0.00012703422456259307
9540.0 0.00013379947858917023
9550.0 0.0001405858398055366
9560.0 0.00014726834471570494
9570.0 0.0001540909449488282
9580.0 0.00016093418312355595
9590.0 0.00016765586524065645
9600.0 0.00017453428565477764
9602.6328125 0.00017633153925939262
9610.0 0.00016998936257214736
9620.0 0.00016122357244458476
9630.0 0.00015257935157063032
9640.0 0.00014397024992810734
9650.0 0.0001352164129567017
9652.646484375 0.00013292716620717047
9660.0 0.00012656020906010176
9670.0 0.00011787625000171493
9680.0 0.00010907057354845996
9690.0 0.00010033634446344988
9700.0 9.15736922474291e-05
9710.0 8.271226500599559e-05
9720.0 7.390071638973171e-05
9730.0 6.506125149965288e-05
9740.0 5.6146405913235405e-05
9750.0 4.7259574092481334e-05
9752.673828125 4.487874790179083e-05
9760.0 4.6806609178432144e-05
9770.0 4.944407361261226e-05
9780.0 5.2043992689083214e-05
9790.0 5.469281693995359e-05
9800.0 5.7348293791045115e-05
9810.0 5.997903509790537e-05
9820.0 6.255999286515285e-05
9830.0 6.51956533272867e-05
9840.0 6.786954188879219e-05
9850.0 7.054942624669257e-05
9860.0 7.31724839358511e-05
9870.0 7.58615623461185e-05
9880.0 7.855609701779542e-05
9890.0 8.125596388473947e-05
9900.0 8.388925914936277e-05
9910.0 8.659719338558615e-05
9920.0 8.930993883753638e-05
9930.0 9.20273524584595e-05
9940.0 9.474931136510586e-05
9950.0 9.739240855547891e-05
9960.0 0.0001001205224079584
9970.0 0.00010285274765559938
9980.0 0.00010558893470727246
9990.0 0.00010832863538238367
10000.0 0.00011097659413502127
10010.0 0.00011378480806424622
10020.0 0.00011659963221190063
10030.0 0.00011942095692690639
10040.0 0.00012224879960484234
10050.0 0.00012497568747975706
10060.0 0.00012781360531156224
10070.0 0.0001306576818544404
10080.0 0.0001335078184378836
10090.0 0.00013636388662845227
10100.0 0.00013922595243194075
10102.7685546875 0.00014001912790870404
10110.0 0.00014016388759614261
10120.0 0.00014024186780381675
10130.0 0.0001404382865831046
10140.0 0.00014063292233114746
10150.0 0.0001408257576332254
10152.7822265625 0.00014087900269666874
10160.0 0.0001376253177891602
10170.0 0.00013310470488015941
10180.0 0.00012856982823673002
10190.0 0.00012391488822220155
10200.0 0.0001193563775426396
10210.0 0.00011479206832359827
10220.0 0.00011021397920931854
10230.0 0.00010562194718984546
10240.0 0.00010101624712304993
10250.0 9.63970110043264e-05
10252.80859375 9.509717683530565e-05
10260.0 8.834370810481298e-05
10270.0 7.893059818515845e-05
10280.0 6.949230618806395e-05
10290.0 5.997752238689388e-05
10300.0 5.04977868900189e-05
10302.8232421875 4.781696919364827e-05
10310.0 5.472634196043836e-05
10320.0 6.437374152267891e-05
10330.0 7.4044236758375e-05
10340.0 8.373768529449544e-05
10350.0 9.345400108167584e-05
10352.8359375 9.621351213467131e-05
10360.0 0.00010319339277635449
10370.0 0.00011295536956503049
10380.0 0.00012273943456296267
10390.0 0.00013254575731123374
10400.0 0.00014237382269116292
10402.849609375 0.00014517985473243405
10410.0 0.00014531151573767272
10420.0 0.00014549497107426923
10430.0 0.00014567755664894277
10440.0 0.00014585948107556694
10450.0 0.00014604076354634662
10452.86328125 0.00014605643444154308
10460.0 0.0001391399938007706
10470.0 0.00012955435965029846
10480.0 0.00011994562628800474
10490.0 0.00011031380811115781
10500.0 0.00010065911658141443
10510.0 9.09081475717568e-05
10520.0 8.115041185692193e-05
10530.0 7.138590733093286e-05
10540.0 6.161483281754936e-05
10550.0 5.183718371230121e-05
10552.890625 4.9009627938541874e-05
10560.0 4.901929039715113e-05
10570.0 4.9032813683411516e-05
10580.0 4.904613237850489e-05
10590.0 4.905938308725049e-05
10600.0 4.90725689397185e-05
10602.904296875 4.90753351917744e-05
10610.0 4.908383686867507e-05
10620.0 4.909575432494352e-05
10630.0 4.9107611610994024e-05
10640.0 4.911946313922494e-05
10650.0 4.913124757189187e-05
10660.0 4.914302939410787e-05
10670.0 4.9154826043471733e-05
10680.0 4.916661371826062e-05
10690.0 4.9220722961188866e-05
10700.0 4.923259815814727e-05
10702.9306640625 4.923607657220901e-05
10710.0 4.9246208244422075e-05
10720.0 4.92606071975616e-05
10730.0 4.9275083703215066e-05
10740.0 4.9289624036531707e-05
10750.0 4.930423194676377e-05
10752.9453125 4.930857628397278e-05
10760.0 5.2794434401381636e-05
10770.0 5.773779263135981e-05
10780.0 6.26836269072842e-05
10790.0 6.76321387252277e-05
10800.0 7.25832824938051e-05
10810.0 7.754076450126459e-05
10820.0 8.250155825433077e-05
10830.0 8.746569739559122e-05
10840.0 9.243314421363439e-05
10850.0 9.740420583494278e-05
10852.9716796875 9.888216770829395e-05
10860.0 9.890441431135385e-05
10870.0 9.902168865378134e-05
10880.0 9.905446030377684e-05
10890.0 9.908763669825381e-05
10900.0 9.912151536057326e-05
10902.986328125 9.913175330812531e-05
10910.0 0.00010609806585302972
10920.0 0.00011603715370313166
10930.0 0.00012598411506196968
10940.0 0.00013593913233331446
10950.0 0.00014590239056561593
10952.9990234375 0.00014889208332293294
10960.0 0.00014198231255085566
10970.0 0.00013210731695875743
10980.0 0.00012233065488038172
10990.0 0.00011243357662256531
11000.0 0.00010250831930652362
11003.0126953125 9.952099868287828e-05
11010.0 9.954379741597409e-05
11020.0 9.957643297622181e-05
11030.0 9.960907650296968e-05
11040.0 9.964172799757321e-05
11050.0 9.96743874613881e-05
11060.0 9.97070548957702e-05
11070.0 9.982534780800667e-05
11080.0 9.985805924330618e-05
11090.0 9.989077866008668e-05
11100.0 9.992350605970576e-05
11110.0 9.995624144352116e-05
11120.0 9.998898481289067e-05
11130.0 0.00010002173616917228
11140.0 0.00010005449551372421
11150.0 0.00010017310499129492
11153.052734375 0.00010018311816070645
11160.0 0.0001071655760232317
11170.0 0.00011722179816546751
11180.0 0.0001272845909566975
11190.0 0.00013735395679829592
11200.0 0.00014742989809218124
11210.0 0.00015765561117268484
11220.0 0.00016776263840276163
11230.0 0.00017787730589830902
11240.0 0.0001879996165490375
11250.0 0.00019812957324511643
11253.080078125 0.00020125121970222758
11260.0 0.00019434160169842397
11270.0 0.00018435005142991093
11280.0 0.00017450016573806085
11290.0 0.000164484813890531
11300.0 0.00015446183432331478
11310.0 0.00014443122414589774
11320.0 0.00013439298046730562
11330.0 0.00012434710039610467
11340.0 0.00011439134433743961
11350.0 0.00010432157678943916
11360.0 9.424415763240885e-05
11370.0 8.415908397060264e-05
11380.0 7.406635290781432e-05
11390.0 6.402063586620377e-05
11400.0 5.3903941544092186e-05
11403.12109375 5.0746005289472106e-05
11410.0 5.425055726587512e-05
11420.0 5.9349060984907605e-05
11430.0 6.44521501652285e-05
11440.0 6.955982696005293e-05
11450.0 7.473586430254224e-05
11460.0 7.985709264085173e-05
11470.0 8.4982918979814e-05
11480.0 9.011334547655967e-05
11490.0 9.524837428873871e-05
11500.0 0.00010047365665916031
11503.1484375 0.00010209246708957935
11510.0 0.000116110113448095
11520.0 0.00013658284813207027
11530.0 0.00015707182896423726
11540.0 0.00017757706194215968
11550.0 0.00019826744293105576
11553.162109375 0.00020476548237909214
11560.0 0.00019782028703561565
11570.0 0.000187656530698082
11580.0 0.00017748465937804996
11590.0 0.00016730467007507372
11600.0 0.00015725038020468734
11610.0 0.00014704635706413554
11620.0 0.0001368340751601881
11630.0 0.00012661353144202502
11640.0 0.00011648377831913069
11650.0 0.00010623798900574073
11653.189453125 0.00010296840151649713
11660.0 0.0001053342112789766
11670.0 0.00010881028713005847
11680.0 0.00011228913793996798
11690.0 0.00011586921385649764
11700.0 0.00011935658070971901
11710.0 0.00012284672794316475
11720.0 0.000126339656577597
11730.0 0.00012994567005717987
11740.0 0.00013344713672351128
11750.0 0.00013695139021933266
11760.0 0.00014045843156671297
11770.0 0.00014396826178783082
11780.0 0.00014760608375305267
11790.0 0.00015112447914803533
11800.0 0.0001546456688541296
11803.23046875 0.00015577687522690795
11810.0 0.00016049591290205156
11820.0 0.00016761202087039326
11830.0 0.0001745956843788523
11840.0 0.00018158302299066154
11850.0 0.00018857403728887934
11860.0 0.00019573447181877744
11870.0 0.00020273877033599814
11880.0 0.00020974674940504732
11890.0 0.00021675840960922954
11900.0 0.0002239632385847705
11910.0 0.0002309882063755722
11920.0 0.00023801686016964118
11930.0 0.0002450492005505281
11940.0 0.00025208522810172163
11950.0 0.0002593441533501646
11953.26953125 0.0002616485581269685
11960.0 0.00025785088779562283
11970.0 0.0002522058669965846
11980.0 0.00024655783827878314
11990.0 0.00024111045126096206
12000.0 0.0002354516256330671
12010.0 0.00022981796771556035
12020.0 0.00022417991001232035
12030.0 0.00021872201295535464
12040.0 0.0002130703815044278
12050.0 0.00020741434133452754
12060.0 0.00020175389070584802
12063.2998046875 0.00019994074796376356
12070.0 0.00019306310937914581
12080.0 0.00018262282904222738
12083.3056640625 0.00017916984219449697
12090.0 0.00015452489543289757
12100.0 0.0001176865183430294
12103.310546875 0.00010551417577517144
12110.0 0.0001091335545975532
12120.0 0.00011445859387028575
12123.3173828125 0.0001162260161387239
12130.0 0.00015510887339119383
12140.0 0.00021333137626426246
12143.322265625 0.00023274949185204458
12150.0 0.00027534301143368836
12160.0 0.0003389722514269793
12163.328125 0.0003601597297405524
12170.0 0.00047676013514184597
12180.0 0.0006516365013581715
12183.3330078125 0.0007101520613500804
12190.0 0.0008451746686831877
12200.0 0.001047230686563316
12203.337890625 0.001114675248894416
12210.0 0.0012705465370560897
12220.0 0.0015058932696089286
12223.34375 0.0015842606603870795
12230.0 0.001988094277468882
12240.0 0.0025950891424254157
12243.3486328125 0.0027984290131610155
12250.0 0.003407298409563406
12260.0 0.004326782989811456
12263.35546875 0.004634472917232144
12270.0 0.005837932861729625
12280.0 0.007650020645029055
12283.3603515625 0.008259184362802478
12290.0 0.010614811431930628
12300.0 0.014176254811959523
12303.3662109375 0.0153725800456196
12310.0 0.02005628861164145
12320.0 0.027120113765453258
12323.37109375 0.029502328642178572
12330.0 0.038889344364157544
12340.0 0.05310148514713213
12343.3759765625 0.05789033343904393
12350.0 0.07574413711578008
12360.0 0.10271037869842696
12363.3818359375 0.11183349447220685
12370.0 0.14269544562831946
12380.0 0.18950906942200624
12383.38671875 0.20532921704225213
12390.0 0.24633239667871806
12400.0 0.30836382759377107
12403.392578125 0.3294301240346264
12410.0 0.36507073577761284
12420.0 0.4193989042313248
12423.3984375 0.4377682131280404
12430.0 0.45808875102327207
12440.0 0.4888911640139865
12443.404296875 0.49938299530375196
12450.0 0.5060988395830548
12460.0 0.516719873903008
12463.4091796875 0.5201982982335104
12470.0 0.5211918277385069
12480.0 0.522700202401337
12483.4140625 0.5232154277919288
12490.0 0.5220970913723235
12500.0 0.5208328965595319
12503.419921875 0.520210819794738
12510.0 0.5183918920977774
12520.0 0.5156266821121923
12523.4248046875 0.5146793980504766
12530.0 0.512967005173375
12540.0 0.5107881555873286
12543.4306640625 0.5098934169433003
12550.0 0.5080375564541548
12560.0 0.5052115912399925
12563.435546875 0.50438506821193
12570.0 0.5032127410491227
12580.0 0.5010052101608972
12583.4423828125 0.5002450875556105
12590.0 0.4990985458914189
12600.0 0.49734953909947394
12603.447265625 0.4968820308764738
12610.0 0.4963120127839469
12620.0 0.49502745716898056
12623.4521484375 0.4945839118555622
12630.0 0.49463036691799966
12640.0 0.4947012879919538
12643.4580078125 0.494868358721921
12650.0 0.49569954725918847
12660.0 0.4965580096405341
12663.462890625 0.49685533099031304
12670.0 0.49805575824176096
12680.0 0.4998924770307599
12683.46875 0.5006742700570265
12690.0 0.5025204006088565
12700.0 0.5049307576614864
12703.4736328125 0.505768176027504
12710.0 0.5076255619493686
12720.0 0.510472161681316
12723.48046875 0.5116111766181785
12730.0 0.5135514654774491
12740.0 0.5161026598771197
12743.4853515625 0.5169919990694462
12750.0 0.5182641983232309
12760.0 0.5202174416701568
12763.490234375 0.5208992875316392
12770.0 0.5220115289915729
12780.0 0.5241558247495102
12783.49609375 0.5247538812384296
12790.0 0.5249620314305055
12800.0 0.5252821000573719
12803.5009765625 0.525363778437245
12810.0 0.5254444652994837
12820.0 0.526005122871083
12823.5068359375 0.5260486755788423
12830.0 0.5260584096395404
12840.0 0.5260733711693574
12843.51171875 0.5260786166881378
12850.0 0.5259643295660787
12860.0 0.5262244704520623
12863.517578125 0.5261624447655971
12870.0 0.5261720714414627
12880.0 0.5261868921497649
12883.5234375 0.5261921055399945
12890.0 0.5262547732206566
12900.0 0.5267879654244947
12903.5283203125 0.5268221128235062
12910.0 0.5272031561235277
12920.0 0.527791889469859
12923.5341796875 0.5279999431664186
12930.0 0.5280977789524289
12940.0 0.5286866787896619
12943.5390625 0.5287402507464685
12950.0 0.5292268830321484
12960.0 0.5299800151265158
12963.544921875 0.5302469772329635
12970.0 0.5306271374332203
12980.0 0.531216016423161
12983.5498046875 0.531581212258076
12990.0 0.5311855876669744
13000.0 0.5301323058246996
13003.5556640625 0.5298219529251038
13010.0 0.5254825238333508
13020.0 0.5187452606528121
13023.560546875 0.5164974556782501
13030.0 0.5031743969221801
13040.0 0.48204653442968215
13043.5673828125 0.4745061714111892
13050.0 0.4471169956986025
13060.0 0.40451625443888833
13063.572265625 0.38929160026829074
13070.0 0.35260428401863336
13080.0 0.29574223071359257
13083.5771484375 0.2752888189301305
13090.0 0.2418042633734131
13100.0 0.18964372108432592
13103.5830078125 0.17094653414032757
13110.0 0.14758428278396737
13120.0 0.11115853407398821
13123.587890625 0.09811282337234785
13130.0 0.08430880491655293
13140.0 0.06268855320219023
13143.59375 0.05491543822104448
13150.0 0.0473039570282271
13160.0 0.03541646098399075
13163.5986328125 0.031145995396726103
13170.0 0.02697602516464665
13180.0 0.02043275765880127
13183.60546875 0.01807258915714243
13190.0 0.01575971890140587
13200.0 0.012140895111046697
13203.6103515625 0.010832995918799453
13210.0 0.00947185660296945
13220.0 0.007347308262992653
13223.615234375 0.006576298915247905
13230.0 0.005830814296734755
13240.0 0.004663010132659621
13243.62109375 0.004240075542517212
13250.0 0.0037426360867761493
13260.0 0.0029626797923066554
13263.6259765625 0.0026798281570390354
13270.0 0.0024117974856035715
13280.0 0.0019928592718265266
13283.6318359375 0.0018399638921685773
13290.0 0.0016424253003146183
13300.0 0.0013321737878947751
13303.63671875 0.0012193275464407267
13310.0 0.0011171104220959553
13320.0 0.0009564463694956574
13323.642578125 0.0008981838507643417
13330.0 0.000778833337829302
13340.0 0.0005903271862808512
13343.6484375 0.0005215418361488694
13350.0 0.0004898814683742134
13360.0 0.0004400261486163641
13363.6533203125 0.0004218097376238847
13370.0 0.000390144072488836
13380.0 0.0003402420531055779
13383.6591796875 0.0003220762288320297
13390.0 0.0003257725267464561
13400.0 0.0003313380671044966
13403.6640625 0.0003333112291941943
13410.0 0.00034376168344371513
13420.0 0.00036024375577349305
13423.669921875 0.00036628890458150664
13430.0 0.00035915978658420056
13440.0 0.00034790542079271304
13443.6748046875 0.0003438759087250306
13450.0 0.000331098027600418
13460.0 0.00031062849807102574
13470.0 0.00029017675445254575
13480.0 0.00026974279597809643
13490.0 0.00024932662188044397
13500.0 0.00022892823139200299
13503.6923828125 0.00022145723632638594
13510.0 0.00022071730862355872
13520.0 0.00021936365283080318
13530.0 0.000218011427083919
13540.0 0.00021666063086516423
13550.0 0.0002153112636568836
13560.0 0.0002139633249415083
13570.0 0.0002126168142015561
13580.0 0.00021144505463316477
13590.0 0.0002101002959792844
13600.0 0.00020875696491911368
13610.0 0.00020702372494473047
13620.0 0.0002052970313053766
13630.0 0.00020357687467925382
13640.0 0.00020186324573975243
13650.0 0.0002001561351554555
13660.0 0.00019861819026639627
13670.0 0.0001969226998716231
13680.0 0.00019523370512856055
13690.0 0.00019355119667894017
13700.0 0.0001918751651597032
13710.0 0.00019020560120300414
13720.0 0.00018854249543621572
13730.0 0.00018688583848193205
13740.0 0.0001852356209579736
13750.0 0.00018374220237118917
13760.0 0.00018210349447477918
13770.0 0.00018047120308462128
13780.0 0.00017884531879178086
13790.0 0.00017722583218256617
13800.0 0.00017561273383853232
13810.0 0.0001741068542893549
13820.0 0.00017260590057229568
13830.0 0.00017110986485217007
13840.0 0.0001702934549355114
13850.0 0.0001694726431741045
13860.0 0.00016878543965012256
13870.0 0.00016795512811265112
13880.0 0.00016712039398181724
13890.0 0.00016628123155104142
13900.0 0.00016543763511816698
13910.0 0.00016458959898545936
13920.0 0.00016373711745960553
13930.0 0.00016288018485171335
13940.0 0.00016201879547731086
13950.0 0.00016115294365634593
13953.814453125 0.0001608214916169007
13960.0 0.00015438155331318456
13970.0 0.00014393603055954323
13980.0 0.0001334481360411723
13990.0 0.0001229178199093813
14000.0 0.00011234503235515004
14010.0 0.00010163029565163681
14020.0 9.089406103628527e-05
14030.0 8.013631850672506e-05
14040.0 6.93570580761844e-05
14050.0 5.8556269773502216e-05
14053.8408203125 5.4402156840101255e-05
14060.0 5.890071825159733e-05
14070.0 6.621617381795576e-05
14080.0 7.360615275727916e-05
14090.0 8.095640353448271e-05
14100.0 8.83210712029932e-05
14110.0 9.570016231693211e-05
14120.0 0.00010309368341993428
14130.0 0.00011050164104513975
14140.0 0.00011792404171518578
14150.0 0.00012536089194219887
14160.0 0.00013281219822778662
14170.0 0.00014027796706302955
14180.0 0.00014775820492847364
14190.0 0.0001552529182941214
14200.0 0.00016262914767188656
14203.8818359375 0.00016548720065076724
14210.0 0.0001587471000784401
14220.0 0.00014772926509727392
14230.0 0.0001367098273966518
14240.0 0.00012568879019490888
14250.0 0.00011466615671160427
14260.0 0.0001036419301675213
14270.0 9.261611378466726e-05
14280.0 8.158871078627319e-05
14290.0 7.055972439679373e-05
14300.0 5.952915784190712e-05
14303.9091796875 5.521668227376224e-05
14310.0 5.79079083265003e-05
14320.0 6.232690380577909e-05
14330.0 6.674651993584315e-05
14340.0 7.116675542231791e-05
14350.0 7.558760897033993e-05
14360.0 8.00090792845568e-05
14370.0 8.443116506912751e-05
14380.0 8.885386502772217e-05
14390.0 9.327717786352235e-05
14400.0 9.762121212068128e-05
14410.0 0.0001020227990586505
14420.0 0.00010642332727098605
14430.0 0.00011082279609778679
14440.0 0.00011522120487916302
14450.0 0.00011961855295523669
14460.0 0.0001240148396661412
14470.0 0.00012841006435202157
14480.0 0.0001328042263530344
14490.0 0.00013719732500934797
14500.0 0.00014158935966114203
14510.0 0.00014592912847085135
14520.0 0.00015038784264253028
14530.0 0.00015484963050782345
14540.0 0.0001593144927189659
14550.0 0.0001637824299281567
14553.9765625 0.0001655599877504191
14560.0 0.0001655946501980452
14570.0 0.00016565220269188895
14580.0 0.00016557405674420852
14590.0 0.00016563157840946807
14600.0 0.0001656891082259869
14610.0 0.00016572824181141396
14620.0 0.00016576737435807878
14630.0 0.00016580650586557648
14640.0 0.00016584563633350184
14650.0 0.0001657487882912261
14654.00390625 0.000165764442213478
14660.0 0.0001657878846048453
14670.0 0.0001658269798785308
14680.0 0.00016586607411187788
14690.0 0.00016590516730448238
14700.0 0.00016594425945593981
14704.017578125 0.00016590527164659372
14710.0 0.00016419458673762918
14720.0 0.00016147016160826367
14730.0 0.00015874443433872826
14740.0 0.00015601740498068705
14750.0 0.00015328907358583087
14760.0 0.00015043582241512654
14770.0 0.0001477071293537164
14780.0 0.0001449771354796441
14790.0 0.00014224584084466589
14800.0 0.0001393986031307328
14810.0 0.00013665320190363146
14820.0 0.0001339070523859913
14830.0 0.0001311601549448979
14840.0 0.00012830691520492193
14850.0 0.00012556078304516689
14860.0 0.0001228139046770179
14870.0 0.00012006628046704806
14880.0 0.00011722134832101302
14890.0 0.00011447449627850327
14900.0 0.00011172690010656192
14904.072265625 0.00011060779283106926
14910.0 0.00011061655682792596
14920.0 0.00011054021467836047
14930.0 0.00011055497848096234
14940.0 0.00011056973741200721
14950.0 0.00011058449147202062
14954.0859375 0.00011055326481519345
14960.0 0.00010724119360633081
14970.0 0.00010173086138016807
14980.0 9.6219052105161e-05
14990.0 9.063092327351235e-05
15000.0 8.512071243642408e-05
15010.0 7.95709002696943e-05
15020.0 7.396379116059023e-05
15030.0 6.842620550356929e-05
15040.0 6.289244016243106e-05
15050.0 5.731508477839239e-05
15054.11328125 5.504344971587034e-05
15060.0 6.150977167156371e-05
15070.0 7.248831656603261e-05
15080.0 8.339021236256018e-05
15090.0 9.434446251903325e-05
15100.0 0.00010529110922642637
15104.1259765625 0.00010976795293718301
15110.0 0.00010969223280918237
15120.0 0.00010965422396305023
15130.0 0.00010961622259308959
15140.0 0.0001094874388496689
15150.0 0.00010944948390337214
15160.0 0.00010941153642514061
15170.0 0.00010928291177770388
15180.0 0.0001092450106845989
15190.0 0.00010911648450671355
15200.0 0.0001090786297751727
15204.154296875 0.00010905916840339503
15210.0 0.00011115684235254003
15220.0 0.00011464747695596545
15230.0 0.00011822733418472605
15240.0 0.0001217028452297589
15250.0 0.00012527352699362869
15260.0 0.00012884111091857934
15270.0 0.00013229543885979913
15280.0 0.0001358538683052845
15290.0 0.00013929313751381516
15300.0 0.0001428424287570341
15310.0 0.00014626663811911095
15320.0 0.00014980680671421913
15330.0 0.00015321599589687587
15340.0 0.00015674705773399504
15350.0 0.0001601412688415178
15354.1943359375 0.00016161887574266308
15360.0 0.00014907514592849127
15370.0 0.00012748378957781864
15380.0 0.0001058224973662311
15390.0 8.428623759563806e-05
15400.0 6.27160159209429e-05
15404.2080078125 5.367559248030581e-05
15410.0 5.3663182086171225e-05
15420.0 5.3596869322959856e-05
15430.0 5.357547096642234e-05
15440.0 5.3509223732532865e-05
15450.0 5.348785504826941e-05
15454.2216796875 5.3459912405371767e-05
15460.0 5.753687452047469e-05
15470.0 6.457883244017188e-05
15480.0 7.166366928733803e-05
15490.0 7.867700530058521e-05
15500.0 8.574512400372246e-05
15510.0 9.275477071778785e-05
15520.0 9.98348985661371e-05
15530.0 0.00010682352648435171
15540.0 0.000113894548174967
15550.0 0.00012086218013927532
15560.0 0.00012781632581060538
15570.0 0.0001348707249273461
15580.0 0.00014180387988856145
15590.0 0.00014884918767066956
15600.0 0.00015576137830838205
15604.26171875 0.00015875660955175344
15610.0 0.00015874162117786804
15620.0 0.00015858144487340006
15630.0 0.00015842132890290554
15640.0 0.00015839525370334943
15650.0 0.00015823518840529918
15660.0 0.0001580751674644229
15670.0 0.00015804913709251364
15680.0 0.00015788919877016464
15690.0 0.00015786319092961555
15700.0 0.00015770330329595997
15704.2900390625 0.00015763473131940326
15710.0 0.00014555189255970153
15720.0 0.00012453020130675653
15730.0 0.00010342747950676039
15740.0 8.236737865433329e-05
15750.0 6.140214059495665e-05
15754.302734375 5.2364300879120455e-05
15760.0 5.8294257576969114e-05
15770.0 6.868599498482349e-05
15780.0 7.90564918965168e-05
15790.0 8.948209563257912e-05
15800.0 9.981900813174452e-05
15804.3173828125 0.00010427707441763786
15810.0 0.00010421902433789235
15820.0 0.00010420595678489507
15830.0 0.00010410384144784596
15840.0 0.00010400173734986648
15850.0 0.00010389966572324162
15854.330078125 0.0001038940211021672
15860.0 0.00010388662974542507
15870.0 0.00010378458005326163
15880.0 0.00010368255222330327
15890.0 0.0001035805568651378
15900.0 0.00010356755247864148
15910.0 0.00010346557907013323
15920.0 0.00010336362752958401
15930.0 0.00010326170846125007
15940.0 0.00010315980065990272
15950.0 0.00010314683857733629
15954.3583984375 0.00010310243922348637
15960.0 0.00010304497394624906
15970.0 0.00010294312059034131
15980.0 0.00010284128911120027
15990.0 0.00010273949010508307
16000.0 0.00010272657034913795
16004.37109375 0.00010268387371967511
16010.0 9.685301141648057e-05
16020.0 8.650950584854803e-05
16030.0 7.618552761695335e-05
16040.0 6.588108376631485e-05
16050.0 5.559617709652465e-05
16054.384765625 5.111211464095152e-05
16060.0 6.259080335491887e-05
16070.0 8.295795627332248e-05
16080.0 0.00010328607893369706
16090.0 0.0001235751580111599
16100.0 0.0001438252081089853
16104.3984375 0.00015271971596591405
16110.0 0.00014694301090535344
16120.0 0.00013664555088730056
16130.0 0.0001263676164509404
16140.0 0.00011610917721287435
16150.0 0.0001058702444042002
16154.412109375 0.00010139809325685622
16160.0 0.00010138751407788102
16170.0 0.00010127982133263773
16180.0 0.00010117214762734287
16190.0 0.0001010645141360889
16200.0 0.00010095689971484927
16204.42578125 0.00010090109068124818
16210.0 9.802707088390407e-05
16220.0 9.288023027411798e-05
16230.0 8.774501337949918e-05
16240.0 8.26214227820464e-05
16250.0 7.750945894294552e-05
16260.0 7.240909732953642e-05
16270.0 6.732034603222792e-05
16280.0 6.224318264134222e-05
16290.0 5.717760709486572e-05
16300.0 5.212361721569229e-05
16304.453125 4.9876734229746875e-05
16310.0 5.168705076408791e-05
16320.0 5.4944766374685813e-05
16330.0 5.819481444218866e-05
16340.0 6.14372055461104e-05
16350.0 6.467195166269749e-05
16360.0 6.789904452079057e-05
16370.0 7.105505832735144e-05
16380.0 7.426394889855518e-05
16390.0 7.746521790325209e-05
16400.0 8.065885427511705e-05
16410.0 8.389432068423276e-05
16420.0 8.712592823423842e-05
16430.0 9.035367891216953e-05
16440.0 9.357757612298416e-05
16450.0 9.679759356092331e-05
16454.494140625 9.820373425139057e-05
16460.0 9.542382105927716e-05
16470.0 9.046758003554944e-05
16480.0 8.551701897946351e-05
16490.0 8.057212892583487e-05
16500.0 7.563292955479514e-05
16510.0 7.06994384441013e-05
16520.0 6.577164975983264e-05
16530.0 6.079441824439613e-05
16540.0 5.588249143785817e-05
16550.0 5.0976313340773976e-05
16554.521484375 4.875987795680827e-05
16560.0 4.874310703472667e-05
16570.0 4.8712476082112606e-05
16580.0 4.863742945338757e-05
16590.0 4.860672384442207e-05
16600.0 4.857598188568298e-05
16610.0 4.842249866500077e-05
16620.0 4.8225105610033536e-05
16630.0 4.807232201772136e-05
16640.0 4.791983257823389e-05
16650.0 4.7767647457586383e-05
16660.0 4.757194904982958e-05
16670.0 4.742046030891328e-05
16680.0 4.726926432950663e-05
16690.0 4.707486188547054e-05
16700.0 4.6924359833544824e-05
16704.5625 4.685579427812146e-05
16710.0 4.677602499495889e-05
16720.0 4.658631223544339e-05
16730.0 4.644019220391731e-05
16740.0 4.629434118013088e-05
16750.0 4.6105838069908386e-05
16754.57421875 4.603938273115436e-05
16760.0 4.5960381421158337e-05
16770.0 4.581499594179495e-05
16780.0 4.5627242080675115e-05
16790.0 4.548249854579236e-05
16800.0 4.5295582023207935e-05
16810.0 4.5153428679053734e-05
16820.0 4.5011501829104e-05
16830.0 4.482761845961075e-05
16840.0 4.468622762486236e-05
16850.0 4.4503066899131516e-05
16854.6015625 4.443822399131847e-05
16860.0 4.436101397112748e-05
16870.0 4.4176375979524395e-05
16880.0 4.403385940600602e-05
16890.0 4.3891577622070824e-05
16900.0 4.370802540525258e-05
16910.0 4.3566312983758156e-05
16920.0 4.3383510399731114e-05
16930.0 4.324236168030911e-05
16940.0 4.3060317723839755e-05
16950.0 4.2919727103228104e-05
16954.630859375 4.283572105757176e-05
16960.0 4.579648966737152e-05
16970.0 5.1274362381486856e-05
16980.0 5.67593386774367e-05
16990.0 6.214783555012324e-05
17000.0 6.755429946772019e-05
17010.0 7.279853129033188e-05
17020.0 7.80631539270997e-05
17030.0 8.320267763039655e-05
17040.0 8.82875909852486e-05
17050.0 9.34088001982071e-05
17060.0 9.839018829396893e-05
17070.0 0.00010341829839095316
17080.0 0.0001082969260423641
17090.0 0.00011312199846418713
17100.0 0.00011800919982482104
17104.669921875 0.00012022163267029137
17110.0 0.00011137609361557018
17120.0 9.490734887398449e-05
17130.0 7.868078262799863e-05
17140.0 6.252523854543986e-05
17150.0 4.6533266432290655e-05
17154.68359375 3.911742500632617e-05
17160.0 3.903040073113655e-05
17170.0 3.8828506213826765e-05
17180.0 3.862716766176652e-05
17190.0 3.8464579134889035e-05
17200.0 3.826422806694657e-05
17210.0 3.7756478839144695e-05
17220.0 3.7250740261642e-05
17230.0 3.6783791622527475e-05
17240.0 3.628163942073213e-05
17250.0 3.578149050684748e-05
17260.0 3.528334735400533e-05
17270.0 3.478720387091199e-05
17280.0 3.432770144083057e-05
17290.0 3.383513009828349e-05
17300.0 3.3344553292747466e-05
17310.0 3.285597324609343e-05
17320.0 3.236938412632723e-05
17330.0 3.1884788055095804e-05
17340.0 3.140217930392383e-05
17350.0 3.0953208985314324e-05
17360.0 3.0474149173564567e-05
17370.0 2.9997071565408518e-05
17380.0 2.952197803242752e-05
17390.0 2.9048864889234047e-05
17400.0 2.8577728552671453e-05
17410.0 2.7708464404631073e-05
17420.0 2.684313214596312e-05
17430.0 2.598173132848308e-05
17440.0 2.5124254866875802e-05
17450.0 2.427070211695769e-05
17460.0 2.342106619663929e-05
17470.0 2.2575346266022e-05
17480.0 2.173353700668924e-05
17490.0 2.0895633301106183e-05
17500.0 2.006163401633372e-05
17510.0 1.9231532777088017e-05
17520.0 1.840532825542404e-05
17530.0 1.7583014278277343e-05
17540.0 1.676458932298024e-05
17550.0 1.5950048431936824e-05
17554.79296875 1.5561016886571113e-05
17560.0 1.5611994874253438e-05
17570.0 1.5639281622262644e-05
17580.0 1.5574277829829293e-05
17590.0 1.5417679582417062e-05
17600.0 1.5153831101467048e-05
17610.0 1.5243283828787128e-05
17620.0 1.527946276934524e-05
17630.0 1.526276442684153e-05
17640.0 1.5193581880633344e-05
17650.0 1.5072307743096859e-05
17660.0 1.4883052916448893e-05
17670.0 1.4658987433955868e-05
17680.0 1.4384066115737837e-05
17690.0 1.4058679699242458e-05
17700.0 1.3668117646171034e-05
17710.0 1.3243413831289452e-05
17720.0 1.2769474603587722e-05
17730.0 1.224668888353692e-05
17740.0 1.1662431657480648e-05
17750.0 1.1043784890583408e-05
17760.0 1.0377515980404278e-05
17770.0 9.664011312353233e-06
17780.0 8.89363305798318e-06
17790.0 8.087707862853684e-06
17800.0 7.235764926663177e-06
17810.0 7.108844304933007e-06
17820.0 6.97765486889635e-06
17830.0 6.82630112429074e-06
17840.0 6.670648346519646e-06
17850.0 6.502849507177512e-06
17860.0 6.315729860489614e-06
17870.0 6.124147193667608e-06
17880.0 5.913882794712176e-06
17890.0 5.698976899703753e-06
17900.0 5.466086744168831e-06
17910.0 5.228317515042144e-06
17920.0 4.973319320970773e-06
17930.0 4.713145492340795e-06
17940.0 4.436555701445621e-06
17950.0 4.154434849688607e-06
17960.0 3.856768628665939e-06
17970.0 3.553157173133333e-06
17980.0 3.234928414976606e-06
17990.0 2.9102816192084127e-06
18000.0 2.572002944521086e-06
18001.0 0.0
18002.0 0.0
18054.9296875 0.0
18104.943359375 0.0
18154.955078125 0.0
18200.0 0.0
18204.970703125 0.0
18254.982421875 0.0
18304.99609375 0.0
18355.01171875 0.0
18400.0 0.0
18405.0234375 0.0
18455.037109375 0.0
18505.05078125 0.0
18555.064453125 0.0
18600.0 0.0
18605.078125 0.0
18655.091796875 0.0
18705.10546875 0.0
18755.119140625 0.0
18800.0 0.0
18805.1328125 0.0
18855.146484375 0.0
18905.16015625 0.0
18955.173828125 0.0
19000.0 0.0
19005.1875 0.0
19055.201171875 0.0
19105.21484375 0.0
19155.228515625 0.0
19200.0 0.0
19205.2421875 0.0
19255.255859375 0.0
19305.26953125 0.0
19355.283203125 0.0
19400.0 0.0
19405.296875 0.0
19455.310546875 0.0
19505.32421875 0.0
19555.337890625 0.0
19600.0 0.0
19605.3515625 0.0
19655.36328125 0.0
19705.37890625 0.0
19755.392578125 0.0
19800.0 0.0
19805.404296875 0.0
19855.419921875 0.0
19905.431640625 0.0
19955.4453125 0.0
20000.0 0.0
20001.0 0.0
20002.0 0.0
20005.4609375 0.0
20006.4609375 0.0
20007.4609375 0.0
30000.0 0.0
30010.0 0.0
