# WAVELENGTH THROUGHPUT
500.0 0.0
998.0 0.0
999.0 0.0
1000.0 0.0
1010.0 0.0
1020.0 0.0
1030.0 0.0
1040.0 0.0
1050.0 0.0
1060.0 0.0
1070.0 0.0
1080.0 0.0
1090.0 0.0
1100.0 0.0
1110.0 0.0
1120.0 0.0
1130.0 0.0
1140.0 0.0
1150.0 0.0
1160.0 0.0
1170.0 0.0
1180.0 0.0
1190.0 0.0
1200.0 0.0
1210.0 0.0
1220.0 0.0
1230.0 0.0
1240.0 0.0
1250.0 0.0
1260.0 0.0
1270.0 0.0
1280.0 0.0
1290.0 0.0
1300.0 0.0
1310.0 0.0
1320.0 0.0
1330.0 0.0
1340.0 0.0
1350.0 0.0
1360.0 0.0
1370.0 0.0
1380.0 0.0
1390.0 0.0
1400.0 0.0
1410.0 0.0
1420.0 0.0
1430.0 0.0
1440.0 0.0
1450.0 0.0
1460.0 0.0
1470.0 0.0
1480.0 0.0
1490.0 0.0
1500.0 0.0
1510.0 0.0
1520.0 0.0
1530.0 0.0
1540.0 0.0
1550.0 0.0
1560.0 0.0
1570.0 0.0
1580.0 0.0
1590.0 0.0
1600.0 0.0
1610.0 0.0
1620.0 0.0
1630.0 0.0
1640.0 0.0
1650.0 0.0
1660.0 0.0
1670.0 0.0
1680.0 0.0
1690.0 0.0
1700.0 0.0
1710.0 0.0
1720.0 0.0
1730.0 0.0
1740.0 0.0
1750.0 0.0
1760.0 0.0
1770.0 0.0
1780.0 0.0
1790.0 0.0
1800.0 0.0
1810.0 0.0
1820.0 0.0
1830.0 0.0
1840.0 0.0
1850.0 0.0
1860.0 0.0
1870.0 0.0
1880.0 0.0
1890.0 0.0
1900.0 0.0
1910.0 0.0
1920.0 0.0
1930.0 0.0
1940.0 0.0
1950.0 0.0
1960.0 0.0
1970.0 0.0
1980.0 0.0
1988.0 0.0
1989.0 0.0
1990.0 0.0
2000.0 0.0
2010.0 0.0
2020.0 0.0
2030.0 0.0
2040.0 0.0
2050.0 0.0
2060.0 0.0
2070.0 0.0
2080.0 0.0
2090.0 0.0
2100.0 0.0
2110.0 0.0
2120.0 0.0
2130.0 0.0
2140.0 0.0
2150.0 0.0
2160.0 0.0
2170.0 0.0
2180.0 0.0
2190.0 0.0
2200.0 0.0
2210.0 0.0
2220.0 0.0
2230.0 0.0
2240.0 0.0
2250.0 0.0
2260.0 0.0
2270.0 0.0
2280.0 0.0
2290.0 0.0
2300.0 0.0
2310.0 0.0
2320.0 0.0
2330.0 0.0
2340.0 0.0
2350.0 0.0
2360.0 0.0
2370.0 0.0
2380.0 0.0
2390.0 0.0
2400.0 0.0
2410.0 0.0
2420.0 0.0
2430.0 0.0
2440.0 0.0
2450.0 0.0
2460.0 0.0
2470.0 0.0
2480.0 0.0
2490.0 0.0
2500.0 0.0
2510.0 0.0
2520.0 0.0
2530.0 0.0
2540.0 0.0
2550.0 0.0
2560.0 0.0
2570.0 0.0
2580.0 0.0
2590.0 0.0
2600.0 0.0
2610.0 0.0
2620.0 0.0
2630.0 0.0
2640.0 0.0
2650.0 0.0
2660.0 0.0
2670.0 0.0
2680.0 0.0
2690.0 0.0
2700.0 0.0
2710.0 0.0
2720.0 0.0
2730.0 0.0
2740.0 0.0
2750.0 0.0
2760.0 0.0
2770.0 0.0
2780.0 0.0
2790.0 0.0
2800.0 0.0
2810.0 0.0
2820.0 0.0
2830.0 0.0
2840.0 0.0
2850.0 0.0
2860.0 0.0
2870.0 0.0
2880.0 0.0
2890.0 0.0
2900.0 0.0
2910.0 0.0
2920.0 0.0
2930.0 0.0
2940.0 0.0
2950.0 0.0
2960.0 0.0
2970.0 0.0
2980.0 0.0
2990.0 0.0
3000.0 0.0
3010.0 0.0
3020.0 0.0
3030.0 0.0
3040.0 0.0
3050.0 0.0
3060.0 0.0
3070.0 0.0
3080.0 0.0
3090.0 0.0
3100.0 0.0
3110.0 0.0
3120.0 0.0
3130.0 0.0
3140.0 0.0
3150.0 0.0
3160.0 0.0
3170.0 0.0
3180.0 0.0
3190.0 0.0
3200.0 0.0
3210.0 0.0
3220.0 0.0
3230.0 0.0
3240.0 0.0
3250.0 0.0
3260.0 0.0
3270.0 0.0
3280.0 0.0
3290.0 0.0
3300.0 0.0
3310.0 0.0
3320.0 0.0
3330.0 0.0
3340.0 0.0
3350.0 0.0
3360.0 0.0
3370.0 0.0
3380.0 0.0
3390.0 0.0
3400.0 0.0
3410.0 0.0
3420.0 0.0
3430.0 0.0
3440.0 0.0
3450.0 0.0
3460.0 0.0
3470.0 0.0
3480.0 0.0
3490.0 0.0
3500.0 0.0
3510.0 0.0
3520.0 0.0
3530.0 0.0
3540.0 0.0
3550.0 0.0
3560.0 0.0
3570.0 0.0
3580.0 0.0
3590.0 0.0
3600.0 0.0
3610.0 0.0
3620.0 0.0
3630.0 0.0
3640.0 0.0
3650.0 0.0
3660.0 0.0
3670.0 0.0
3680.0 0.0
3690.0 0.0
3700.0 0.0
3710.0 0.0
3720.0 0.0
3730.0 0.0
3740.0 0.0
3750.0 0.0
3760.0 0.0
3770.0 0.0
3780.0 0.0
3790.0 0.0
3800.0 0.0
3810.0 0.0
3820.0 0.0
3830.0 0.0
3840.0 0.0
3850.0 0.0
3860.0 0.0
3870.0 0.0
3880.0 0.0
3890.0 0.0
3900.0 0.0
3910.0 0.0
3920.0 0.0
3930.0 0.0
3940.0 0.0
3950.0 0.0
3960.0 0.0
3970.0 0.0
3980.0 0.0
3990.0 0.0
3998.0 0.0
3999.0 0.0
4000.0 0.0
4010.0 0.0
4020.0 0.0
4030.0 0.0
4040.0 0.0
4050.0 0.0
4060.0 0.0
4070.0 0.0
4080.0 0.0
4090.0 0.0
4100.0 0.0
4110.0 0.0
4120.0 0.0
4130.0 0.0
4140.0 0.0
4150.0 0.0
4160.0 0.0
4170.0 0.0
4180.0 0.0
4190.0 0.0
4200.0 0.0
4210.0 0.0
4220.0 0.0
4230.0 0.0
4240.0 0.0
4250.0 0.0
4260.0 0.0
4270.0 0.0
4280.0 0.0
4290.0 0.0
4300.0 0.0
4310.0 0.0
4320.0 0.0
4330.0 0.0
4340.0 0.0
4350.0 0.0
4360.0 0.0
4370.0 0.0
4380.0 0.0
4390.0 0.0
4400.0 0.0
4410.0 0.0
4420.0 0.0
4430.0 0.0
4440.0 0.0
4450.0 0.0
4460.0 0.0
4470.0 0.0
4480.0 0.0
4490.0 0.0
4500.0 0.0
4510.0 0.0
4520.0 0.0
4530.0 0.0
4540.0 0.0
4550.0 0.0
4560.0 0.0
4570.0 0.0
4580.0 0.0
4590.0 0.0
4600.0 0.0
4610.0 0.0
4620.0 0.0
4630.0 0.0
4640.0 0.0
4650.0 0.0
4660.0 0.0
4670.0 0.0
4680.0 0.0
4690.0 0.0
4700.0 0.0
4710.0 0.0
4720.0 0.0
4730.0 0.0
4740.0 0.0
4750.0 0.0
4760.0 0.0
4770.0 0.0
4780.0 0.0
4790.0 0.0
4800.0 0.0
4810.0 0.0
4820.0 0.0
4830.0 0.0
4840.0 0.0
4850.0 0.0
4860.0 0.0
4870.0 0.0
4880.0 0.0
4890.0 0.0
4900.0 0.0
4910.0 0.0
4920.0 0.0
4930.0 0.0
4940.0 0.0
4950.0 0.0
4960.0 0.0
4970.0 0.0
4980.0 0.0
4990.0 0.0
5000.0 0.0
5010.0 0.0
5020.0 0.0
5030.0 0.0
5040.0 0.0
5050.0 0.0
5060.0 0.0
5070.0 0.0
5080.0 0.0
5090.0 0.0
5100.0 0.0
5110.0 0.0
5120.0 0.0
5130.0 0.0
5140.0 0.0
5150.0 0.0
5160.0 0.0
5170.0 0.0
5180.0 0.0
5190.0 0.0
5200.0 0.0
5210.0 0.0
5220.0 0.0
5230.0 0.0
5240.0 0.0
5250.0 0.0
5260.0 0.0
5270.0 0.0
5280.0 0.0
5290.0 0.0
5300.0 0.0
5310.0 0.0
5320.0 0.0
5330.0 0.0
5340.0 0.0
5350.0 0.0
5360.0 0.0
5370.0 0.0
5380.0 0.0
5390.0 0.0
5400.0 0.0
5410.0 0.0
5420.0 0.0
5430.0 0.0
5440.0 0.0
5450.0 0.0
5460.0 0.0
5470.0 0.0
5480.0 0.0
5490.0 0.0
5500.0 0.0
5510.0 0.0
5520.0 0.0
5530.0 0.0
5540.0 0.0
5550.0 0.0
5560.0 0.0
5570.0 0.0
5580.0 0.0
5590.0 0.0
5600.0 0.0
5610.0 0.0
5620.0 0.0
5630.0 0.0
5640.0 0.0
5650.0 0.0
5660.0 0.0
5670.0 0.0
5680.0 0.0
5690.0 0.0
5700.0 0.0
5710.0 0.0
5720.0 0.0
5730.0 0.0
5740.0 0.0
5750.0 0.0
5760.0 0.0
5770.0 0.0
5780.0 0.0
5790.0 0.0
5800.0 0.0
5810.0 0.0
5820.0 0.0
5830.0 0.0
5840.0 0.0
5850.0 0.0
5860.0 0.0
5870.0 0.0
5880.0 0.0
5890.0 0.0
5900.0 0.0
5910.0 0.0
5920.0 0.0
5930.0 0.0
5940.0 0.0
5950.0 0.0
5960.0 0.0
5970.0 0.0
5980.0 0.0
5990.0 0.0
6000.0 0.0
6010.0 0.0
6020.0 0.0
6030.0 0.0
6040.0 0.0
6050.0 0.0
6060.0 0.0
6070.0 0.0
6080.0 0.0
6090.0 0.0
6100.0 0.0
6110.0 0.0
6120.0 0.0
6130.0 0.0
6140.0 0.0
6150.0 0.0
6160.0 0.0
6170.0 0.0
6180.0 0.0
6190.0 0.0
6200.0 0.0
6210.0 0.0
6220.0 0.0
6230.0 0.0
6240.0 0.0
6250.0 0.0
6260.0 0.0
6270.0 0.0
6280.0 0.0
6290.0 0.0
6300.0 0.0
6310.0 0.0
6320.0 0.0
6330.0 0.0
6340.0 0.0
6350.0 0.0
6360.0 0.0
6370.0 0.0
6380.0 0.0
6390.0 0.0
6400.0 0.0
6410.0 0.0
6420.0 0.0
6430.0 0.0
6440.0 0.0
6450.0 0.0
6460.0 0.0
6470.0 0.0
6480.0 0.0
6490.0 0.0
6500.0 0.0
6510.0 0.0
6520.0 0.0
6530.0 0.0
6540.0 0.0
6550.0 0.0
6560.0 0.0
6570.0 0.0
6580.0 0.0
6590.0 0.0
6600.0 0.0
6610.0 0.0
6620.0 0.0
6630.0 0.0
6640.0 0.0
6650.0 0.0
6660.0 0.0
6670.0 0.0
6680.0 0.0
6690.0 0.0
6700.0 0.0
6710.0 0.0
6720.0 0.0
6730.0 0.0
6740.0 0.0
6750.0 0.0
6760.0 0.0
6770.0 0.0
6780.0 0.0
6790.0 0.0
6800.0 0.0
6810.0 0.0
6820.0 0.0
6830.0 0.0
6840.0 0.0
6850.0 0.0
6860.0 0.0
6870.0 0.0
6880.0 0.0
6890.0 0.0
6900.0 0.0
6910.0 0.0
6920.0 0.0
6930.0 0.0
6940.0 0.0
6950.0 0.0
6960.0 0.0
6970.0 0.0
6980.0 0.0
6990.0 0.0
6999.9306640625 0.0
7000.0 0.0
7000.9306640625 0.0
7001.9306640625 0.0
7010.0 0.0
7020.0 0.0
7030.0 0.0
7040.0 0.0
7050.0 0.0
7051.94384765625 0.0
7060.0 0.0
7070.0 0.0
7080.0 0.0
7090.0 0.0
7100.0 0.0
7101.95751953125 0.0
7110.0 0.0
7120.0 0.0
7130.0 0.0
7140.0 0.0
7150.0 0.0
7151.970703125 0.0
7160.0 0.0
7170.0 0.0
7180.0 0.0
7190.0 0.0
7200.0 0.0
7210.0 0.0
7220.0 0.0
7230.0 0.0
7240.0 0.0
7250.0 0.0
7251.998046875 0.0
7260.0 0.0
7270.0 0.0
7280.0 0.0
7290.0 0.0
7300.0 0.0
7302.01123046875 0.0
7310.0 0.0
7320.0 0.0
7330.0 0.0
7340.0 0.0
7350.0 0.0
7352.02490234375 0.0
7360.0 0.0
7370.0 0.0
7380.0 0.0
7390.0 0.0
7400.0 0.0
7402.0380859375 0.0
7410.0 0.0
7420.0 0.0
7430.0 0.0
7440.0 0.0
7450.0 0.0
7452.0517578125 0.0
7460.0 0.0
7470.0 0.0
7480.0 0.0
7490.0 0.0
7500.0 0.0
7502.0654296875 0.0
7510.0 0.0
7520.0 0.0
7530.0 0.0
7540.0 0.0
7550.0 0.0
7552.07861328125 0.0
7560.0 0.0
7570.0 0.0
7580.0 0.0
7590.0 0.0
7600.0 0.0
7602.09228515625 0.0
7610.0 0.0
7620.0 0.0
7630.0 0.0
7640.0 0.0
7650.0 0.0
7652.10595703125 0.0
7660.0 0.0
7670.0 0.0
7680.0 0.0
7690.0 0.0
7700.0 0.0
7702.119140625 0.0
7710.0 0.0
7720.0 0.0
7730.0 0.0
7740.0 0.0
7750.0 0.0
7752.1328125 0.0
7760.0 0.0
7770.0 0.0
7780.0 0.0
7790.0 0.0
7800.0 0.0
7802.14599609375 0.0
7810.0 0.0
7820.0 0.0
7830.0 0.0
7840.0 0.0
7850.0 0.0
7852.15966796875 0.0
7860.0 0.0
7870.0 0.0
7880.0 0.0
7890.0 0.0
7900.0 0.0
7902.17333984375 0.0
7910.0 0.0
7920.0 0.0
7930.0 0.0
7940.0 0.0
7950.0 0.0
7952.1865234375 0.0
7960.0 0.0
7970.0 0.0
7980.0 0.0
7990.0 0.0
7998.0 0.0
7999.0 0.0
8000.0 2.9417688981201213e-05
8010.0 2.9476512476552792e-05
8020.0 2.9539142778327596e-05
8030.0 2.9603849472090994e-05
8040.0 2.9665413220496504e-05
8050.0 2.9727523860881545e-05
8060.0 2.9789839019708265e-05
8070.0 2.985226154678118e-05
8080.0 2.9914844109055357e-05
8090.0 2.9977587137303594e-05
8100.0 3.0040385625570668e-05
8110.0 3.0103342582799917e-05
8120.0 3.0166360040203786e-05
8130.0 3.0229536445099728e-05
8140.0 3.0292821599126563e-05
8150.0 3.0356162440918222e-05
8160.0 3.0419667921823286e-05
8170.0 3.048328008812525e-05
8180.0 3.054695058496498e-05
8190.0 3.0670511112024573e-05
8200.0 3.0794426098492146e-05
8210.0 3.0912521207870915e-05
8220.0 3.103098148821973e-05
8230.0 3.1149765671740646e-05
8240.0 3.124667839799693e-05
8250.0 3.134378710106892e-05
8252.267578125 3.1365828112843187e-05
8260.0 3.1443481258182154e-05
8270.0 3.1544005056112065e-05
8280.0 3.1644757004907446e-05
8290.0 3.174566768032992e-05
8300.0 3.18466985482244e-05
8302.28125 3.18697825343234e-05
8310.0 3.194779116073465e-05
8320.0 3.20489975457742e-05
8330.0 3.215031749825522e-05
8340.0 3.225186531686108e-05
8350.0 3.235351884866028e-05
8360.0 3.245540057553336e-05
8370.0 3.2488538177316234e-05
8380.0 3.25216156917687e-05
8390.0 3.255474594488852e-05
8400.0 3.2587869930229474e-05
8410.0 3.2614610365526455e-05
8420.0 3.264130107191969e-05
8430.0 3.2668055634833145e-05
8440.0 3.269481725947758e-05
8450.0 3.272158096897665e-05
8452.322265625 3.272781052892981e-05
8460.0 3.2746567607065124e-05
8470.0 3.277100328164468e-05
8480.0 3.279554382692535e-05
8490.0 3.282051586337972e-05
8500.0 3.28463358884573e-05
8510.0 3.2892878829981725e-05
8520.0 3.29402455213615e-05
8530.0 3.298795912233392e-05
8540.0 3.303580718716584e-05
8550.0 3.304620684853366e-05
8552.3486328125 3.304864600569336e-05
8560.0 5.326502477716244e-05
8570.0 7.9701196587186e-05
8580.0 0.00010615353022903568
8590.0 0.0001326216971564936
8600.0 0.00015910519593804182
8602.3623046875 0.00016535741535335198
8610.0 0.00016032472469024685
8620.0 0.00015373339598478378
8630.0 0.00014713985761433064
8640.0 0.000140760659475716
8650.0 0.00013435906424568006
8660.0 0.00012793487861756449
8670.0 0.00012148856995014966
8680.0 0.00011502000682376916
8690.0 0.00010852920528773906
8700.0 0.00010201628452183776
8702.3896484375 0.00010045660220172222
8710.0 9.037703314316305e-05
8720.0 7.70940433025584e-05
8730.0 6.406784511175298e-05
8740.0 5.087266002029451e-05
8750.0 3.75074537583484e-05
8752.4033203125 3.426990741230226e-05
8760.0 4.489637754303898e-05
8770.0 5.903762689652927e-05
8780.0 7.335385699173069e-05
8790.0 8.784604904632982e-05
8800.0 0.00010251523887806725
8802.416015625 0.00010605028067663019
8810.0 0.00011182173549228043
8820.0 0.0001194927656154294
8830.0 0.00012723382502646314
8840.0 0.00013527266732351188
8850.0 0.00014340830014912217
8852.4296875 0.00014539969247900556
8860.0 0.00014058066303539163
8870.0 0.00013413572016396824
8880.0 0.00012759987566743282
8890.0 0.00012097293790131589
8900.0 0.00011425410754770985
8910.0 0.00010702094024085619
8920.0 9.97513776518089e-05
8930.0 9.25218389014384e-05
8940.0 8.517346767888196e-05
8950.0 7.778849327519784e-05
8952.45703125 7.598387682173576e-05
8960.0 8.191602011579422e-05
8970.0 8.975019469567135e-05
8980.0 9.770289949691064e-05
8990.0 0.0001056194089559345
9000.0 0.0001135735776971894
9002.470703125 0.00011550200922535517
9010.0 0.00013297076782481357
9020.0 0.00015608241115454464
9030.0 0.00017935036473547958
9040.0 0.00020266842320581342
9050.0 0.00022603536319804163
9052.484375 0.0002318963780564837
9060.0 0.00022833915613258934
9070.0 0.00022340730776510668
9080.0 0.00021864979071429318
9090.0 0.00021369803754878256
9100.0 0.00020873835985177623
9110.0 0.00020393954440759522
9120.0 0.00019895842253668462
9130.0 0.00019412978724006263
9140.0 0.00018912591348430494
9150.0 0.00018426634284138016
9160.0 0.00017923901488383473
9170.0 0.0001743472580103294
9180.0 0.00016929550324480344
9190.0 0.00016437055579918126
9200.0 0.0001592935232070046
9202.5244140625 0.00015801658887871115
9210.0 0.00014930669968797575
9220.0 0.00013751451249791293
9230.0 0.00012581718603026676
9240.0 0.0001140936819271069
9250.0 0.00010242408258518821
9260.0 9.062662982363636e-05
9270.0 7.886280887710415e-05
9280.0 6.69902043690113e-05
9290.0 5.513098025477244e-05
9300.0 4.3182411016256716e-05
9302.5517578125 4.013671628615978e-05
9310.0 6.414056857037296e-05
9320.0 9.641276833904347e-05
9330.0 0.00012888319236998224
9340.0 0.00016136284048460286
9350.0 0.00019409621239434502
9352.5654296875 0.00020247351425996526
9360.0 0.0001785820476412186
9370.0 0.00014649150646897698
9380.0 0.00011415964295874541
9390.0 8.180632640393973e-05
9400.0 4.9307658481418366e-05
9402.5791015625 4.08834649635844e-05
9410.0 4.0896542794948856e-05
9420.0 4.0948636019484104e-05
9430.0 4.0966187359224856e-05
9440.0 4.1041098902500734e-05
9450.0 4.108133931167892e-05
9452.5927734375 4.1100748469628015e-05
9460.0 4.725318615812063e-05
9470.0 5.558552045530868e-05
9480.0 6.38941705527159e-05
9490.0 7.227996671230392e-05
9500.0 8.06959892924436e-05
9510.0 8.905282065805562e-05
9520.0 9.7505195830251e-05
9530.0 0.00010589529602627237
9540.0 0.00011439507685769032
9550.0 0.00012292186571563496
9560.0 0.0001313641672310164
9570.0 0.00013993745125192143
9580.0 0.00014853722963130273
9590.0 0.00015703028650290176
9600.0 0.00016567537866411686
9602.6328125 0.00016793953783158927
9610.0 0.00018665360159405577
9620.0 0.00021192789931265393
9630.0 0.00023742074270777106
9640.0 0.00026307851345989833
9650.0 0.0002885695131735689
9652.646484375 0.0002953879060171056
9660.0 0.00028641558521131326
9670.0 0.0002741766520778836
9680.0 0.0002616729066837645
9690.0 0.0002493602026742809
9700.0 0.0002370060544845101
9710.0 0.00022441930797465756
9720.0 0.00021199319974425106
9730.0 0.00019952604458349854
9740.0 0.00018685931937407454
9750.0 0.00017432208614298782
9752.673828125 0.000170962901399603
9760.0 0.0001664469578898904
9770.0 0.000160264731118839
9780.0 0.00015393058516531335
9790.0 0.0001477127141172118
9800.0 0.00014147470846436326
9810.0 0.0001351462949980295
9820.0 0.00012869478742978037
9830.0 0.00012234568677643972
9840.0 0.00011604348136735644
9850.0 0.00010972235108231729
9860.0 0.0001032940299431376
9870.0 9.694107481275589e-05
9880.0 9.0569806486337e-05
9890.0 8.418054460994432e-05
9900.0 7.770711767649429e-05
9910.0 7.128839125205122e-05
9920.0 6.485251563127685e-05
9930.0 5.839983558431735e-05
9940.0 5.1930708364101946e-05
9950.0 4.540665682376578e-05
9952.7275390625 4.3636447266010355e-05
9960.0 6.271713748895887e-05
9970.0 8.900362698970994e-05
9980.0 0.00011534638182881703
9990.0 0.00014174360571451056
10000.0 0.00016804968299475472
10002.7412109375 0.00017532982072285171
10010.0 0.00017234590882345556
10020.0 0.00016822048352197025
10030.0 0.0001640787288179192
10040.0 0.00015992102311783484
10050.0 0.00015561386862183896
10060.0 0.00015142818400542272
10070.0 0.00014722711239080615
10080.0 0.0001430108532118398
10090.0 0.000138779572896658
10100.0 0.00013453362942519994
10102.7685546875 0.00013335531002198482
10110.0 0.00012705928065295092
10120.0 0.00011822790579472788
10130.0 0.0001094789601499651
10140.0 0.00010070380176287479
10150.0 9.190275881042861e-05
10152.7822265625 8.944949832305095e-05
10160.0 9.600136474530123e-05
10170.0 0.00010509832590982921
10180.0 0.00011421792430333536
10190.0 0.0001232544053697404
10200.0 0.00013241093254037892
10210.0 0.00014159893496354064
10220.0 0.0001508101227768438
10230.0 0.00016004383492336516
10240.0 0.0001692999615976618
10250.0 0.000178578209971597
10252.80859375 0.00018118791350656298
10260.0 0.0001748335568145614
10270.0 0.0001659755412582094
10280.0 0.00015709271420154242
10290.0 0.00014805803198981584
10300.0 0.0001391340131955179
10302.8232421875 0.0001366100941852496
10310.0 0.00013019237795209112
10320.0 0.0001212293978091075
10330.0 0.00011224282637287104
10340.0 0.00010323303603468331
10350.0 9.420035851826888e-05
10352.8359375 9.163449700272456e-05
10360.0 9.828219018062237e-05
10370.0 0.0001075795735934393
10380.0 0.00011689799399042824
10390.0 0.00012623761284382453
10400.0 0.00013559793955056967
10402.849609375 0.00013827042651925374
10410.0 0.00015158603947702673
10420.0 0.0001702454417443044
10430.0 0.0001889478217225505
10440.0 0.00020769313652195946
10450.0 0.0002264811554638692
10452.86328125 0.00023181119962251232
10460.0 0.00020539619516840222
10470.0 0.00016850801502384756
10480.0 0.00013153303428582567
10490.0 9.44715791460999e-05
10500.0 5.7324193495557497e-05
10502.876953125 4.6610341723353305e-05
10510.0 4.662127140678048e-05
10520.0 4.6636483929581316e-05
10530.0 4.6651509754598935e-05
10540.0 4.666641051385954e-05
10550.0 4.6681111236381945e-05
10560.0 4.669569317783931e-05
10570.0 4.671021154359018e-05
10580.0 4.672453603599589e-05
10590.0 4.673879677789269e-05
10600.0 4.675299674471321e-05
10610.0 4.676370949761713e-05
10620.0 4.677436112079077e-05
10630.0 4.6784955092657026e-05
10640.0 4.679554325386984e-05
10650.0 4.680606716980558e-05
10660.0 4.681658827572851e-05
10670.0 4.6827123183610194e-05
10680.0 4.683764921856061e-05
10690.0 4.6888491170187065e-05
10700.0 4.689909932709882e-05
10710.0 4.690970165702463e-05
10720.0 4.692036679842046e-05
10730.0 4.693110438602469e-05
10740.0 4.6941901334567736e-05
10750.0 4.695276120289122e-05
10760.0 4.696375576161684e-05
10770.0 4.697487548142165e-05
10780.0 4.6986064361921067e-05
10790.0 4.699744726302569e-05
10800.0 4.700895506237089e-05
10810.0 4.7022811478633785e-05
10820.0 4.703686930159581e-05
10830.0 4.7051112484897394e-05
10840.0 4.7065492080032454e-05
10850.0 4.708013574927855e-05
10860.0 4.709497179266346e-05
10870.0 4.7150578002547714e-05
10880.0 4.716594670242802e-05
10890.0 4.718150796904221e-05
10900.0 4.719740346732874e-05
10902.986328125 4.720220780989979e-05
10910.0 6.0447990777647715e-05
10920.0 7.934529222382045e-05
10930.0 9.825659667768311e-05
10940.0 0.00011718228149269671
10950.0 0.0001361227184376639
10952.9990234375 0.00014180598199622574
10960.0 0.00014184575084758334
10970.0 0.00014190375143232112
10980.0 0.000142084882451637
10990.0 0.00014214527363555035
11000.0 0.0001421776922329409
11010.0 0.0001422274718760296
11020.0 0.0001422772649731346
11030.0 0.00014232707152695163
11040.0 0.00014237689154017696
11050.0 0.0001424267250155071
11060.0 0.00014247657195563918
11070.0 0.00014264877836953345
11080.0 0.0001426986950595592
11090.0 0.00014274862523404512
11100.0 0.00014279856889569213
11103.0400390625 0.00014281375463764202
11110.0 0.00016271873086802922
11120.0 0.00019133386772011084
11130.0 0.00021996772841110108
11140.0 0.0002486203197887547
11150.0 0.00027752947426370843
11153.052734375 0.0002862933136439534
11160.0 0.0002764124614601668
11170.0 0.00026218188716220026
11180.0 0.000247941957122967
11190.0 0.000233692667916521
11200.0 0.00021943401611613952
11210.0 0.00020535251391319367
11220.0 0.00019107211955385328
11230.0 0.00017678084785261033
11240.0 0.00016247869468473722
11250.0 0.00014816565592484977
11253.080078125 0.00014375493475149255
11260.0 0.00013053182739370008
11270.0 0.00011141078902311096
11280.0 9.23542296509791e-05
11290.0 7.318773447165383e-05
11300.0 5.400668838622508e-05
11303.09375 4.806960419683736e-05
11310.0 5.14026204214442e-05
11320.0 5.6231792047568134e-05
11330.0 6.106461419434302e-05
11340.0 6.595745805313528e-05
11350.0 7.080172547939272e-05
11360.0 7.564965069143709e-05
11370.0 8.050123507057002e-05
11380.0 8.535647999831186e-05
11390.0 9.029249763070515e-05
11400.0 9.515922403834761e-05
11403.12109375 9.668111654865894e-05
11410.0 0.00010003488483198347
11420.0 0.00010491401413803364
11430.0 0.00010979751882360464
11440.0 0.00011468540094128811
11450.0 0.0001196797831675889
11460.0 0.00012458060809571018
11470.0 0.00012948582036032016
11480.0 0.00013439542201774209
11490.0 0.00013930941512479408
11500.0 0.0001443508540783765
11503.1484375 0.00014589917128496682
11510.0 0.00013260753203492558
11520.0 0.00011319508418239451
11530.0 9.376717866195185e-05
11540.0 7.43238097604495e-05
11550.0 5.4911747157608295e-05
11553.162109375 4.8750181115244444e-05
11560.0 5.876518897321581e-05
11570.0 7.34213154869436e-05
11580.0 8.808906891096064e-05
11590.0 0.00010276845353485545
11600.0 0.00011755951705400141
11610.0 0.00013227550518281865
11620.0 0.00014700332619084475
11630.0 0.00016174298443941118
11640.0 0.00017664469938738294
11650.0 0.00019142061034019167
11653.189453125 0.00019613581233645985
11660.0 0.00018951063464251852
11670.0 0.00017977619292803312
11680.0 0.00017003387106196826
11690.0 0.00016041996813880645
11700.0 0.0001506535791575766
11703.203125 0.00014752361325460282
11710.0 0.00015090628626171398
11720.0 0.00015588642776843164
11730.0 0.00016100721038783022
11740.0 0.0001659995361515803
11750.0 0.00017099584077874923
11760.0 0.0001759961257292793
11770.0 0.00018100039246326963
11780.0 0.0001861665518967054
11790.0 0.00019118304164561842
11800.0 0.00019620352094322925
11803.23046875 0.0001978174614052532
11810.0 0.00017777010205878086
11820.0 0.00014826848515156233
11830.0 0.0001186003923979814
11840.0 8.891659077762491e-05
11850.0 5.921707779248543e-05
11853.2431640625 4.959529194265738e-05
11860.0 6.975797929515239e-05
11870.0 9.956958103566298e-05
11880.0 0.00012939693317852495
11890.0 0.0001592400382250338
11900.0 0.0001892590237703703
11903.2568359375 0.0001989952038142424
11910.0 0.0002124314333039912
11920.0 0.00023236593112849769
11930.0 0.000252310934147055
11940.0 0.00027226644402532493
11950.0 0.0002924796800865775
11953.26953125 0.0002990154363774747
11960.0 0.0002856511016498452
11970.0 0.0002657858366693573
11980.0 0.0002459100558433295
11990.0 0.00022621482624787925
12000.0 0.0002063011889874684
12003.2841796875 0.0001997669408436809
12010.0 0.00018639961997090547
12020.0 0.00016648250541037539
12030.0 0.00014667373159920979
12040.0 0.00012670891306408843
12050.0 0.00010672864375580355
12053.2978515625 0.00010013605856717793
12060.0 9.345470538395474e-05
12070.0 8.35497374119733e-05
12080.0 7.355817343197896e-05
12090.0 6.355887882246721e-05
12100.0 5.355185054192602e-05
12103.310546875 5.025129613347015e-05
12110.0 5.0294631170280906e-05
12120.0 5.0317057934663604e-05
12130.0 5.0339492113534276e-05
12140.0 5.0361933708516484e-05
12150.0 5.0426826469642406e-05
12153.3251953125 5.043429913813479e-05
12160.0 7.736167099713418e-05
12170.0 0.00011772941767319346
12180.0 0.00015812828113988806
12190.0 0.00019872541802492733
12200.0 0.0002392206115161682
12203.337890625 0.00025273665869040706
12210.0 0.0002258500642492896
12220.0 0.00018562881553649694
12230.0 0.00014519385563508322
12240.0 0.00010473513614373556
12250.0 6.425265019401861e-05
12253.3515625 5.069364573934385e-05
12260.0 5.073117900035579e-05
12270.0 5.0745050530028407e-05
12280.0 5.07589243313521e-05
12290.0 5.077280040446266e-05
12300.0 5.082932279035547e-05
12310.0 5.084321506258212e-05
12320.0 5.085710960891078e-05
12330.0 5.0871006429477225e-05
12340.0 5.09275911083782e-05
12350.0 5.0941504139204896e-05
12353.37890625 5.094620573644993e-05
12360.0 5.660465757390693e-05
12370.0 6.515491510097436e-05
12380.0 7.377196706035735e-05
12390.0 8.233941373973754e-05
12400.0 9.091187348523684e-05
12410.0 9.950127342202171e-05
12420.0 0.0001081882829579402
12430.0 0.00011679903408148739
12439.40234375 0.00012490161853461712
12440.0 0.00012612837554874256
12441.4033203125 0.00012900908654500394
12443.404296875 0.0002866706861730318
12445.404296875 0.00029079219854014255
12447.4052734375 0.00019251140632020402
12449.4052734375 0.00024780587344697694
12450.0 0.00024903013698541386
12451.40625 0.0002519548293386381
12453.40625 0.0004097787107713536
12455.4072265625 0.00025823282879431487
12457.4072265625 0.0002603485477827767
12459.408203125 0.0005698630358946141
12460.0 0.0005553337328050686
12461.408203125 0.0005206907492593349
12463.4091796875 0.000625393467991434
12465.41015625 0.0007814215437197986
12467.41015625 0.0007835384949723116
12469.4111328125 0.0010417253036450514
12470.0 0.0011632323323570437
12471.4111328125 0.0014544299067822742
12473.412109375 0.0018666896839057753
12475.412109375 0.002228201394063536
12477.4130859375 0.002794593121374776
12479.4130859375 0.0035150913522303037
12480.0 0.0038015875754522084
12481.4140625 0.004491904971841614
12483.4140625 0.006341250676805594
12485.4150390625 0.008447140113719062
12487.4150390625 0.01147775960452991
12489.416015625 0.015484697734797246
12490.0 0.017102430215640247
12491.4169921875 0.021030546197835127
12493.4169921875 0.02848619032031545
12495.41796875 0.03917315335274461
12497.41796875 0.05269286989152247
12499.4189453125 0.07101172350498511
12500.0 0.07745607745734356
12501.4189453125 0.09318319716095677
12503.419921875 0.12028899169792813
12505.419921875 0.15063686486952754
12507.4208984375 0.18561584676780754
12509.4208984375 0.22327194901277725
12510.0 0.23397699733905472
12511.421875 0.2602622129147064
12513.4228515625 0.29504347662110936
12515.4228515625 0.3295700990484175
12517.423828125 0.3582350332721452
12519.423828125 0.38232371089672984
12520.0 0.3878234224683434
12521.4248046875 0.4014240641226472
12523.4248046875 0.41568979716344073
12525.42578125 0.42573778083713754
12527.42578125 0.43264807976692976
12529.4267578125 0.43734642524479994
12530.0 0.4382654440176724
12531.4267578125 0.4406054066168621
12533.427734375 0.4428058323252156
12535.4287109375 0.4451615736036216
12537.4287109375 0.44700323478120535
12539.4296875 0.4488971971716415
12540.0 0.4493492704534649
12541.4296875 0.45042901961058457
12543.4306640625 0.45219714171061304
12545.4306640625 0.4536048008012014
12547.431640625 0.45470351994469355
12549.431640625 0.4557507284627766
12550.0 0.4561652663438877
12551.4326171875 0.45721019631049054
12553.4326171875 0.45861827546863504
12555.43359375 0.45940817278824675
12557.4345703125 0.4600950793952746
12559.4345703125 0.4608851103011236
12560.0 0.46103556702909415
12561.435546875 0.4614728625714563
12563.435546875 0.4618763282202994
12565.4365234375 0.4621768944674809
12567.4365234375 0.46263216583891265
12569.4384765625 0.46303617169049016
12570.0 0.46309165491961096
12571.4384765625 0.46317823374940675
12573.439453125 0.4631954925601025
12575.439453125 0.4629033045238516
12577.4404296875 0.4626625873361442
12579.4404296875 0.46257663746019156
12580.0 0.462595882201896
12581.44140625 0.4626454559834702
12583.4423828125 0.46255953546963713
12585.4423828125 0.4627830924404636
12587.443359375 0.46280032338350413
12589.443359375 0.4626111884389547
12590.0 0.4626016162079516
12591.4443359375 0.46257677695406746
12593.4443359375 0.46243918270443524
12595.4453125 0.46230158409904176
12597.4453125 0.46200914934565107
12599.4462890625 0.4618715525073815
12600.0 0.4618191473952626
12601.4462890625 0.4617351297886677
12603.447265625 0.46120602377596476
12605.4482421875 0.4608831523666421
12607.4482421875 0.4605084336613293
12609.44921875 0.46018523555944885
12610.0 0.4600961899387975
12611.44921875 0.45980630267289385
12613.4501953125 0.45925127924539283
12615.4501953125 0.45859289166774747
12617.451171875 0.45803776459074763
12619.451171875 0.4572242726897825
12620.0 0.4569869795803388
12621.4521484375 0.45635910524662143
12623.4521484375 0.45554554771764943
12625.453125 0.4545252374002131
12627.4541015625 0.4530398619944508
12629.4541015625 0.4510377028172086
12630.0 0.4503645798105493
12631.455078125 0.44857033572422006
12633.455078125 0.44532772246746444
12635.4560546875 0.4417232231529756
12637.4560546875 0.4373950133241233
12639.45703125 0.4318262786775709
12640.0 0.429893495535424
12641.45703125 0.424758376877585
12643.4580078125 0.41631143418195315
12645.4580078125 0.40599971173662625
12647.458984375 0.3935118903505909
12649.458984375 0.3779155192628216
12650.0 0.3728444171711943
12651.4599609375 0.3591134313406557
12653.4609375 0.3365168492317406
12655.4609375 0.3141775732898667
12657.4619140625 0.28650836223098436
12659.4619140625 0.25759590726270787
12660.0 0.24886074374174078
12661.462890625 0.22511183266312626
12663.462890625 0.1938159272094817
12665.4638671875 0.16189734297536407
12667.4638671875 0.13380584397605655
12669.46484375 0.10793773334683546
12670.0 0.1021095466251654
12671.46484375 0.08615602412521098
12673.4658203125 0.06654643958445469
12675.466796875 0.05153097966911243
12677.466796875 0.03922635051949991
12679.4677734375 0.029456829606040843
12680.0 0.02740643153903986
12681.4677734375 0.021754344212734884
12683.46875 0.01632800225213959
12685.46875 0.012142243549361163
12687.4697265625 0.00914600652076548
12689.4697265625 0.006661415433845602
12690.0 0.0063062059053732395
12691.470703125 0.005320195813178556
12693.470703125 0.003976014110698789
12695.4716796875 0.0029425934646934737
12697.47265625 0.0023753834522812264
12699.47265625 0.0018081407191450705
12700.0 0.0017404301446495415
12701.4736328125 0.0015512112957666107
12703.4736328125 0.0014497037284394495
12705.474609375 0.0010336819156180036
12707.474609375 0.0009280085553511919
12709.4755859375 0.0008223291680053072
12710.0 0.0007538579969205504
12711.4755859375 0.0005611896660047625
12713.4765625 0.0004039851746568949
12715.4765625 0.00024651261903172047
12717.4775390625 0.00024444675988509587
12719.478515625 0.0003460287627541483
12720.0 0.00031847873660746255
12721.478515625 0.00024039607237300124
12730.0 0.00023177118458978486
12740.0 0.0002214471344282589
12750.0 0.00021112011860243104
12753.48828125 0.0002075170677121739
12760.0 0.00020077924193499122
12770.0 0.0001904295620925261
12780.0 0.00018022661462268035
12790.0 0.00016986239920137403
12800.0 0.00015949522077840706
12803.5009765625 0.00015585598178569925
12810.0 0.00014910226611973974
12820.0 0.0001388259778169469
12830.0 0.00012842632095294286
12840.0 0.0001180271424664482
12850.0 0.00010762844441748885
12860.0 9.731091200171616e-05
12870.0 8.690455281188169e-05
12880.0 7.64986806444528e-05
12890.0 6.609329756182425e-05
12900.0 5.573458390956778e-05
12903.5283203125 5.206047821674351e-05
12910.0 5.205866130548181e-05
12920.0 5.205585105257846e-05
12930.0 5.205303743314297e-05
12940.0 5.209334095030116e-05
12950.0 5.209051826162278e-05
12960.0 5.208769220393899e-05
12970.0 5.208486277735533e-05
12980.0 5.208202998197757e-05
12990.0 5.212230774991953e-05
13000.0 5.211946586655502e-05
13003.5556640625 5.212476624116444e-05
13010.0 5.213739854344799e-05
13020.0 5.215700564446902e-05
13030.0 5.2219777590086426e-05
13040.0 5.2239412897331e-05
13050.0 5.22590542006522e-05
13053.5693359375 5.226606629396117e-05
13060.0 5.563753615341845e-05
13070.0 6.088305427825389e-05
13080.0 6.618653007864304e-05
13090.0 7.144300408641416e-05
13100.0 7.670279043415308e-05
13110.0 8.196589032944127e-05
13120.0 8.723230498014576e-05
13130.0 9.257842400138945e-05
13140.0 9.785582628341398e-05
13150.0 0.000103136549686497
13153.595703125 0.00010503615306686908
13160.0 0.00011178024237438115
13170.0 0.00012241718033287007
13180.0 0.00013296852946686121
13190.0 0.00014352652442899575
13200.0 0.00015409116764086533
13203.6103515625 0.00015789513085862333
13210.0 0.00016463171609128378
13220.0 0.00017532093860580535
13230.0 0.00018587670789296836
13240.0 0.00019643473709744075
13250.0 0.00020699502644082465
13260.0 0.0002175575761447261
13270.0 0.00022812238643075532
13280.0 0.00023888608076114788
13290.0 0.00024946411948759524
13300.0 0.00026004442132375444
13303.63671875 0.00026389274074490086
13310.0 0.00025047936369573
13320.0 0.00022939632434975743
13330.0 0.00020848019849335642
13340.0 0.00018737075698101521
13350.0 0.00016625678923844127
13360.0 0.00014513829482172457
13370.0 0.00012401527328694705
13380.0 0.00010288772419018232
13390.0 8.182288349387858e-05
13400.0 6.066889505156905e-05
13403.6640625 5.29062697891007e-05
13410.0 5.95948511424e-05
13420.0 7.01438840966447e-05
13430.0 8.06836809867434e-05
13440.0 9.121424221146364e-05
13450.0 0.00010181916744801316
13453.677734375 0.00010568948668087634
13460.0 0.00013236625123265306
13470.0 0.0001745310362789831
13480.0 0.0002166588680607444
13490.0 0.0002587497481758533
13500.0 0.0003008036782229573
13503.6923828125 0.0003164028053751717
13510.0 0.0003147896666393849
13520.0 0.00031197503145131446
13530.0 0.0003091634431940525
13540.0 0.0003063549007592424
13550.0 0.00030354940303871326
13560.0 0.0003007469489244798
13570.0 0.00029794753730874194
13580.0 0.00029539330405180876
13590.0 0.0002925976825103122
13600.0 0.0002898051026383147
13610.0 0.00028647404276893954
13620.0 0.0002831566219740668
13630.0 0.0002798528200966286
13640.0 0.0002765626169693373
13650.0 0.00027328599241469503
13660.0 0.00027024424046537433
13670.0 0.00026699204912832513
13680.0 0.0002637533868497626
13690.0 0.00026052823339486365
13700.0 0.00025731656851863007
13710.0 0.00025411837196589787
13720.0 0.00025093362347134644
13730.0 0.00024776230275950616
13740.0 0.0002446043895447689
13750.0 0.00024165762860562658
13760.0 0.0002385239049459462
13770.0 0.00023540353879716587
13780.0 0.0002322965098165601
13790.0 0.00022920279765129985
13800.0 0.0002261223819384618
13810.0 0.00022318450726295836
13820.0 0.00022025687354155295
13830.0 0.00021733946410470057
13840.0 0.00021528523880379579
13850.0 0.00021322132698313895
13860.0 0.0002113205132322241
13870.0 0.0002092354870866216
13880.0 0.0002071407301230602
13890.0 0.00020503623023680832
13900.0 0.00020292197533260963
13903.7998046875 0.00020211603965090432
13910.0 0.0001961024451683682
13920.0 0.00018637099475562327
13930.0 0.00017659949087193717
13940.0 0.0001667878859271436
13950.0 0.00015693613236882645
13953.814453125 0.00015316763914282727
13960.0 0.00015335571362491202
13970.0 0.00015365996020601997
13980.0 0.00015396444372099265
13990.0 0.0001542691640281356
14000.0 0.0001545741209857708
14010.0 0.00015472793948190876
14020.0 0.000154881805490472
14030.0 0.00015503571895567343
14040.0 0.00015518967982169142
14050.0 0.00015534368803266988
14060.0 0.00015549774353271805
14070.0 0.00015565184626591087
14080.0 0.00015593338350021157
14090.0 0.00015608770660361135
14100.0 0.00015624207681065437
14103.85546875 0.00015630160633088155
14110.0 0.00016279708745396343
14120.0 0.00017338489302092737
14130.0 0.00018399332976632752
14140.0 0.0001946224069987277
14150.0 0.00020527213401167068
14160.0 0.00021594252008366683
14170.0 0.00022663357447818227
14180.0 0.00023734530644362812
14190.0 0.000248077725213348
14200.0 0.000258619392223761
14203.8818359375 0.0002627030119006609
14210.0 0.00024343281566885356
14220.0 0.00021193243719688171
14230.0 0.0001804274991672366
14240.0 0.00014891801078265916
14250.0 0.0001174039812493879
14253.89453125 0.00010512951728212171
14260.0 9.871770705019187e-05
14270.0 8.821473850287659e-05
14280.0 7.771025857887347e-05
14290.0 6.720427034973253e-05
14300.0 5.669677688816935e-05
14303.9091796875 5.2588800329857825e-05
14310.0 5.2591078205186974e-05
14320.0 5.259481392699427e-05
14330.0 5.259854451663444e-05
14340.0 5.2602269972650845e-05
14350.0 5.260599029358694e-05
14360.0 5.260970547798629e-05
14370.0 5.261341552439268e-05
14380.0 5.261712043135e-05
14390.0 5.262082019740225e-05
14400.0 5.258148377298819e-05
14403.935546875 5.257901463440815e-05
14410.0 7.170382332909597e-05
14420.0 0.00010323368768012864
14430.0 0.00013475601318609017
14440.0 0.00016627079513020364
14450.0 0.00019777802879577416
14453.9501953125 0.00021022192065479133
14460.0 0.0002165652280579858
14470.0 0.00022704834425327333
14480.0 0.00023752893204639143
14490.0 0.00024800698986493286
14500.0 0.0002584825161365181
14503.962890625 0.0002625966647282992
14510.0 0.00024350492166325255
14520.0 0.00021207834651571538
14530.0 0.00018062986181825662
14540.0 0.00014915946290555894
14550.0 0.00011766714511256463
14553.9765625 0.00010513793596759812
14560.0 9.882755959891264e-05
14570.0 8.834533853230223e-05
14580.0 7.779205440650579e-05
14590.0 6.730382066903669e-05
14600.0 5.680828610426139e-05
14603.9912109375 5.261492602945538e-05
14610.0 5.2621760114119735e-05
14620.0 5.2633132933079816e-05
14630.0 5.264450492518101e-05
14640.0 5.265587609031449e-05
14650.0 5.262407453793226e-05
14660.0 5.263543472909754e-05
14670.0 5.2646794093647064e-05
14680.0 5.265815263147216e-05
14690.0 5.2669510342464326e-05
14700.0 5.268086722651496e-05
14704.017578125 5.2668066913850096e-05
14710.0 5.265152137673258e-05
14720.0 5.26670824538251e-05
14730.0 5.2682644688904876e-05
14740.0 5.2698208081784146e-05
14750.0 5.271377263227508e-05
14754.03125 5.270259769711248e-05
14760.0 5.268415743472541e-05
14770.0 5.269654862192773e-05
14780.0 5.270893947802707e-05
14790.0 5.272133000289535e-05
14800.0 5.269038725958062e-05
14804.044921875 5.2693249970903994e-05
14810.0 5.68788795851713e-05
14820.0 6.390905453984732e-05
14830.0 7.094111156345929e-05
14840.0 7.791093015266074e-05
14850.0 8.494096290730906e-05
14860.0 9.197287339464092e-05
14870.0 9.900666068538663e-05
14880.0 0.000105955042141522
14890.0 0.00011298678776887373
14900.0 0.00012002040587015998
14910.0 0.0001270558955174101
14920.0 0.00013398280805768076
14930.0 0.0001410162400564503
14940.0 0.00014805153927884105
14950.0 0.00015508870479818043
14954.0859375 0.00015791137133607707
14960.0 0.00014540474137515432
14970.0 0.00012438323104116677
14980.0 0.00010335610685492042
14990.0 8.225544484829621e-05
15000.0 6.123446047492455e-05
15004.0986328125 5.260678225832564e-05
15010.0 5.8799632124603906e-05
15020.0 6.923056435087927e-05
15030.0 7.970278499768162e-05
15040.0 9.01677451148128e-05
15050.0 0.00010054228143368651
15060.0 0.0001109840897798573
15070.0 0.00012141865001478673
15080.0 0.00013173690544647236
15090.0 0.00014214835672072407
15100.0 0.0001525525722893599
15104.1259765625 0.00015678965253572834
15110.0 0.00014441514361001828
15120.0 0.00012348997030216702
15130.0 0.00010257927565762065
15140.0 8.161537779942623e-05
15150.0 6.075092901808185e-05
15154.1396484375 5.2118011136210055e-05
15160.0 8.873959607138826e-05
15170.0 0.00015107028323034592
15180.0 0.00021343124590771605
15190.0 0.0002755200725018627
15200.0 0.0003377427893119055
15204.154296875 0.0003635667836431599
15210.0 0.00033313456052535406
15220.0 0.00028087729713799765
15230.0 0.00022894131286459456
15240.0 0.00017690272176466303
15250.0 0.0001250989244719818
15254.1669921875 0.00010352545250991739
15260.0 0.00010148727066050276
15270.0 9.791387687453004e-05
15280.0 9.442789398960088e-05
15290.0 9.086916589650735e-05
15300.0 8.739202628254054e-05
15310.0 8.38479202979845e-05
15320.0 8.037960902609464e-05
15330.0 7.685010936315826e-05
15340.0 7.339061117493675e-05
15350.0 6.987569965831017e-05
15360.0 6.642499896817146e-05
15370.0 6.297725125940158e-05
15380.0 5.948271815456045e-05
15390.0 5.604374792151713e-05
15400.0 5.25637409881563e-05
15404.2080078125 5.112105387098205e-05
15410.0 5.5054994260821256e-05
15420.0 6.179119867341216e-05
15430.0 6.856832141757902e-05
15440.0 7.527718912660651e-05
15450.0 8.203834015090769e-05
15460.0 8.871992226006418e-05
15470.0 9.538503526361772e-05
15480.0 0.00010211944883108794
15490.0 0.0001087573458438522
15500.0 0.0001154758550247791
15510.0 0.00012211934444702013
15520.0 0.00012885837514981115
15530.0 0.0001354818567921478
15540.0 0.00014221221844315187
15550.0 0.00014881571744490926
15554.2490234375 0.00015161767050208232
15560.0 0.00014573002654186235
15570.0 0.00013562193677910141
15580.0 0.00012541025652613183
15590.0 0.00011531517798355716
15600.0 0.00010513355458679673
15604.26171875 0.00010083429608311537
15610.0 0.00010371386996300918
15620.0 0.00010863891041878547
15630.0 0.00011355383357002144
15640.0 0.00011855892958410091
15650.0 0.00012345783016403985
15660.0 0.00012834661324965816
15670.0 0.000133338286895332
15680.0 0.00013821109065960562
15690.0 0.00014319523521748873
15700.0 0.00014805204350124015
15704.2900390625 0.00015013254385565932
15710.0 0.00013862475456760198
15720.0 0.00011860353288383694
15730.0 9.850513707565144e-05
15740.0 7.844733378827601e-05
15750.0 5.847987856362104e-05
15754.302734375 4.987216996652476e-05
15760.0 5.268249660571535e-05
15770.0 5.760731391350694e-05
15780.0 6.25220227948959e-05
15790.0 6.748419832190478e-05
15800.0 7.238291718409911e-05
15810.0 7.727459799763968e-05
15820.0 8.222684980613004e-05
15830.0 8.710335115174929e-05
15840.0 9.197013765109705e-05
15850.0 9.6827230696681e-05
15860.0 0.00010176181770639263
15870.0 0.00010660373161870409
15880.0 0.00011143595049452967
15890.0 0.00011625848936505359
15900.0 0.00012117543551548608
15910.0 0.00012598281184824893
15920.0 0.00013078050458057564
15930.0 0.00013556853075824576
15940.0 0.00014034686617062203
15950.0 0.00014524074075057252
15954.3583984375 0.00014731793214698295
15960.0 0.00015829536576346715
15970.0 0.00017772307594644783
15980.0 0.00019711207434929435
15990.0 0.00021646239578300324
16000.0 0.0002359781529922933
16004.37109375 0.0002444189408521666
16010.0 0.00024154197523882368
16020.0 0.0002364382178281426
16030.0 0.00023134374316502782
16040.0 0.00022625857480689502
16050.0 0.00022118273428608622
16060.0 0.00021630410979623271
16070.0 0.00021124261350515913
16080.0 0.00020619044010890004
16090.0 0.0002011475449304182
16100.0 0.00019611394847678023
16104.3984375 0.00019390290551566305
16110.0 0.0001829514333893108
16120.0 0.00016342965792490315
16130.0 0.00014394505543242046
16140.0 0.0001244975881885445
16150.0 0.00010508726748723514
16154.412109375 9.657234295071394e-05
16160.0 0.00010195688816713119
16170.0 0.00011149396693423674
16180.0 0.00012101248338494108
16190.0 0.00013051246472858222
16200.0 0.0001399938875640792
16204.42578125 0.00014417253502912861
16210.0 0.0001440801634117541
16220.0 0.00014391452335482183
16230.0 0.00014374894146003595
16240.0 0.000143583432821562
16250.0 0.00014341801251722548
16254.439453125 0.00014334459172053257
16260.0 0.0001326343586315131
16270.0 0.00011340759781882245
16280.0 9.422493777646131e-05
16290.0 7.508636318934339e-05
16300.0 5.599185069857481e-05
16304.453125 4.750299202166871e-05
16310.0 4.74740698522889e-05
16320.0 4.742194732467303e-05
16330.0 4.7369837564075726e-05
16340.0 4.731774559248899e-05
16350.0 4.726567642766787e-05
16354.4658203125 4.7242426779367305e-05
16360.0 5.2431941778155366e-05
16370.0 6.173702251800731e-05
16380.0 7.106694988598716e-05
16390.0 8.037501964991082e-05
16400.0 8.966123026236738e-05
16404.48046875 9.383959136743664e-05
16410.0 9.510445174024131e-05
16420.0 9.739389565427844e-05
16430.0 9.968055919614881e-05
16440.0 0.00010196444856570724
16450.0 0.00010424553745644324
16460.0 0.00010642795772637953
16470.0 0.00010870131662189331
16480.0 0.00011097188217814071
16490.0 0.00011323962606263123
16500.0 0.00011550455525369175
16510.0 0.00011776667775231324
16520.0 0.00012002596370272322
16530.0 0.00012217156540100774
16540.0 0.0001244230435771244
16550.0 0.00012667169597221274
16560.0 0.00012891749069573053
16570.0 0.00013116045077054037
16580.0 0.00013327893273340274
16590.0 0.00013551402941184705
16600.0 0.0001377462473364094
16604.533203125 0.0001385981507991871
16610.0 0.0001349999297814146
16620.0 0.00012833073595197226
16630.0 0.00012182427559107339
16640.0 0.00011535689130394382
16650.0 0.00010892849812044294
16660.0 0.00010244462423282293
16670.0 9.609961643587143e-05
16680.0 8.979321972667206e-05
16690.0 8.34482166290537e-05
16700.0 7.722441962315212e-05
16710.0 7.103889755743944e-05
16720.0 6.483138107051994e-05
16730.0 5.8727673799249145e-05
16740.0 5.266187282693078e-05
16750.0 4.659049884818809e-05
16754.57421875 4.384826838350114e-05
16760.0 4.6149030737579984e-05
16770.0 5.036809398543297e-05
16780.0 5.450857730414004e-05
16790.0 5.8668505842492914e-05
16800.0 6.274218056147836e-05
16810.0 6.684625516285095e-05
16820.0 7.092334834392202e-05
16830.0 7.490304314158786e-05
16840.0 7.89225043216036e-05
16850.0 8.283703049145611e-05
16854.6015625 8.466355571811695e-05
16860.0 8.451508681805908e-05
16870.0 8.416079607521347e-05
16880.0 8.388676980716042e-05
16890.0 8.361320700237668e-05
16900.0 8.32610427800178e-05
16910.0 8.298859923154141e-05
16920.0 8.263790230371578e-05
16930.0 8.236656702853898e-05
16940.0 8.201735428578884e-05
16950.0 8.17471164113893e-05
16954.630859375 8.158598008993919e-05
16960.0 8.577329027714776e-05
16970.0 9.352003608278742e-05
16980.0 0.00010129648380578579
16990.0 0.00010891579106688349
17000.0 0.00011658024319496942
17004.642578125 0.00012002470364250266
17010.0 0.00011542715685050287
17020.0 0.00010701154752527448
17030.0 9.856588788093268e-05
17040.0 9.020126255796754e-05
17050.0 8.199695131497132e-05
17054.65625 7.816355033799526e-05
17060.0 7.79521046826229e-05
17070.0 7.763282587571019e-05
17080.0 7.723879539707063e-05
17090.0 7.684583591445369e-05
17100.0 7.6528822703018e-05
17110.0 7.613776646965503e-05
17120.0 7.574777915700238e-05
17130.0 7.543302676124995e-05
17140.0 7.504493890916368e-05
17150.0 7.465791790291627e-05
17154.68359375 7.45114833604487e-05
17160.0 7.302814843186849e-05
17170.0 7.018493110139636e-05
17180.0 6.736835927456342e-05
17190.0 6.464251435876487e-05
17200.0 6.187628779640331e-05
17210.0 5.8657969662604386e-05
17220.0 5.5507159463463785e-05
17230.0 5.2475942292991365e-05
17240.0 4.945606675312745e-05
17250.0 4.650259160415327e-05
17260.0 4.361513691531708e-05
17270.0 4.079331209622189e-05
17280.0 3.8075157954602174e-05
17290.0 3.538080014605344e-05
17300.0 3.275097464634718e-05
17304.724609375 3.1530823537871284e-05
17310.0 3.458613355840675e-05
17320.0 4.023760269759436e-05
17330.0 4.5706528048326947e-05
17340.0 5.0994042978446336e-05
17350.0 5.615871177672702e-05
17354.73828125 5.851852221542007e-05
17360.0 5.7021231414924504e-05
17370.0 5.422471354933556e-05
17380.0 5.1492242345008245e-05
17390.0 4.882343248202024e-05
17400.0 4.621789975273106e-05
17410.0 4.305358143564007e-05
17420.0 4.0005482101927716e-05
17430.0 3.707285005294483e-05
17440.0 3.425492467715142e-05
17450.0 3.1550955557296695e-05
17460.0 2.8960184748962287e-05
17470.0 2.648186316486974e-05
17480.0 2.411523698407911e-05
17490.0 2.1859553968189245e-05
17500.0 1.971406711571268e-05
17504.779296875 1.8727373996417093e-05
17510.0 1.9079736999690265e-05
17520.0 1.9661709992074542e-05
17530.0 2.0122276225174107e-05
17540.0 2.0462325498772153e-05
17550.0 2.068274266794118e-05
17560.0 2.0784411325326138e-05
17570.0 2.0768217852856392e-05
17580.0 2.063504217435156e-05
17590.0 2.038576832199594e-05
17600.0 1.9999699515364012e-05
17610.0 2.0083709439304975e-05
17620.0 2.0100190451278992e-05
17630.0 2.0049646155759213e-05
17640.0 1.9932575669961704e-05
17650.0 1.9749477525197085e-05
17660.0 1.9479540117595e-05
17670.0 1.9166184453355753e-05
17680.0 1.8788370429682168e-05
17690.0 1.8346594203745032e-05
17700.0 1.782166161685165e-05
17710.0 1.7254039348128943e-05
17720.0 1.662401645984789e-05
17730.0 1.5932086808630785e-05
17740.0 1.5161825412341159e-05
17750.0 1.434843882450752e-05
17754.84765625 1.393238708302158e-05
17760.0 1.237920288460091e-05
17770.0 9.619441567022739e-06
17780.0 7.18575373555776e-06
17790.0 5.094195403575671e-06
17800.0 3.331472493433662e-06
17804.861328125 2.7337485607836196e-06
17810.0 2.9501593703277915e-06
17820.0 3.3414756306618766e-06
17830.0 3.6853523741492956e-06
17840.0 3.990179518416804e-06
17850.0 4.2524750729848636e-06
17860.0 4.4674164366816046e-06
17870.0 4.645403454399437e-06
17880.0 4.776341803985055e-06
17890.0 4.8715004208657415e-06
17900.0 4.920102397510573e-06
17910.0 4.933909323202427e-06
17920.0 4.901837496459729e-06
17930.0 4.835765745676613e-06
17940.0 4.724678617661726e-06
17950.0 4.580197514043789e-06
17960.0 4.391749523611496e-06
17970.0 4.170324703584171e-06
17980.0 3.906166230504188e-06
17990.0 3.609259647135491e-06
18000.0 3.271037016266161e-06
18001.0 0.0
18002.0 0.0
18104.943359375 0.0
18154.955078125 0.0
18200.0 0.0
18204.970703125 0.0
18254.982421875 0.0
18304.99609375 0.0
18355.01171875 0.0
18400.0 0.0
18405.0234375 0.0
18455.037109375 0.0
18505.05078125 0.0
18555.064453125 0.0
18600.0 0.0
18605.078125 0.0
18655.091796875 0.0
18705.10546875 0.0
18755.119140625 0.0
18800.0 0.0
18805.1328125 0.0
18855.146484375 0.0
18905.16015625 0.0
18955.173828125 0.0
19000.0 0.0
19005.1875 0.0
19055.201171875 0.0
19105.21484375 0.0
19155.228515625 0.0
19200.0 0.0
19205.2421875 0.0
19255.255859375 0.0
19305.26953125 0.0
19355.283203125 0.0
19400.0 0.0
19405.296875 0.0
19455.310546875 0.0
19505.32421875 0.0
19555.337890625 0.0
19600.0 0.0
19605.3515625 0.0
19655.36328125 0.0
19705.37890625 0.0
19755.392578125 0.0
19800.0 0.0
19805.404296875 0.0
19855.419921875 0.0
19905.431640625 0.0
19955.4453125 0.0
20000.0 0.0
20001.0 0.0
20002.0 0.0
20005.4609375 0.0
20006.4609375 0.0
20007.4609375 0.0
30000.0 0.0
30010.0 0.0
