WAVELENGTH	THROUGHPUT
1989.69287109375	0.0
1989.846435546875	2.21193322707218e-09
1990.0	5.124204898612104e-09
1999.84814453125	7.3513001807164815e-09
2000.0	7.2979450529985364e-09
2009.849853515625	3.639398065839247e-09
2010.0	3.6654001750539303e-09
2019.8516845703125	5.39062959136682e-09
2020.0	5.4854128372566044e-09
2029.853515625	1.1842098546381346e-08
2030.0	1.1739487788453042e-08
2039.8553466796875	4.767752778353817e-09
2040.0	4.735263286456267e-09
2049.857177734375	2.4960279263688833e-09
2050.0	2.6369394191917636e-09
2059.85888671875	1.2494931940128727e-08
2060.0	1.2359659559295015e-08
2069.86083984375	2.7832757807351677e-09
2070.0	2.8662673381327026e-09
2079.86279296875	8.813396920804396e-09
2080.0	8.721021475571177e-09
2089.86474609375	2.0035144560447555e-09
2090.0	2.0662205832428417e-09
2099.86669921875	6.6958218827535526e-09
2100.0	6.794349409077083e-09
2109.86865234375	1.447561032503215e-08
2110.0	1.4383975269231772e-08
2119.87060546875	7.256235774343463e-09
2120.0	7.278519438739073e-09
2129.87255859375	9.019643834990755e-09
2130.0	8.996214682968884e-09
2139.87451171875	7.123463945417672e-09
2140.0	7.110038103525305e-09
2149.876708984375	6.0138886485503265e-09
2150.0	6.064380553610506e-09
2159.878662109375	1.0230923619538022e-08
2160.0	1.0283150168492464e-08
2169.880615234375	1.464402878024333e-08
2170.0	1.449200039449107e-08
2179.8828125	1.5307015505217917e-09
2180.0	1.556163059272872e-09
2189.884765625	3.766046885789614e-09
2190.0	3.791126674031174e-09
2199.886962890625	6.002385556581579e-09
2200.0	5.99523331042848e-09
2209.888916015625	5.358550612099858e-09
2210.0	5.423365527237962e-09
2219.89111328125	1.1374067974905473e-08
2220.0	1.1369890061665795e-08
2229.893310546875	1.0968357859053824e-08
2230.0	1.0946121917480623e-08
2239.8955078125	8.76695346831194e-09
2240.0	8.727044492164466e-09
2249.8974609375	4.8460223130043675e-09
2250.0	4.8438269823222335e-09
2259.899658203125	4.628096444656339e-09
2260.0	4.682168272227355e-09
2269.90185546875	1.0135270188599214e-08
2270.0	1.0120181063744522e-08
2279.904052734375	8.557228718182583e-09
2280.0	8.518053091356112e-09
2289.90625	4.3770465325124845e-09
2290.0	4.40474862057592e-09
2299.908447265625	7.395466009106841e-09
2300.0	7.441026927509786e-09
2309.910400390625	1.240017230655958e-08
2310.0	1.2371432453891435e-08
2319.912841796875	9.141327536399137e-09
2320.0	9.076871064071294e-09
2329.9150390625	1.6362997716571381e-09
2330.0	1.682950582241357e-09
2339.917236328125	7.204451586307926e-09
2340.0	7.227393683654864e-09
2349.91943359375	1.001197775119573e-08
2350.0	1.0072110382833337e-08
2359.921630859375	1.7572650877495953e-08
2360.0	1.7498763049378554e-08
2369.923828125	8.008203023529048e-09
2370.0	8.062066133707376e-09
2379.926025390625	1.5176149098731256e-08
2380.0	1.5148813201070275e-08
2389.928466796875	1.1430025974575195e-08
2390.0	1.1433651165421694e-08
2399.9306640625	1.19295154246616e-08
2400.0	1.1906805971939787e-08
2409.932861328125	8.51355880404657e-09
2410.0	8.531926182286287e-09
2419.935302734375	1.1247020859257741e-08
2420.0	1.1260370163726666e-08
2429.9375	1.3308116876575777e-08
2430.0	1.329335415252784e-08
2439.939697265625	1.0921445556707652e-08
2440.0	1.0924780521161571e-08
2449.942138671875	1.1482698177473662e-08
2450.0	1.1493119210863923e-08
2459.9443359375	1.3279122279702667e-08
2460.0	1.3224657248694982e-08
2469.94677734375	3.5129872986467688e-09
2470.0	3.552491668259284e-09
2479.948974609375	1.0921392216927146e-08
2480.0	1.0907362072179219e-08
2489.951416015625	8.177988395582184e-09
2490.0	8.229149371084049e-09
2499.95361328125	1.866657288910374e-08
2500.0	1.860324240041552e-08
2509.9560546875	5.045349699071971e-09
2510.0	5.0934880663102346e-09
2519.958251953125	1.5935759773487453e-08
2520.0	1.5893495651197396e-08
2529.960693359375	5.865333050180822e-09
2530.0	5.8992684120012e-09
2539.962890625	1.4453267863447425e-08
2540.0	1.4444766365920147e-08
2549.96533203125	1.2175449841050525e-08
2550.0	1.2160798639977182e-08
2559.9677734375	7.966717563898583e-09
2560.0	7.963835464194867e-09
2569.969970703125	7.084776226963578e-09
2570.0	7.075385153649112e-09
2579.972412109375	3.9761205370892805e-09
2580.0	3.983132123273524e-09
2589.974853515625	6.496115841599373e-09
2590.0	6.484048100038928e-09
2599.97705078125	1.7323997060538847e-09
2600.0	1.7561279250856876e-09
2609.9794921875	1.1949453153546282e-08
2610.0	1.193652670118192e-08
2619.98193359375	5.709865468640406e-09
2620.0	5.722531615994798e-09
2629.984375	1.2645574254607553e-08
2630.0	1.2646121444291781e-08
2639.986572265625	1.2995855123781189e-08
2640.0	1.2990374034721767e-08
2649.989013671875	8.949737599257704e-09
2650.0	8.954982160927607e-09
2659.991455078125	1.367563240557041e-08
2660.0	1.3670911255020162e-08
2669.993896484375	8.212517686154375e-09
2670.0	8.213542210794075e-09
2679.99609375	9.860879279226635e-09
2680.0	9.862334722472707e-09
2689.99853515625	1.3549266144539679e-08
2690.0	1.354968317356396e-08
2700.0	1.635870622338257e-08
2700.0009765625	1.6358995053538385e-08
2710.0	1.0304937631505627e-08
2710.00341796875	1.0302873969946877e-08
2720.0	2.1033134777064776e-09
2720.005859375	2.098509012700326e-09
2730.0	1.0951817918090618e-08
2730.00830078125	1.0959160445254034e-08
2740.0	1.1118853624728137e-08
2740.0107421875	1.1119036028813644e-08
2750.0	7.980671250731002e-09
2750.01318359375	7.976521176196767e-09
2760.0	5.292435166934497e-09
2760.015625	5.2882485130384805e-09
2770.0	2.5380639274440472e-09
2770.01806640625	2.533089236189918e-09
2780.0	6.318324351542872e-09
2780.0205078125	6.326086643281384e-09
2790.0	1.1476793148168455e-08
2790.02294921875	1.1488647020173406e-08
2800.0	8.732996062766352e-09
2800.025390625	8.726097771926246e-09
2810.0	1.3369492046697719e-08
2810.02783203125	1.3382475528425406e-08
2820.0	1.2327437174189375e-08
2820.0302734375	1.2324255582102428e-08
2830.0	1.9053324387169627e-08
2830.03271484375	1.9075386264048265e-08
2840.0	4.120675306957641e-09
2840.03515625	4.067795793403642e-09
2850.0	1.22926559492442e-08
2850.03759765625	1.2323801372982382e-08
2860.0	7.487638929692912e-09
2860.0400390625	7.468104176142733e-09
2870.0	6.229544174186518e-09
2870.04248046875	6.224270825048779e-09
2880.0	4.335481566491567e-09
2880.044921875	4.3269118783181565e-09
2890.0	1.6715017206496964e-08
2890.04736328125	1.6774187234632294e-08
2900.0	9.769414033522064e-09
2900.0498046875	9.734433073378293e-09
2910.0	5.312582288424967e-09
2910.05224609375	5.289158625523129e-09
2920.0	2.181676397641304e-08
2920.0546875	2.1908341818541e-08
2930.0	1.5691219469906117e-08
2930.057373046875	1.5654994209486228e-08
2940.0	1.1337325100557717e-08
2940.059814453125	1.1311234259271674e-08
2950.0	1.3243403564611487e-08
2950.062255859375	1.3255591838971073e-08
2960.0	1.4459261017193751e-08
2960.064697265625	1.4467067053730329e-08
2970.0	1.3445687618490297e-08
2970.067138671875	1.3438816863930449e-08
2980.0	1.1105860263325312e-08
2980.069580078125	1.1089323326402197e-08
2990.0	2.097188135682282e-08
2990.072265625	2.1044393616698665e-08
3000.0	1.6867212323395475e-08
3000.07470703125	1.6834609430646075e-08
3010.0	2.774007792625174e-08
3010.0771484375	2.782502448688386e-08
3020.0	2.5669865585792013e-08
3020.07958984375	2.5652564075646562e-08
3030.0	2.2774907175867513e-08
3030.082275390625	2.2750845083772988e-08
3040.0	2.5787871502700552e-08
3040.084716796875	2.5814002019714704e-08
3050.0	2.2731526642482265e-08
3050.087158203125	2.2704234705395418e-08
3060.0	4.174802206784498e-08
3060.089599609375	4.1920449365723424e-08
3070.0	2.3362086249710963e-08
3070.09228515625	2.3188964619750726e-08
3080.0	2.618489919637972e-08
3080.0947265625	2.6213756394362917e-08
3090.0	4.079285181620644e-08
3090.09716796875	4.093560333875426e-08
3100.0	2.725657991597852e-08
3100.099609375	2.711926150661248e-08
3110.0	3.821034526229142e-08
3110.102294921875	3.832501403425941e-08
3120.0	5.181418416189095e-08
3120.104736328125	5.195652766489465e-08
3130.0	5.1390584004313753e-08
3130.107177734375	5.138494465182768e-08
3140.0	5.660164899359008e-08
3140.10986328125	5.6659063392977165e-08
3150.0	4.583421132529591e-08
3150.1123046875	4.571178124192041e-08
3160.0	4.665604566677459e-08
3160.11474609375	4.6666531017172544e-08
3170.0	5.58324819484663e-08
3170.1171875	5.594169271948993e-08
3180.0	6.158788920883267e-08
3180.119873046875	6.165575704062187e-08
3190.0	5.8275505454352936e-08
3190.122314453125	5.823430103130202e-08
3200.0	4.7153582938278346e-08
3200.125	4.7012089095505204e-08
3210.0	4.6785623056174386e-08
3210.12744140625	4.678323240424289e-08
3220.0	5.67422817363093e-08
3220.1298828125	5.68725763252439e-08
3230.0	6.796282424162521e-08
3230.132568359375	6.811236484504256e-08
3240.0	5.8151160810767775e-08
3240.135009765625	5.8014247352866304e-08
3250.0	7.176963225026117e-08
3250.1376953125	7.196223014505495e-08
3260.0	3.914459961752935e-08
3260.14013671875	3.8678058662647006e-08
3270.0	3.9865667395948606e-08
3270.142578125	3.988331913248168e-08
3280.0	4.108928617120651e-08
3280.145263671875	4.1106519072910235e-08
3290.0	4.4490266147364074e-08
3290.147705078125	4.454149079384345e-08
3300.0	5.2398053485329144e-08
3300.150390625	5.251721526886211e-08
3310.0	2.9395999594885533e-08
3310.15283203125	2.9038149820304544e-08
3320.0	4.5733012458109035e-08
3320.1552734375	4.59954835069721e-08
3330.0	5.07834286834228e-08
3330.157958984375	5.086084901950527e-08
3340.0	4.3898267598341675e-08
3340.160400390625	4.3784239030397826e-08
3350.0	5.96260062973735e-08
3350.1630859375	5.988905477180358e-08
3360.0	4.8148384017276175e-08
3360.16552734375	4.795023670958007e-08
3370.0	5.0847448954684604e-08
3370.168212890625	5.089769034839088e-08
3380.0	5.4076131804704705e-08
3380.170654296875	5.4130461282285397e-08
3390.0	5.132106956182626e-08
3390.173095703125	5.127244966322806e-08
3400.0	3.396621922852725e-08
3400.17578125	3.365326119061641e-08
3410.0	1.6192335778533116e-08
3410.17822265625	1.5877899461182337e-08
3420.0	2.2083902350631148e-08
3420.180908203125	2.2197186714569253e-08
3430.0	3.5640086957734e-08
3430.183349609375	3.588994162970402e-08
3440.0	5.40227971418904e-08
3440.18603515625	5.436347995200488e-08
3450.0	1.1216430515241788e-08
3450.188720703125	1.0392541987671224e-08
3460.0	2.724588010779828e-08
3460.191162109375	2.7571797590128114e-08
3470.0	5.275860895998319e-08
3470.193603515625	5.325225893884261e-08
3480.0	1.4188774677160769e-08
3480.1962890625	1.3412522212295931e-08
3490.0	2.7903036193789727e-08
3490.19873046875	2.8194459641093312e-08
3500.0	3.82198788488319e-08
3500.201416015625	3.8425094734970507e-08
3510.0	6.956280893724528e-08
3510.2041015625	7.020604677021575e-08
3520.0	7.869354488850616e-08
3520.20654296875	7.887257725873985e-08
3530.0	3.5548162030570154e-08
3530.208984375	3.462883434481339e-08
3540.0	2.3976846826998832e-08
3540.211669921875	2.3748647495001213e-08
3550.0	5.264908182195636e-08
3550.21435546875	5.327685944110033e-08
3560.0	5.126240964686463e-08
3560.216796875	5.1218051437864916e-08
3570.0	5.44088989912913e-08
3570.219482421875	5.4480938445666025e-08
3580.0	6.415555599240669e-08
3580.221923828125	6.437231697544804e-08
3590.0	6.389333860632758e-08
3590.224609375	6.388359553869966e-08
3600.0	6.04827593266973e-08
3600.22705078125	6.041646357331824e-08
3610.0	2.8509395690253205e-08
3610.229736328125	2.775827242551787e-08
3620.0	6.46527399976729e-08
3620.232421875	6.553174833720851e-08
3630.0	5.33563794742091e-08
3630.23486328125	5.306279416219293e-08
3640.0	5.0665994678081105e-08
3640.237548828125	5.0608620338351756e-08
3650.0	8.414586460525289e-08
3650.239990234375	8.497090590482229e-08
3660.0	5.9177496285882415e-08
3660.24267578125	5.853610764332049e-08
3670.0	6.523677097864018e-08
3670.2451171875	6.540418274605407e-08
3680.0	4.219567572017306e-08
3680.247802734375	4.16049228092234e-08
3690.0	5.980779366211798e-08
3690.25048828125	6.027758765920198e-08
3700.0	6.054581419428627e-08
3700.2529296875	6.055145252802121e-08
3710.0	6.482488015923849e-08
3710.255615234375	6.49386105620327e-08
3720.0	6.169200428817226e-08
3720.25830078125	6.160430392675928e-08
3730.0	8.199440210398136e-08
3730.2607421875	8.254123955278584e-08
3740.0	4.8186071615098477e-08
3740.26318359375	4.7256913278285825e-08
3750.0	5.861569729423121e-08
3750.265869140625	5.892537058040776e-08
3760.0	1.0123955389869345e-07
3760.2685546875	1.0241164848544646e-07
3770.0	4.561218296579365e-08
3770.27099609375	4.402490971133987e-08
3780.0	3.179575082404959e-08
3780.273681640625	3.145105600582115e-08
3790.0	5.251458461758915e-08
3790.2763671875	5.311553056305072e-08
3800.0	5.573630931946373e-08
3800.27880859375	5.581639976199538e-08
3810.0	9.161865703210748e-08
3810.281494140625	9.26613589394557e-08
3820.0	6.539359561998821e-08
3820.2841796875	6.45931288304298e-08
3830.0	5.876524761291989e-08
3830.28662109375	5.859064491730289e-08
3840.0	9.864447242861513e-08
3840.289306640625	9.984671840140935e-08
3850.0	9.622469044313006e-09
3850.2919921875	6.891424244502545e-09
3860.0	1.152888304405712e-07
3860.29443359375	1.1859497344669738e-07
3870.0	7.970108450693587e-08
3870.297119140625	7.850562472052737e-08
3880.0	1.2017048749224644e-07
3880.2998046875	1.2146291777940787e-07
3890.0	6.580416787393519e-08
3890.30224609375	6.406015583334393e-08
3900.0	4.252026411843827e-08
3900.304931640625	4.184027379467183e-08
3910.0	8.848455149995793e-08
3910.3076171875	8.997145077030186e-08
3920.0	4.536170324551991e-08
3920.31005859375	4.392679407445124e-08
3930.0	8.47133651163159e-08
3930.312744140625	8.603912992090156e-08
3940.0	6.079097398362937e-08
3940.3154296875	5.99619958992628e-08
3950.0	4.8214341628860054e-08
3950.318115234375	4.782633168964595e-08
3960.0	9.414993526748984e-08
3960.320556640625	9.569434032182302e-08
3970.0	8.590932699905768e-08
3970.3232421875	8.557803585674132e-08
3980.0	9.109558555793718e-08
3980.32568359375	9.128214113635374e-08
3990.0	4.239177980399212e-08
3990.328369140625	4.072480140741976e-08
4000.0	7.989947193622792e-08
4000.3310546875	8.12360294215709e-08
4010.0	8.019825510653522e-08
4010.33349609375	8.016236788149293e-08
4020.0	8.179619446163816e-08
4020.336181640625	8.185542213878182e-08
4030.0	7.721636394124308e-08
4030.3388671875	7.70526785012565e-08
4040.0	7.284742265288605e-08
4040.341552734375	7.269842497242287e-08
4050.0	6.048253048756126e-08
4050.343994140625	6.004833992214553e-08
4060.0	6.13956813824153e-08
4060.3466796875	6.14423200076543e-08
4070.0	6.364718024772628e-08
4070.349365234375	6.372710013332183e-08
4080.0	7.373311338546868e-08
4080.351806640625	7.410078717010033e-08
4090.0	8.682164152450998e-08
4090.3544921875	8.728761813059731e-08
4100.0	8.866143282002514e-08
4100.357421875	8.871239378271328e-08
4110.0	7.335968059575884e-08
4110.35986328125	7.278784624047109e-08
4120.0	9.248184404163785e-08
4120.3623046875	9.322106844139891e-08
4130.0	7.468121116497145e-08
4130.365234375	7.397727941191402e-08
4140.0	7.451396361788536e-08
4140.36767578125	7.453445737931278e-08
4150.0	6.952843847601458e-08
4150.3701171875	6.933790896574175e-08
4160.0	7.826793793859134e-08
4160.373046875	7.861225410145399e-08
4170.0	8.213638195203954e-08
4170.37548828125	8.227404924220917e-08
4180.0	7.5888291842424e-08
4180.3779296875	7.563950607725448e-08
4190.0	6.602708928894168e-08
4190.380859375	6.564342508057371e-08
4200.0	7.617391820521872e-08
4200.38330078125	7.659425387632034e-08
4210.0	8.578097781238554e-08
4210.38623046875	8.615056123459182e-08
4220.0	8.907688135727393e-08
4220.388671875	8.919834603071654e-08
4230.0	1.0316157728911169e-07
4230.39111328125	1.037261944110885e-07
4240.0	8.733088915813321e-08
4240.39404296875	8.66575944213839e-08
4250.0	9.516451169024009e-08
4250.396484375	9.551933122713896e-08
4260.0	1.0503860758384594e-07
4260.3994140625	1.0543174680414085e-07
4270.0	1.019003923435799e-07
4270.40185546875	1.0175235359091262e-07
4280.0	1.025233675996277e-07
4280.404296875	1.0255585489525545e-07
4290.0	1.0766647511084895e-07
4290.4072265625	1.0788736999362378e-07
4300.0	1.1197746900434276e-07
4300.40966796875	1.1214855269096319e-07
4310.0	1.0849240832878224e-07
4310.412109375	1.083350634970936e-07
4320.0	1.113357831219313e-07
4320.4150390625	1.1146584032681767e-07
4330.0	1.1571133606101742e-07
4330.41748046875	1.1590060873902658e-07
4340.0	1.1634338200280668e-07
4340.42041015625	1.1635863603647781e-07
4350.0	1.1420371682105342e-07
4350.4228515625	1.1410843563953827e-07
4360.0	1.1589894700517323e-07
4360.42529296875	1.1597851358535992e-07
4370.0	1.1348527781478104e-07
4370.42822265625	1.1337774580463061e-07
4380.0	1.1470342777899167e-07
4380.4306640625	1.1475895615233561e-07
4390.0	1.222562265908414e-07
4390.43359375	1.225963390047288e-07
4400.0	1.1999152234435298e-07
4400.43603515625	1.1987263701747862e-07
4410.0	1.0772873973244344e-07
4410.4384765625	1.0717127049182955e-07
4420.0	1.119748610177118e-07
4420.44140625	1.1220109581629148e-07
4430.0	1.1493578853693662e-07
4430.44384765625	1.150605982300485e-07
4440.0	1.0598476006903662e-07
4440.4462890625	1.0556017804732023e-07
4450.0	1.0780528969550433e-07
4450.44921875	1.0791100909894193e-07
4460.0	1.2055765608127192e-07
4460.45166015625	1.2116133186425929e-07
4470.0	1.1062470614536236e-07
4470.45458984375	1.101175347653947e-07
4480.0	1.28890922920709e-07
4480.45703125	1.297912461352855e-07
4490.0	1.2247807555742892e-07
4490.45947265625	1.221253718969133e-07
4500.0	1.1746226068539503e-07
4500.46240234375	1.172303326985098e-07
4510.0	1.2645911070351844e-07
4510.46484375	1.2691416835837797e-07
4520.0	1.185776052060305e-07
4520.4677734375	1.1816331839422275e-07
4530.0	1.1438935120705433e-07
4530.47021484375	1.1420307527108927e-07
4540.0	1.1949139893252423e-07
4540.47265625	1.197538399673331e-07
4550.0	1.2046299634881854e-07
4550.4755859375	1.2049840547041204e-07
4560.0	1.0639333472481334e-07
4560.47802734375	1.0568928840043624e-07
4570.0	1.191541578801006e-07
4570.48095703125	1.1983031389403587e-07
4580.0	1.1750578737320641e-07
4580.4833984375	1.1738768214730676e-07
4590.0	1.1505082505986768e-07
4590.486328125	1.149313427383035e-07
4600.0	1.1059966031940347e-07
4600.48876953125	1.1037697923694079e-07
4610.0	1.2346202195637052e-07
4610.4912109375	1.2414337211882229e-07
4620.0	1.2507565283842067e-07
4620.494140625	1.2511887400138055e-07
4630.0	1.2820316931176038e-07
4630.49658203125	1.2836297404080627e-07
4640.0	1.264229160021854e-07
4640.49951171875	1.263209078243073e-07
4650.0	1.369031971260977e-07
4650.501953125	1.3746251128418026e-07
4660.0	1.3927816255716622e-07
4660.50439453125	1.39374627028634e-07
4670.0	1.3766267505778402e-07
4670.50732421875	1.375771018906223e-07
4680.0	1.2861496684689102e-07
4680.509765625	1.2812755615135195e-07
4690.0	1.1381801135914986e-07
4690.5126953125	1.1304467112740284e-07
4700.0	1.1238540014605342e-07
4700.51513671875	1.1234958120466793e-07
4710.0	1.0158132575067007e-07
4710.51806640625	1.0099295640590747e-07
4720.0	9.821151208613651e-08
4720.5205078125	9.805878848683824e-08
4730.0	1.0562009984730114e-07
4730.5234375	1.0603776428630634e-07
4740.0	7.379401170913555e-08
4740.52587890625	7.200732183578288e-08
4750.0	5.716283350261424e-08
4750.5283203125	5.6331509891923765e-08
4760.0	5.043281052234392e-08
4760.53125	5.010184709513822e-08
4770.0	5.3317977082319e-08
4770.53369140625	5.3499312273231086e-08
4780.0	4.947295210579933e-08
4780.53662109375	4.924462826407535e-08
4790.0	6.295201675724616e-08
4790.5390625	6.37330964989731e-08
4800.0	6.595093189474714e-08
4800.54150390625	6.607791459903547e-08
4810.0	1.0200628957767915e-07
4810.54443359375	1.0407987100026773e-07
4820.0	1.1064669364772862e-07
4820.546875	1.1102181088805217e-07
4830.0	1.1999511638004368e-07
4830.5498046875	1.2051647024888039e-07
4840.0	1.131694088863028e-07
4840.55224609375	1.1273996096999609e-07
4850.0	1.1462950442109637e-07
4850.55517578125	1.1474054583711465e-07
4860.0	1.089868314560307e-07
4860.5576171875	1.0864704410580723e-07
4870.0	1.0804192173214614e-07
4870.56005859375	1.0800603120912735e-07
4880.0	1.0362348182161002e-07
4880.56298828125	1.0336207580835736e-07
4890.0	8.660999959589755e-08
4890.5654296875	8.561014852747422e-08
4900.0	9.525606883825389e-08
4900.568359375	9.583317439127956e-08
4910.0	8.164192165903883e-08
4910.57080078125	8.078284634096098e-08
4920.0	7.141265509165958e-08
4920.57373046875	7.08423903774041e-08
4930.0	6.904181782108488e-08
4930.576171875	6.893175135128667e-08
4940.0	6.048444436634651e-08
4940.5791015625	5.996522745037644e-08
4950.0	5.8157688366642734e-08
4950.58154296875	5.8046082674018383e-08
4960.0	6.304320605072738e-08
4960.583984375	6.335311414729924e-08
4970.0	5.549545789067551e-08
4970.5869140625	5.500555799612305e-08
4980.0	3.809618872994049e-08
4980.58935546875	3.703723558511581e-08
4990.0	3.835703667826365e-08
4990.59228515625	3.844205950432754e-08
5000.0	4.172577194049005e-08
5000.5947265625	4.1930809936200194e-08
5010.0	4.9809003399419164e-08
5010.59765625	5.030962422044584e-08
5020.0	5.8516043652583706e-08
5020.60009765625	5.9039811956540365e-08
5030.0	8.61688355703981e-08
5030.60302734375	8.790801154775271e-08
5040.0	1.0675750297408483e-07
5040.60546875	1.0797174213174135e-07
5050.0	1.1889887136585839e-07
5050.60791015625	1.1960577728816125e-07
5060.0	1.232147407475551e-07
5060.61083984375	1.234494149351282e-07
5070.0	1.2271080489481823e-07
5070.61328125	1.226625833325838e-07
5080.0	1.137928169731465e-07
5080.6162109375	1.132106890315955e-07
5090.0	1.0676015136109952e-07
5090.61865234375	1.0633499043206e-07
5100.0	9.842564447299649e-08
5100.62158203125	9.790172258799552e-08
5110.0	1.0407392407696027e-07
5110.6240234375	1.0448449740634415e-07
5120.0	1.1624599520460311e-07
5120.62646484375	1.1703164546080087e-07
5130.0	1.309709731042847e-07
5130.62939453125	1.319137527190391e-07
5140.0	1.2999626751306782e-07
5140.63232421875	1.2985988288569028e-07
5150.0	1.1684282120217317e-07
5150.634765625	1.1596098365476013e-07
5160.0	1.0378800860115821e-07
5160.63720703125	1.0295995237628311e-07
5170.0	9.715200347873219e-08
5170.64013671875	9.675497416896839e-08
5180.0	9.386819909681933e-08
5180.642578125	9.367005179857737e-08
5190.0	9.357293062854199e-08
5190.6455078125	9.356624123218011e-08
5200.0	8.300902172869598e-08
5200.64794921875	8.227793469987555e-08
5210.0	7.898775196406502e-08
5210.65087890625	7.875880065854775e-08
5220.0	7.247229409691879e-08
5220.6533203125	7.203307978295226e-08
5230.0	5.6568334617542176e-08
5230.65576171875	5.548379463298926e-08
5240.0	3.7690384697477043e-08
5240.65869140625	3.64363264041899e-08
5250.0	1.7561214354737123e-08
5250.66162109375	1.622458365636965e-08
5260.0	1.7744005049215676e-08
5260.6640625	1.7852034700220132e-08
5270.0	2.0647335626204536e-08
5270.66650390625	2.084685699190914e-08
5280.0	2.948137035096993e-08
5280.66943359375	3.0100550301920263e-08
5290.0	3.8282839051836416e-08
5290.671875	3.8871914709328086e-08
5300.0	5.4800264958669665e-08
5300.6748046875	5.595230697460136e-08
5310.0	7.969935953945825e-08
5310.67724609375	8.142365111993201e-08
5320.0	9.908965968662194e-08
5320.68017578125	1.0037830802059213e-07
5330.0	1.1013139185542725e-07
5330.6826171875	1.1084558041956657e-07
5340.0	1.3349080492702506e-07
5340.68505859375	1.3515544854310742e-07
5350.0	1.4705513206681421e-07
5350.68798828125	1.4793377282948563e-07
5360.0	1.5183670562324377e-07
5360.69091796875	1.5212616282866623e-07
5370.0	1.4837951292376755e-07
5370.693359375	1.481004820413064e-07
5380.0	1.6106628577791963e-07
5380.69580078125	1.6203546880759624e-07
5390.0	1.6225046784532624e-07
5390.69873046875	1.6226661005718173e-07
5400.0	1.7222254529324673e-07
5400.701171875	1.7297285052843988e-07
5410.0	1.7643915836656664e-07
5410.7041015625	1.767015093718498e-07
5420.0	1.7838772803776546e-07
5420.70654296875	1.7851580278223072e-07
5430.0	1.8668735798472533e-07
5430.70947265625	1.8731088102944066e-07
5440.0	1.6437149634114494e-07
5440.7119140625	1.626140826915238e-07
5450.0	1.6245855196933942e-07
5450.71484375	1.624465129133762e-07
5460.0	1.5564933143822444e-07
5460.71728515625	1.5512430408484903e-07
5470.0	1.6094324358892003e-07
5470.72021484375	1.6139452737542343e-07
5480.0	1.5701980927377156e-07
5480.72265625	1.566791852954203e-07
5490.0	1.629440116999301e-07
5490.7255859375	1.6343380051553524e-07
5500.0	1.525674643155842e-07
5500.72802734375	1.517152055309168e-07
5510.0	1.5722143864363585e-07
5510.73046875	1.5765508093932845e-07
5520.0	1.5308079988004598e-07
5520.7333984375	1.5271893416379466e-07
5530.0	1.5293180499447818e-07
5530.736328125	1.5294864415469258e-07
5540.0	1.4442448640008086e-07
5540.73876953125	1.4374477191034452e-07
5550.0	1.624893057198718e-07
5550.7412109375	1.639890747975254e-07
5560.0	1.5010658906315231e-07
5560.744140625	1.4899106262484705e-07
5570.0	1.5175923487897734e-07
5570.74658203125	1.5197282345822786e-07
5580.0	1.533822308746063e-07
5580.74951171875	1.535059603971712e-07
5590.0	1.5926802943561909e-07
5590.751953125	1.5973629303676136e-07
5600.0	1.6119597926144451e-07
5600.7548828125	1.613150382657546e-07
5610.0	1.514950306243794e-07
5610.75732421875	1.5069079341695435e-07
5620.0	1.6306948048614668e-07
5620.76025390625	1.6408731230369689e-07
5630.0	1.6255388226472065e-07
5630.7626953125	1.6242402884747192e-07
5640.0	1.6423439901951056e-07
5640.765625	1.643843857881487e-07
5650.0	1.567860078499761e-07
5650.76806640625	1.561543561990792e-07
5660.0	1.5240879138464627e-07
5660.77099609375	1.5209611590919787e-07
5670.0	1.369744515697843e-07
5670.7734375	1.357078030773773e-07
5680.0	1.449978491873676e-07
5680.77587890625	1.4577858095633496e-07
5690.0	1.4506391151995128e-07
5690.77880859375	1.4500358331593992e-07
5700.0	1.4132892045447318e-07
5700.78173828125	1.4101760333979461e-07
5710.0	1.3610315899119904e-07
5710.7841796875	1.356853272137234e-07
5720.0	1.4125006582025852e-07
5720.78662109375	1.417153051832586e-07
5730.0	1.4072157636946739e-07
5730.78955078125	1.4064589909051712e-07
5740.0	1.3754846606736456e-07
5740.7919921875	1.372822876422496e-07
5750.0	1.4814553622133444e-07
5750.794921875	1.4908282466642256e-07
5760.0	1.588555601202264e-07
5760.79736328125	1.597016391382896e-07
5770.0	1.5899562273368216e-07
5770.80029296875	1.589342357114156e-07
5780.0	1.3812130726892486e-07
5780.802734375	1.36306244411789e-07
5790.0	1.4406204431459292e-07
5790.8056640625	1.4474103548655055e-07
5800.0	1.4325657775014818e-07
5800.80810546875	1.4312621449016033e-07
5810.0	1.0587902918465607e-07
5810.81103515625	1.0259441338512947e-07
5820.0	9.17306999913292e-08
5820.8134765625	9.07632442139955e-08
5830.0	7.311731426695006e-08
5830.81640625	7.155716785440271e-08
5840.0	7.490449469532159e-08
5840.81884765625	7.520282389508467e-08
5850.0	7.242322778740857e-08
5850.82177734375	7.217456427253321e-08
5860.0	7.223657793337676e-08
5860.82421875	7.224215288001015e-08
5870.0	6.351862008104624e-08
5870.8271484375	6.273256512048371e-08
5880.0	6.478263772089824e-08
5880.82958984375	6.496797091934107e-08
5890.0	5.591387988183829e-08
5890.83251953125	5.5092250295958885e-08
5900.0	4.010615188707701e-08
5900.8349609375	3.8739050455903926e-08
5910.0	2.723654763938991e-08
5910.837890625	2.618814466361094e-08
5920.0	2.932540077438967e-08
5920.84033203125	2.9613037738367614e-08
5930.0	2.6331781577712644e-08
5930.84326171875	2.6029822962546468e-08
5940.0	1.5689286957708162e-08
5940.845703125	1.4734628390598626e-08
5950.0	1.2807038785220063e-09
5950.8486328125	3.396672877652518e-11
5960.0	1.6361284007169645e-08
5960.85107421875	1.7879135770242387e-08
5970.0	1.0286793387868612e-08
5970.85400390625	9.577667453750742e-09
5980.0	1.8883125178934537e-08
5980.8564453125	1.9754867775834866e-08
5990.0	1.2992368479097993e-08
5990.85888671875	1.235738824012718e-08
6000.0	1.5447136613690785e-08
6000.86181640625	1.5739375418988503e-08
6010.0	1.9493030232397615e-08
6010.8642578125	1.9848188641623124e-08
6020.0	2.175282991948645e-08
6020.8671875	2.1933701195597335e-08
6030.0	1.354615616936565e-08
6030.8701171875	1.2745653397742817e-08
6040.0	1.919671832316628e-08
6040.87255859375	1.9814384803857466e-08
6050.0	8.578953889496191e-09
6050.875	7.501557639216647e-09
6060.0	1.91281457019557e-08
6060.8779296875	2.0247087483601315e-08
6070.0	1.4665313547833367e-08
6070.88037109375	1.4126463209853206e-08
6080.0	1.6912436367824186e-08
6080.88330078125	1.7182357836450716e-08
6090.0	9.209183728586544e-09
6090.8857421875	8.43367652854344e-09
6100.0	3.023185741165131e-08
6100.888671875	3.2358523469039865e-08
6110.0	1.7876006127019393e-08
6110.89111328125	1.6459157010005486e-08
6120.0	1.220734238861302e-08
6120.89404296875	1.1789902824504224e-08
6130.0	1.9073157896178813e-08
6130.896484375	1.9790408436776114e-08
6140.0	1.4245100290745166e-08
6140.8994140625	1.3697070280139343e-08
6150.0	2.2421436611469722e-08
6150.90185546875	2.328447661373761e-08
6160.0	1.1546047324824577e-08
6160.90478515625	1.0380138232782222e-08
6170.0	2.3500920018943658e-08
6170.9072265625	2.4810076095274735e-08
6180.0	2.7546690751452888e-08
6180.91015625	2.782069283438516e-08
6190.0	1.8916613788644113e-08
6190.91259765625	1.8022398228918527e-08
6200.0	2.111187766464027e-08
6200.91552734375	2.142154887591324e-08
6210.0	2.5049815565359407e-08
6210.91796875	2.541822514815297e-08
6220.0	2.5836089652919842e-08
6220.9208984375	2.5878471781118888e-08
6230.0	2.619111459317224e-08
6230.92333984375	2.622307929636275e-08
6240.0	2.7155467531350588e-08
6240.92626953125	2.7248486186586343e-08
6250.0	2.9504495245294742e-08
6250.9287109375	2.9737625683850135e-08
6260.0	2.3076562078659087e-08
6260.931640625	2.239220895414194e-08
6270.0	3.0404881347092216e-08
6270.93408203125	3.123049359193138e-08
6280.0	2.4552821689978928e-08
6280.93701171875	2.3862414276289252e-08
6290.0	2.257440731732516e-08
6290.939453125	2.243904454416494e-08
6300.0	2.5413753201698065e-08
6300.9423828125	2.572504867802128e-08
6310.0	2.8641478903956676e-08
6310.94482421875	2.8945779556107943e-08
6320.0	2.2375348096064497e-08
6320.94775390625	2.1687433737075746e-08
6330.0	2.5398413713022713e-08
6330.9501953125	2.5785968001417354e-08
6340.0	3.1681748781116074e-08
6340.953125	3.230497249620152e-08
6350.0	3.065065241581572e-08
6350.95556640625	3.047584433825376e-08
6360.0	3.38835739358648e-08
6360.95849609375	3.424479814290681e-08
6370.0	3.103620019426033e-08
6370.9609375	3.069254849305416e-08
6380.0	2.9872521625782987e-08
6380.9638671875	2.978756434388477e-08
6390.0	2.550642794945095e-08
6390.96630859375	2.504846791153402e-08
6400.0	2.221532338961088e-08
6400.96923828125	2.191125825111944e-08
6410.0	2.488576014798994e-08
6410.9716796875	2.5203775692790302e-08
6420.0	2.7837430302413772e-08
6420.974609375	2.812389067858005e-08
6430.0	2.990025828609179e-08
6430.97705078125	3.0092069194766115e-08
6440.0	3.3566679233833403e-08
6440.97998046875	3.3944058210714336e-08
6450.0	3.5966659243812353e-08
6450.982421875	3.618389238112349e-08
6460.0	3.444019262454446e-08
6460.9853515625	3.4252668736202884e-08
6470.0	3.074655411192919e-08
6470.98779296875	3.0362321759546776e-08
6480.0	3.4062022071570636e-08
6480.99072265625	3.446870753096807e-08
6490.0	3.8767356739624445e-08
6490.9931640625	3.9237867906106095e-08
6500.0	2.6818378030745314e-08
6500.99609375	2.5444085437011637e-08
6510.0	2.682706965513876e-08
6510.99853515625	2.698015637003118e-08
6520.0	2.017678001117112e-08
6521.00146484375	1.941940483135771e-08
6530.0	2.0837238544464867e-08
6531.00390625	2.0996809510587094e-08
6540.0	3.15523077084017e-08
6541.0068359375	3.2731697061249407e-08
6550.0	2.637820801091043e-08
6551.00927734375	2.5666337225156076e-08
6560.0	2.6657265573149886e-08
6561.01220703125	2.6766290309355437e-08
6570.0	3.147816508152081e-08
6571.0146484375	3.2011499281227384e-08
6580.0	3.618090317818694e-08
6581.017578125	3.665224640263903e-08
6590.0	3.7779634658298926e-08
6591.02001953125	3.790408089466659e-08
6600.0	3.77562337337128e-08
6601.02294921875	3.774270234764191e-08
6610.0	3.029542976269234e-08
6611.025390625	2.9446210389928234e-08
6620.0	2.3395994229164505e-07
6630.0	4.610972526466072e-07
6640.0	6.865921166189304e-07
6650.0	9.115195370408416e-07
6660.0	1.1354800322736346e-06
6670.0	1.3573013497560216e-06
6680.0	1.579132575901839e-06
6690.0	1.7999986568510237e-06
6697.2490234375	1.958279746143394e-06
6697.44873046875	2.6108822618100923e-06
6697.64892578125	1.958043611176396e-06
6697.84912109375	3.2632089308521833e-06
6698.048828125	1.9578074986665167e-06
6698.2490234375	2.28397089902453e-06
6698.44921875	1.9575711203596086e-06
6698.64892578125	1.6312109820345576e-06
6698.84912109375	1.957335052786493e-06
6699.04931640625	3.914433766627868e-06
6699.24951171875	2.28328188057543e-06
6699.44921875	3.587798182765434e-06
6699.6494140625	2.935294168811165e-06
6699.849609375	3.5873649668582666e-06
6700.0	2.6048877535564818e-06
6700.04931640625	2.2827408562685536e-06
6700.24951171875	3.2609174010364376e-06
6700.44970703125	2.6086211665391647e-06
6700.64990234375	4.564890271392788e-06
6700.849609375	2.2823468089278493e-06
6701.0498046875	3.2603544944247748e-06
6701.25	5.216341711551333e-06
6701.44970703125	3.5860806134156058e-06
6701.64990234375	4.889898424801965e-06
6701.85009765625	3.5857708757456532e-06
6702.05029296875	5.215441206016838e-06
6702.25	5.541168097397813e-06
6702.4501953125	5.5409287816121345e-06
6702.650390625	4.88884310104873e-06
6702.85009765625	6.192268057092374e-06
6703.05029296875	5.2143161491713745e-06
6703.25048828125	6.8434946671960365e-06
6703.4501953125	5.539733485531355e-06
6703.650390625	6.5170516120868125e-06
6703.8505859375	6.516770127574258e-06
6704.05078125	8.47143554405767e-06
6704.25048828125	8.471070530200772e-06
6704.45068359375	9.12229737591201e-06
6704.65087890625	9.121903348337597e-06
6704.8505859375	1.009881458093583e-05
6705.05078125	1.0098378364218329e-05
6705.2509765625	1.0423681785378474e-05
6705.451171875	1.0423231526193322e-05
6705.65087890625	1.1074207389076213e-05
6705.85107421875	1.2376519797692895e-05
6706.05126953125	1.2375985166541492e-05
6706.2509765625	1.530648088899314e-05
6706.451171875	1.563147495296056e-05
6706.6513671875	1.5630799694612072e-05
6706.85107421875	1.6607007629315865e-05
6707.05126953125	1.823435970070384e-05
6707.25146484375	2.0838366279971637e-05
6707.45166015625	2.2790979850863747e-05
6707.6513671875	2.311556860310469e-05
6707.8515625	2.5393468128413724e-05
6708.0517578125	2.6369003470655947e-05
6708.25146484375	2.7018926586218138e-05
6708.45166015625	3.02729104414597e-05
6708.65185546875	3.255010912272478e-05
6708.85205078125	3.678003645059832e-05
6709.0517578125	3.677845126987803e-05
6709.251953125	3.807870022710612e-05
6709.4521484375	4.2958725611658064e-05
6709.65234375	4.556031654611996e-05
6709.85205078125	4.978876942175624e-05
6710.0	5.074911431339927e-05
6710.05224609375	5.108823090883352e-05
6710.25244140625	5.759379421316962e-05
6710.4521484375	5.921818481310576e-05
6710.65234375	6.279458942969098e-05
6710.8525390625	6.57199925166936e-05
6711.052734375	7.319979412489701e-05
6711.25244140625	7.742577379907787e-05
6711.45263671875	7.90489490683878e-05
6711.65283203125	8.84789550357174e-05
6711.8525390625	9.595648512322238e-05
6712.052734375	0.00010180705433571444
6712.2529296875	0.00010895810790773908
6712.453125	0.00011545807558586795
6712.65283203125	0.0001239088188867563
6712.85302734375	0.0001356108737014432
6713.05322265625	0.00014893786926534238
6713.2529296875	0.0001612882085768451
6713.453125	0.00017656392964207466
6713.6533203125	0.00018988744132362103
6713.85302734375	0.0002093873951267582
6714.05322265625	0.00024091512148337443
6714.25341796875	0.00026528775577050907
6714.45361328125	0.00029681038374710457
6714.6533203125	0.0003260547145722724
6714.853515625	0.0003679740688931698
6715.0537109375	0.0004342686187667463
6715.25341796875	0.0005216849270222793
6715.45361328125	0.0006214445020439739
6715.65380859375	0.0007390709798694424
6715.85400390625	0.00086741211829645
6716.0537109375	0.001083812139405683
6716.25390625	0.0013902091637781032
6716.4541015625	0.0016741580817804414
6716.65380859375	0.002030868749672311
6716.85400390625	0.0024219904933136856
6717.05419921875	0.002959938343444447
6717.25390625	0.0037473604740705137
6717.4541015625	0.004827109102788136
6717.654296875	0.005807678577566314
6717.8544921875	0.007007765873128339
6718.05419921875	0.008529017353928662
6718.25439453125	0.010905730171332858
6718.45458984375	0.013533966520632237
6718.654296875	0.016057391758861124
6718.8544921875	0.019157089944885918
6719.0546875	0.021972672547461273
6719.2548828125	0.026643666732829557
6719.45458984375	0.03308443230674039
6719.65478515625	0.03908560524390996
6719.85498046875	0.04589479870104183
6720.0	0.050793025285264554
6720.0546875	0.05263983874645288
6720.2548828125	0.060973107366318835
6720.455078125	0.07043030569692901
6720.6552734375	0.08097650575313542
6720.85498046875	0.08903679917885109
6721.05517578125	0.09744569796386325
6721.25537109375	0.10590128232055301
6721.455078125	0.11494591378831077
6721.6552734375	0.12553489569892387
6721.85546875	0.13399632132010342
6722.05517578125	0.14110326436179627
6722.25537109375	0.1461984894443911
6722.45556640625	0.15313767937978728
6722.65576171875	0.1586653387777641
6722.85546875	0.1629543519523151
6723.0556640625	0.16603442714941047
6723.255859375	0.16836868625974302
6723.45556640625	0.1705959668569813
6723.65576171875	0.17332082467087143
6723.85595703125	0.17614848268255137
6724.05615234375	0.1784737809020987
6724.255859375	0.18040870108233134
6724.4560546875	0.1829928739051373
6724.65625	0.18622586948080014
6724.85595703125	0.18969582534438054
6725.05615234375	0.1922458757532183
6725.25634765625	0.19508546248591663
6725.45654296875	0.1978154567601625
6725.65625	0.20056652683662177
6725.8564453125	0.20360990824017947
6726.056640625	0.20636349764238018
6726.2568359375	0.2083791658947928
6726.45654296875	0.21011749657766035
6726.65673828125	0.21214141366133116
6726.85693359375	0.2134480046913656
6727.056640625	0.21453997348294584
6727.2568359375	0.21554818903836787
6727.45703125	0.21607873882372003
6727.65673828125	0.21665105246647912
6727.85693359375	0.21676617767790932
6728.05712890625	0.2173966589685727
6728.25732421875	0.21733423824612763
6728.45703125	0.2176967711155984
6728.6572265625	0.21753721066609547
6728.857421875	0.21792815108836347
6729.05712890625	0.21806810957113001
6729.25732421875	0.21832818665769382
6729.45751953125	0.21824533762492032
6729.65771484375	0.21863388547265789
6729.857421875	0.21895767364377114
6730.0	0.21937150340061842
6730.0576171875	0.21953981075756934
6730.2578125	0.21943057886145187
6730.45751953125	0.21998653794758324
6730.65771484375	0.22028219514622066
6730.85791015625	0.22051277552187729
6731.05810546875	0.22064559491258942
6731.2578125	0.22094736248120306
6731.4580078125	0.2210882344532832
6731.658203125	0.22078931109001962
6731.85791015625	0.22094962904881663
6732.05810546875	0.22065494686281212
6732.25830078125	0.22024769505201466
6732.4580078125	0.21973599391063564
6732.658203125	0.21880660668224672
6732.8583984375	0.21802876146645045
6733.05859375	0.2170390554672575
6733.25830078125	0.21574211073284805
6733.45849609375	0.21474709498252637
6733.65869140625	0.2130935731824492
6733.8583984375	0.2118322742791794
6734.05859375	0.21044196677979518
6734.2587890625	0.20910711298708212
6734.458984375	0.20728726193492403
6734.65869140625	0.2049831250134754
6734.85888671875	0.20393163905929879
6735.05908203125	0.20209217494011503
6735.2587890625	0.20120098082172094
6735.458984375	0.19919142185150743
6735.6591796875	0.19801102930699835
6735.85888671875	0.19650131609533159
6736.05908203125	0.19557459633795646
6736.25927734375	0.194276188721469
6736.45947265625	0.19310106166801955
6736.6591796875	0.19142857367479402
6736.859375	0.18980210529597483
6737.0595703125	0.18799573714099171
6737.25927734375	0.18627359078957614
6737.45947265625	0.18396851446446813
6737.65966796875	0.18097688877717513
6737.85986328125	0.17676716862386294
6738.0595703125	0.17337313626096512
6738.259765625	0.16943522592988422
6738.4599609375	0.16452827506563922
6738.65966796875	0.15911737608602
6738.85986328125	0.15170792037388756
6739.06005859375	0.14277188198870067
6739.26025390625	0.13576049666232298
6739.4599609375	0.1277805786154494
6739.66015625	0.11886355033205863
6739.8603515625	0.10864838658786212
6740.0	0.10005657619746641
6740.06005859375	0.09636165546157383
6740.26025390625	0.08731146804656606
6740.46044921875	0.07938220984965406
6740.66015625	0.07080155262430653
6740.8603515625	0.06147173234867737
6741.060546875	0.05254575642250788
6741.2607421875	0.0435617847124166
6741.4609375	0.03696786068356893
6741.66064453125	0.03080268199211741
6741.86083984375	0.025875670166507887
6742.06103515625	0.020611683548159024
6742.2607421875	0.016299627622842344
6742.4609375	0.013833982151986257
6742.6611328125	0.011392442075561707
6742.86083984375	0.009372715655855242
6743.06103515625	0.007619156256345381
6743.26123046875	0.005928370312072531
6743.46142578125	0.004680581182197481
6743.6611328125	0.00392317705193793
6743.861328125	0.00325201242341762
6744.0615234375	0.0025534735896987066
6744.26123046875	0.0020450782536589386
6744.46142578125	0.0015967502693673941
6744.66162109375	0.0013469170073311188
6744.86181640625	0.0011200155200481985
6745.0615234375	0.0009512136438449149
6745.26171875	0.0007524197979188091
6745.4619140625	0.0006159119964048615
6745.66162109375	0.0005039354184466448
6745.86181640625	0.00042745535380281406
6746.06201171875	0.000362272818089169
6746.26171875	0.00029870885537781167
6746.4619140625	0.00024644019676371264
6746.662109375	0.00020740070382556407
6746.8623046875	0.00018320134478729756
6747.06201171875	0.00015674644566127837
6747.26220703125	0.00013835658635884566
6747.46240234375	0.00012125829396822326
6747.662109375	0.00010254909383336721
6747.8623046875	8.932346865726119e-05
6748.0625	8.319295150836528e-05
6748.2626953125	7.222639791037066e-05
6748.46240234375	6.190564834004155e-05
6748.66259765625	5.3520258978302497e-05
6748.86279296875	5.126114551734435e-05
6749.0625	4.126503797871267e-05
6749.2626953125	4.223034531081411e-05
6749.462890625	3.7715540542034805e-05
6749.6630859375	3.41681430135221e-05
6749.86279296875	3.0943388313254244e-05
6750.0	2.9175221351973695e-05
6750.06298828125	2.83633811968424e-05
6750.26318359375	2.6105611692854668e-05
6750.462890625	2.449266564340791e-05
6750.6630859375	2.0624145337185017e-05
6750.86328125	2.1589587284249707e-05
6751.06298828125	1.8688357508097583e-05
6751.26318359375	1.8365025804635207e-05
6751.46337890625	1.7719560062339558e-05
6751.66357421875	1.578555408585969e-05
6751.86328125	1.2241114084056907e-05
6752.0634765625	1.4495173685182106e-05
6752.263671875	1.2561716209806206e-05
6752.46337890625	1.3527181462072095e-05
6752.66357421875	1.1916076795859115e-05
6752.86376953125	1.0305167447587978e-05
6753.06396484375	1.030453946360238e-05
6753.263671875	9.659918354303072e-06
6753.4638671875	9.337352442965272e-06
6753.6640625	9.014825803240799e-06
6753.86376953125	7.4045851309173895e-06
6754.06396484375	6.116458249507199e-06
6754.26416015625	6.116085491559031e-06
6754.46435546875	7.081351761108722e-06
6754.6640625	6.4372010392765216e-06
6754.8642578125	5.471287752662104e-06
6755.064453125	4.827312069457446e-06
6755.26416015625	3.5398138494274286e-06
6755.46435546875	4.504943175024413e-06
6755.66455078125	5.469954837569687e-06
6755.8642578125	5.147879256597884e-06
6756.064453125	4.182397266182207e-06
6756.2646484375	3.5387357544295825e-06
6756.46484375	3.860203747592163e-06
6756.66455078125	2.5733125249766875e-06
6756.86474609375	2.251511396116552e-06
6757.06494140625	4.824372740235531e-06
6757.26513671875	3.537657918712275e-06
6757.46484375	2.8942715397032616e-06
6757.6650390625	2.5725287198576484e-06
6757.865234375	2.5723719049640114e-06
6758.06494140625	2.2506887277941965e-06
6758.26513671875	2.893566319822728e-06
6758.46533203125	2.2504143346967017e-06
6760.0	2.212670108996366e-06
6770.0	1.969272223351673e-06
6780.0	1.7269182762380929e-06
6790.0	1.4843247279278906e-06
6800.0	1.244265201177163e-06
6810.0	1.0052525499566016e-06
6820.0	7.666188330487911e-07
6830.0	5.298924915540075e-07
6840.0	2.942702864708368e-07
6850.0	5.952142426722956e-08
6851.09033203125	3.4009548410683157e-08
6860.0	3.7348093471023995e-08
6861.0927734375	3.775316477553729e-08
6870.0	3.835254456092317e-08
6871.095703125	3.842968789733967e-08
6880.0	3.4444889161851614e-08
6881.09814453125	3.395440386232276e-08
6890.0	2.919443977231767e-08
6891.10107421875	2.8604111790547134e-08
6900.0	2.9356256378963004e-08
6901.103515625	2.9452074307865747e-08
6910.0	3.1056586381004405e-08
6911.1064453125	3.1255750333072246e-08
6920.0	2.9452249300638732e-08
6921.10888671875	2.922502168924697e-08
6930.0	2.5837396916613675e-08
6931.11181640625	2.5417417620060122e-08
6940.0	3.0594145393908734e-08
6941.1142578125	3.12387978080277e-08
6950.0	3.745643853653922e-08
6951.1171875	3.823963660300935e-08
6960.0	3.726885235623661e-08
6961.11962890625	3.714674284896154e-08
6970.0	3.091068791604343e-08
6971.12255859375	3.012102678383035e-08
6980.0	2.797494814517185e-08
6981.125	2.7706456637141078e-08
6990.0	2.988382959895747e-08
6991.1279296875	3.015999972991807e-08
7000.0	2.9174376406468497e-08
7001.13037109375	2.9042658016487302e-08
7010.0	2.6311783012872874e-08
7011.13330078125	2.59667508412135e-08
7020.0	4.433894116584909e-08
7021.1357421875	4.668046779761913e-08
7030.0	3.660306385769767e-08
7031.138671875	3.531567267303913e-08
7040.0	3.960996752790509e-08
7041.14111328125	4.0161061537256436e-08
7050.0	2.4458291036711576e-08
7051.14404296875	2.2435061272340804e-08
7060.0	2.979593474896674e-08
7061.146484375	3.0747832994754723e-08
7070.0	2.0531204798620762e-08
7071.1494140625	1.9207407260324434e-08
7080.0	2.1472790345073857e-08
7081.15234375	2.1768644057375666e-08
7090.0	1.836905450940515e-08
7091.15478515625	1.7925044578783083e-08
7100.0	1.9817015406756864e-08
7101.15771484375	2.0065596229527952e-08
7110.0	1.824117304370671e-08
7111.16015625	1.8002605434840942e-08
7120.0	1.2720693364159177e-08
7121.16259765625	1.2027166779509088e-08
7130.0	1.414480814572667e-08
7131.16552734375	1.4424351320702043e-08
7140.0	2.0122849643431683e-08
7141.16796875	2.0871503447409662e-08
7150.0	1.859007563089915e-08
7151.1708984375	1.8290774736671323e-08
7160.0	1.5279457435070394e-08
7161.173828125	1.4878938992654827e-08
7170.0	1.7136861554566038e-08
7171.17626953125	1.7438255667036142e-08
7180.0	2.060581505121421e-08
7181.17919921875	2.102765832776702e-08
7190.0	1.6703173411663157e-08
7191.181640625	1.6124168956252257e-08
7200.0	1.6580126668395066e-08
7201.1845703125	1.6642824775596778e-08
7210.0	1.4607859663497731e-08
7211.18701171875	1.4333289380335106e-08
7220.0	2.1851953912774937e-08
7221.18994140625	2.286512161744284e-08
7230.0	2.5142794336552355e-08
7231.1923828125	2.5446119473825165e-08
7240.0	1.306956272102633e-08
7241.1953125	1.139898807742164e-08
7250.0	1.1849906991161301e-08
7251.19775390625	1.1909750616309175e-08
7260.0	2.1063472926766196e-08
7261.20068359375	2.2308538921525127e-08
7270.0	1.5493572267413786e-08
7271.203125	1.4565336378723791e-08
7280.0	1.2382016447826077e-08
7281.2060546875	1.2082534763893495e-08
7290.0	9.052213511991984e-09
7291.20849609375	8.63864794647332e-09
7300.0	1.4908054647763858e-08
7301.21142578125	1.576692669330338e-08
7310.0	1.7788039627957305e-08
7311.2138671875	1.806778647841042e-08
7320.0	1.9917491387595785e-08
7321.216796875	2.0170493239678395e-08
7330.0	7.065220378483292e-09
7331.21923828125	5.255180919526407e-09
7340.0	1.6275068252455358e-08
7341.22216796875	1.7801044456532497e-08
7350.0	9.39990979828401e-09
7351.224609375	8.234280884957032e-09
7360.0	1.7605275590498768e-08
7361.2275390625	1.89090007594248e-08
7370.0	1.1335470085942714e-08
7371.22998046875	1.0279729206821945e-08
7380.0	2.4586985115020052e-08
7381.23291015625	2.6587635957071466e-08
7390.0	1.9087696664555075e-08
7391.23583984375	1.8037445781020306e-08
7400.0	1.620532050009856e-08
7401.23828125	1.5945708462915274e-08
7410.0	1.8030883847445443e-08
7411.2412109375	1.8326857469291848e-08
7420.0	8.0114330222583e-09
7421.24365234375	6.551706940672786e-09
7430.0	8.963975949207415e-09
7431.24658203125	9.307376972404298e-09
7440.0	1.1538242896943523e-08
7441.2490234375	1.185417631575335e-08
7450.0	1.566542355641427e-08
7451.251953125	1.621013807140082e-08
7460.0	1.0374292483110275e-08
7461.25439453125	9.539229441208147e-09
7470.0	9.213358191474039e-09
7471.25732421875	9.167714199888478e-09
7480.0	9.837220398651158e-09
7481.259765625	9.932258121416939e-09
7490.0	1.4856207068508594e-08
7491.2626953125	1.5566293376219642e-08
7500.0	1.2751982966151424e-08
7501.26513671875	1.2343936982033014e-08
7510.0	1.5045404533592183e-08
7511.26806640625	1.5437529781403194e-08
7520.0	1.7638320705674122e-08
7521.2705078125	1.7955337403248354e-08
7530.0	1.0375826211026803e-08
7531.2734375	9.276234486201602e-09
7540.0	1.724351504466181e-08
7541.27587890625	1.8401984941267255e-08
7550.0	1.4428584433096255e-08
7551.27880859375	1.3850366094865775e-08
7560.0	1.7852254551841216e-08
7561.28173828125	1.8436099380619343e-08
7570.0	2.3042277007954388e-08
7571.2841796875	2.372031348615341e-08
7580.0	9.676827203699167e-09
7581.287109375	7.609769048115562e-09
7590.0	9.980390491439447e-10
7591.28955078125	2.3980220731768546e-11
7600.0	1.6596184659413076e-08
7601.29248046875	1.9043830403476323e-08
7610.0	2.0323417509238312e-08
7611.294921875	2.0512789602993615e-08
7620.0	1.7853652389973596e-08
7621.2978515625	1.7461023335870657e-08
7630.0	2.066103614296187e-08
7631.30029296875	2.1131850866787723e-08
7640.0	2.5793053201826764e-08
7641.30322265625	2.64902928568044e-08
7650.0	2.104040307914965e-08
7651.3056640625	2.022379137754677e-08
7660.0	4.713999873727009e-08
7661.30859375	5.117364540649967e-08
7670.0	4.851771979920469e-08
7671.31103515625	4.8113305985080686e-08
7680.0	6.369582771726641e-08
7681.31396484375	6.604618703013469e-08
7690.0	4.7256895050809616e-08
7691.31640625	4.4417946386347785e-08
7700.0	4.859845294054169e-08
7701.3193359375	4.9229782221536274e-08
7710.0	4.594207210159795e-08
7711.32177734375	4.544963227957489e-08
7720.0	3.719753604449348e-08
7721.32470703125	3.5939744472239226e-08
7730.0	4.426595316339308e-08
7731.3271484375	4.553755443024416e-08
7740.0	8.792610410673044e-08
7741.330078125	9.438316486132835e-08
7750.0	1.5265837000213863e-07
7751.33251953125	1.6158135966372467e-07
7760.0	2.3477168274480646e-07
7761.33544921875	2.459623775251208e-07
7770.0	3.7450655771017766e-07
7771.337890625	3.942372107214315e-07
7780.0	5.617730219990131e-07
7781.3408203125	5.876226238345143e-07
7790.0	8.336214074000106e-07
7791.34326171875	8.714839134858079e-07
7800.0	1.1335011599725892e-06
7801.34619140625	1.1741450862645417e-06
7810.0	1.4027918386640954e-06
7811.34912109375	1.438080218854717e-06
7820.0	1.5290243311659987e-06
7821.3515625	1.5433323566010725e-06
7830.0	1.4669724692940916e-06
7831.3544921875	1.4550790111887095e-06
7840.0	1.1534647134725845e-06
7841.35693359375	1.1063598354652847e-06
7850.0	7.953413742527129e-07
7851.35986328125	7.467423330679882e-07
7860.0	4.6422871569420445e-07
7861.3623046875	4.198155473144772e-07
7870.0	1.991135485228392e-07
7871.365234375	1.6442580944463625e-07
7880.0	6.260456091959957e-08
7881.36767578125	4.65378477736478e-08
7890.0	2.8108992157749495e-08
7891.37060546875	2.5197646540600943e-08
7900.0	2.427682389901174e-08
7901.373046875	2.4133993384986226e-08
7910.0	1.554490599964146e-08
7911.3759765625	1.4178884739196693e-08
7920.0	2.1244945841686467e-08
7921.37841796875	2.237135301209802e-08
7930.0	2.8780661637431927e-08
7931.38134765625	2.9799481047177223e-08
7940.0	2.7105966447657757e-08
7941.3837890625	2.6675663735242444e-08
7950.0	3.8633127931646645e-08
7951.38671875	4.0552819909302645e-08
7960.0	6.326872325792092e-08
7961.38916015625	6.690841954647797e-08
7970.0	8.699423647776998e-08
7971.39208984375	9.022478566346515e-08
7980.0	1.5178833185040392e-07
7981.39501953125	1.6173647976938253e-07
7990.0	2.4766618575770594e-07
7991.3974609375	2.615359912834575e-07
8000.0	3.930280990140979e-07
8001.400390625	4.1432785649129026e-07
8010.0	4.839151905187024e-07
8011.40283203125	4.951552000631448e-07
8020.0	5.4990482921285e-07
8021.40576171875	5.588093538216352e-07
8030.0	5.222326003400698e-07
8031.408203125	5.163477485926052e-07
8040.0	4.809773892013486e-07
8041.4111328125	4.751334344109925e-07
8050.0	3.730464870855666e-07
8051.41357421875	3.5633667599317073e-07
8060.0	2.847458818592541e-07
8061.41650390625	2.73035470615698e-07
8070.0	2.1384567877134972e-07
8071.41943359375	2.0407619200843615e-07
8080.0	1.4786606817191393e-07
8081.421875	1.3860312250890664e-07
8090.0	1.3381585952595198e-07
8091.4248046875	1.3304200390629788e-07
8100.0	1.1930941352290059e-07
8101.42724609375	1.1701893703662684e-07
8110.0	1.0989856639284169e-07
8111.43017578125	1.0871696277066472e-07
8120.0	1.1510779059231302e-07
8121.4326171875	1.1618495010955357e-07
8130.0	1.718029842553272e-07
8131.435546875	1.8105343842672485e-07
8140.0	3.4270218737101643e-07
8141.43798828125	3.6968699251085273e-07
8150.0	6.598785230563871e-07
8151.44091796875	7.085269817697274e-07
8160.0	1.0705203251727082e-06
8161.443359375	1.1311163757780684e-06
8170.0	1.4658949097194421e-06
8171.4462890625	1.5221482664057838e-06
8180.0	1.7030094338650289e-06
8181.44873046875	1.73368907236297e-06
8190.0	1.6454455945454606e-06
8191.45166015625	1.6303154686381013e-06
8200.0	1.3780801472550813e-06
8201.4541015625	1.3354459115033556e-06
8210.0	1.0422433404362633e-06
8211.45703125	9.926691291965885e-07
8220.0	6.956276450322096e-07
8221.4599609375	6.45019852436345e-07
8230.0	4.6637430120979905e-07
8231.4619140625	4.360047123449249e-07
8240.0	3.480008387410467e-07
8241.46484375	3.330247471175361e-07
8250.0	3.203015204405759e-07
8251.4677734375	3.1807881484535486e-07
8260.0	2.4355666020319013e-07
8261.470703125	2.3077762086216747e-07
8270.0	2.1658249191031378e-07
8271.4736328125	2.14171324194409e-07
8280.0	1.815677694903267e-07
8281.4755859375	1.7592538039392017e-07
8290.0	1.7446296024776905e-07
8291.478515625	1.7420993977667576e-07
8300.0	2.731494205513786e-07
8301.4814453125	2.902570690882822e-07
8310.0	5.217365502948207e-07
8311.484375	5.619314655950299e-07
8320.0	8.213780780983215e-07
8321.486328125	8.663377911164583e-07
8330.0	1.1673540578439355e-06
8331.4892578125	1.2197201566949874e-06
8340.0	1.3938902813632447e-06
8341.4921875	1.4244532336790686e-06
8350.0	1.323650622567783e-06
8351.4951171875	1.3058306366134007e-06
8360.0	1.0545229784213599e-06
8361.4970703125	1.0105247316187533e-06
8370.0	7.37573536298965e-07
8371.5	6.896842965455132e-07
8380.0	4.188305613044256e-07
8381.5029296875	3.712549987342265e-07
8390.0	1.8067418147661222e-07
8391.505859375	1.4703442020394328e-07
8400.0	1.0204340037177441e-07
8401.5078125	9.411128960301816e-08
8410.0	9.602887504392661e-08
8411.5107421875	9.638155499826317e-08
8420.0	1.2356047062805575e-07
8421.513671875	1.283686981590532e-07
8430.0	2.1560860153081315e-07
8431.5166015625	2.3115365780008597e-07
8440.0	3.7955614930174696e-07
8441.51953125	4.0602853200824794e-07
8450.0	5.648378002469409e-07
8451.521484375	5.932961928855925e-07
8460.0	7.833021300204157e-07
8461.5244140625	8.172370206594602e-07
8470.0	9.101498517479199e-07
8471.52734375	9.268211446290444e-07
8480.0	9.172899866662128e-07
8481.5302734375	9.155742468056481e-07
8490.0	7.697935613035785e-07
8491.5322265625	7.436385284627606e-07
8500.0	1.4317472009855327e-06
8501.53515625	1.555570603866062e-06
8510.0	1.4229028427012945e-06
8511.5380859375	1.3989250136468812e-06
8520.0	1.767314448270515e-06
8521.541015625	1.8340284883210915e-06
8530.0	9.834221871780947e-07
8531.5439453125	8.291374175999299e-07
8540.0	1.4366645889243592e-06
8541.5458984375	1.5469866828679934e-06
8550.0	2.3841365123398667e-07
8551.548828125	1.475902046031272e-11
8560.0	3.9576898389733105e-07
8561.5517578125	4.68023514176502e-07
8570.0	7.240519609872091e-08
8571.5546875	1.4594717214263212e-11
8580.0	4.307258557424018e-07
8581.556640625	5.096573450641814e-07
8590.0	1.5956641149204676e-06
8591.5595703125	1.795090935879238e-06
8600.0	3.3097984103143e-07
8601.5625	6.151913627801176e-08
8610.0	1.3607750953917387e-06
8611.5654296875	1.6006414371145534e-06
8620.0	9.817914997967036e-07
8621.5673828125	8.672298325504773e-07
8630.0	1.3546843613002768e-07
8631.5703125	1.411895370261426e-11
8640.0	1.4071132640289413e-11
8641.5732421875	1.4062163708308005e-11
8650.0	1.4013884770813863e-11
8651.576171875	1.4004805984849932e-11
8660.0	1.3956045456948349e-11
8661.578125	1.3948963734432397e-11
8670.0	2.0402662269875976e-07
8671.5810546875	2.421644869615978e-07
8680.0	7.647904383344592e-07
8681.583984375	8.626972428915814e-07
8690.0	1.3637807509632312e-07
8691.5869140625	1.3782818544045484e-11
8700.0	2.612406354703768e-07
8701.58984375	3.1038783795686655e-07
8710.0	1.94740482175131e-07
8711.591796875	1.72973941957561e-07
8720.0	2.7505956006722048e-08
8721.5947265625	1.3613316162553408e-11
8730.0	6.362302038121354e-07
8731.59765625	7.566055263021706e-07
8740.0	1.8119901498911908e-07
8741.6005859375	7.209344341323995e-08
8750.0	1.0503215501979977e-07
8751.6025390625	1.1128641276355149e-07
8760.0	4.86584266519931e-07
8761.60546875	5.58077010718293e-07
8770.0	8.945529283136647e-08
8771.6083984375	1.3310077959021295e-11
8780.0	1.3255588490991733e-11
8781.611328125	1.3245077984489817e-11
8790.0	9.038951455846901e-08
8791.6142578125	1.0769408767013195e-07
8800.0	5.564456292054699e-07
8801.6162109375	6.423611030795105e-07
8810.0	2.8282344969285157e-07
8811.619140625	2.1386102825778697e-07
8820.0	3.4530754635369076e-08
8821.6220703125	1.2955170965485615e-11
8830.0	2.576507823771482e-07
8831.625	3.073760423639751e-07
8840.0	5.26503321700467e-07
8841.626953125	5.688557835081671e-07
8850.0	9.230913246407657e-08
8851.6298828125	1.2745433123564361e-11
8860.0	5.338265198978093e-07
8861.6328125	6.374228539785917e-07
8870.0	1.037927284407327e-07
8871.6357421875	1.2616149458292744e-11
8880.0	1.2570622546483312e-11
8881.638671875	1.2559652484096467e-11
8890.0	5.546628936087434e-07
8891.640625	6.62905447559416e-07
8900.0	1.0843538500289686e-07
8901.6435546875	1.2424285031764665e-11
8910.0	4.603272031678498e-09
8911.646484375	5.502769586524836e-09
8920.0	9.133881060943589e-10
8921.6494140625	1.2286233124966202e-11
8930.0	5.120885689189015e-07
8931.6513671875	6.127717528083697e-07
8940.0	9.45116294848757e-07
8941.654296875	1.0107425976769392e-06
8950.0	1.6677866342115898e-07
8951.6572265625	1.2085849545694574e-11
8960.0	1.5825688429503116e-08
8961.66015625	1.8953558099288987e-08
8970.0	4.526228612252871e-07
8971.662109375	5.385246480606246e-07
8980.0	8.919166876427224e-08
8981.6650390625	1.186771825968634e-11
8990.0	1.9011904087926165e-07
8991.66796875	2.2792394758228628e-07
9000.0	7.696305676750831e-07
9001.6708984375	8.773849055953373e-07
9010.0	2.697868543848755e-07
9011.6728515625	1.4871016289853707e-07
9020.0	3.388784463197715e-07
9021.67578125	3.7682486604857986e-07
9030.0	3.416596894109684e-07
9031.6787109375	3.3465496669861886e-07
9040.0	4.1353700095876983e-07
9041.681640625	4.293580766965599e-07
9050.0	2.4828285276675383e-07
9051.6845703125	2.1188001541886006e-07
9060.0	2.8853380954363914e-07
9061.6865234375	3.039616975210465e-07
9070.0	2.2134429304693571e-07
9071.689453125	2.0467895667817211e-07
9080.0	2.0993183597295148e-07
9081.6923828125	2.1102600054091667e-07
9090.0	8.476005242005627e-08
9091.6953125	5.9156401699011236e-08
9100.0	3.5403479609960105e-07
9101.697265625	4.138244600649944e-07
9110.0	8.876966343201138e-08
9111.7001953125	2.273277181461744e-08
9120.0	3.9251315917211914e-07
9121.703125	4.67777953883422e-07
9130.0	5.671260918260428e-07
9131.7060546875	5.873806727465434e-07
9140.0	2.424262429549905e-07
9141.708984375	1.7193001771737485e-07
9150.0	1.3333458318166828e-07
9151.7109375	1.2543454783127282e-07
9160.0	3.051795742990553e-07
9161.7138671875	3.4202466632318465e-07
9170.0	2.5003959322227806e-07
9171.716796875	2.311409857154906e-07
9180.0	2.468019405714959e-07
9181.7197265625	2.500637152741429e-07
9190.0	2.986524579142586e-07
9191.7216796875	3.086186796177505e-07
9200.0	2.835879961859752e-07
9201.724609375	2.783841452903012e-07
9210.0	1.3977025310774043e-07
9211.7275390625	1.1111270243780072e-07
9220.0	1.2576020160006868e-07
9221.73046875	1.2879153503514206e-07
9230.0	2.5215296771465674e-07
9231.732421875	2.777537011298308e-07
9240.0	2.670287461051368e-07
9241.7353515625	2.647940554972236e-07
9250.0	2.1233278150535124e-07
9251.73828125	2.014031465518973e-07
9260.0	8.220080426245926e-08
9261.7412109375	5.7327981490715494e-08
9270.0	1.2007355927308642e-07
9271.744140625	1.331870516530671e-07
9280.0	1.9269845696459726e-07
9281.74609375	2.0515046516110085e-07
9290.0	1.6872744723047463e-07
9291.7490234375	1.6108630501505592e-07
9300.0	3.601897395421165e-08
9301.751953125	9.747137327810923e-09
9310.0	1.703529451787792e-09
9311.7548828125	8.952247058308391e-12
9320.0	2.8990135025830354e-07
9321.7568359375	3.5098216832642465e-07
9330.0	2.3151329280682312e-07
9331.759765625	2.0628826584097466e-07
9340.0	3.6460934927160355e-07
9341.7626953125	3.980800634561393e-07
9350.0	1.6732351769654758e-07
9351.765625	1.1843033158815279e-07
9360.0	7.434189232095477e-08
9361.7685546875	6.498211929932437e-08
9370.0	5.246838221782439e-08
9371.7705078125	4.9807406789610904e-08
9380.0	8.168588377260028e-08
9381.7734375	8.846905371125319e-08
9390.0	1.9632775953010443e-08
9391.7763671875	4.95308192373251e-09
9400.0	1.0429897178553969e-07
9401.779296875	1.2549459651274077e-07
9410.0	9.191567385612457e-08
9411.78125	8.473760676934539e-08
9420.0	5.410566690182551e-08
9421.7841796875	4.754796448263275e-08
9430.0	2.0617978384136467e-07
9431.787109375	2.4020750393791847e-07
9440.0	4.249678933100707e-08
9441.7900390625	7.598411073587411e-12
9450.0	7.509289645987475e-12
9451.79296875	7.489778879815625e-12
9460.0	6.5047727956869146e-09
9461.794921875	7.904764363888166e-09
9470.0	2.7347056175260694e-08
9471.7978515625	3.1542573308490875e-08
9480.0	2.126887979718422e-07
9481.80078125	2.518464067169714e-07
9490.0	1.6995732103272352e-07
9491.8037109375	1.522128377386329e-07
9500.0	8.427730511251591e-08
9501.8056640625	6.962112298482793e-08
9510.0	2.0538479733505875e-08
9511.80859375	9.811287022238592e-09
9520.0	4.584858143058658e-08
9521.8115234375	5.3737663258616255e-08
9530.0	4.043161154933963e-08
9531.814453125	3.7512060264286745e-08
9540.0	6.760561940403353e-09
9541.81640625	6.6715755049624766e-12
9550.0	1.0569779503759873e-07
9551.8193359375	1.289464668120555e-07
9560.0	1.288322808003949e-07
9561.822265625	1.2880376089728788e-07
9570.0	2.330066542954668e-08
9571.8251953125	6.461485875716954e-12
9580.0	4.1129376671482905e-08
9581.828125	5.02238282987184e-08
9590.0	5.945923809781771e-08
9591.830078125	6.150276375288844e-08
9600.0	1.1489389709994754e-07
9601.8330078125	1.2674937052580323e-07
9610.0	2.306291363768042e-08
9611.8359375	6.1788358702890715e-12
9620.0	6.11290216859297e-12
9621.8388671875	6.099194044779532e-12
9630.0	3.3789130777398125e-08
9631.8408203125	4.131449501001556e-08
9640.0	6.775825237375161e-08
9641.84375	7.36568287731908e-08
9650.0	1.2075072584873694e-07
9651.8466796875	1.312737413073817e-07
9660.0	7.44180283467457e-08
9661.849609375	6.168388760319876e-08
9670.0	2.4574375150142535e-08
9671.8525390625	1.62494462959802e-08
9680.0	3.1029482018995006e-08
9681.8544921875	3.434747434001373e-08
9690.0	3.537539563834503e-08
9691.857421875	3.5605171772102e-08
9700.0	4.591918335386413e-08
9701.8603515625	4.824109488064336e-08
9710.0	1.495311446590388e-08
9711.86328125	7.439748746708691e-09
9720.0	4.503397221035763e-08
9721.865234375	5.352625985419616e-08
9730.0	3.9506990222116227e-08
9731.8681640625	3.633265452284745e-08
9740.0	3.701631040273866e-08
9741.87109375	3.716946872326898e-08
9750.0	1.5735020411559523e-08
9751.8740234375	1.0867751452183133e-08
9760.0	2.0168597200181566e-09
9761.8759765625	5.0225247454470366e-12
9770.0	7.798887965319406e-08
9771.87890625	9.57361953506288e-08
9780.0	3.286313516464295e-08
9781.8818359375	1.8526507651201725e-08
9790.0	3.448227916086997e-09
9791.884765625	4.784042458783858e-12
9800.0	6.417538914468581e-08
9801.8876953125	7.883982307116682e-08
9810.0	4.46883976707491e-08
9811.8896484375	3.6870825858663656e-08
9820.0	3.507871623504612e-08
9821.892578125	3.466568259163845e-08
9830.0	2.3698989808318617e-08
9831.8955078125	2.1182042465074995e-08
9840.0	2.8557881256534964e-08
9841.8984375	3.025181203645926e-08
9850.0	1.3469283579954935e-08
9851.900390625	9.605539319232001e-09
9860.0	4.1997530746825e-08
9861.9033203125	4.945980221871289e-08
9870.0	1.8763895420362283e-08
9871.90625	1.1677392402623875e-08
9880.0	2.195825445358671e-09
9881.9091796875	4.042078258855848e-12
9890.0	1.2152161849095316e-09
9891.912109375	1.4954573024722802e-09
9900.0	2.4792288544894006e-08
9901.9140625	3.018107562834786e-08
9910.0	5.0302551018753623e-08
9911.9169921875	5.4971070549484724e-08
9920.0	1.5688042971176265e-08
9921.919921875	6.562016462258458e-09
9930.0	1.2412508626931135e-09
9931.9228515625	3.6201596533294468e-12
9940.0	4.593921087766767e-08
9941.9248046875	5.662595547751179e-08
9950.0	4.6359314831010815e-08
9951.927734375	4.3961374580856754e-08
9960.0	8.319833990794991e-09
9961.9306640625	3.366884557839012e-12
9970.0	1.3742537094140348e-08
9971.93359375	1.6949948028541218e-08
9980.0	1.9819432923286647e-08
9981.9365234375	2.0487667821463376e-08
9990.0	3.88788924459382e-09
9991.9384765625	3.1117107690232306e-12
10000.0	1.2662939860703764e-08
10001.94140625	1.5638428882287062e-08
10010.0	1.4506430335833925e-08
10011.9443359375	1.4238191671131358e-08
10020.0	6.88415173168651e-09
10021.947265625	5.149646306251935e-09
10030.0	8.01082545018518e-09
10031.9501953125	8.683265438754243e-09
10040.0	8.96461884416098e-09
10041.9521484375	9.031628747611507e-09
10050.0	1.9310424705233066e-08
10051.955078125	2.1737848958068614e-08
10060.0	2.1689381144443144e-08
10061.9580078125	2.16745928839361e-08
10070.0	2.981500431463382e-08
10071.9599609375	3.1738037332387214e-08
10080.0	2.7207195896392504e-08
10081.962890625	2.6128563492619938e-08
10090.0	1.1275393516572153e-08
10091.9658203125	7.749231416354045e-09
10100.0	1.4892030867693199e-09
10101.96875	2.2941625739679204e-12
10110.0	4.80776178591507e-09
10111.970703125	5.948366822276048e-09
10120.0	1.1267619518624175e-08
10121.9736328125	1.2526909200504303e-08
10130.0	5.965091925848854e-09
10131.9765625	4.405364808151853e-09
10140.0	3.828992174853158e-09
10141.978515625	3.690900229682213e-09
10150.0	3.896865032336741e-09
10151.982421875	3.9448565408243275e-09
10160.0	3.4513379397474445e-09
10161.9853515625	3.33274401378958e-09
10170.0	8.291760171960595e-10
10171.98828125	2.322276377937993e-10
10180.0	5.07627903882367e-09
10181.990234375	6.228706193205772e-09
10190.0	1.2001208543668693e-09
10191.9931640625	1.6355622319152647e-12
10200.0	1.108232894316766e-08
10201.99609375	1.3770106326886642e-08
10210.0	1.136627867937496e-08
10211.998046875	1.0783226389100452e-08
10220.0	8.573119499897632e-09
10222.0009765625	8.03397498241809e-09
10230.0	3.882234903949913e-09
10232.00390625	2.87008515221836e-09
10240.0	2.549914414458733e-09
10242.0068359375	2.471410396327878e-09
10250.0	1.6898997653208934e-09
10252.0087890625	1.4988988121189083e-09
10260.0	1.7081399171987749e-09
10262.01171875	1.7589321344752856e-09
10270.0	3.4659725017769636e-10
10272.0146484375	1.2820527742467815e-12
10280.0	6.259930183749094e-09
10282.0166015625	7.78913275325933e-09
10290.0	8.603751970228841e-09
10292.01953125	8.801201804591933e-09
10300.0	1.0796651631790434e-08
10302.0234375	1.1282987230748613e-08
10310.0	5.673960248019989e-09
10312.0263671875	4.297342677301313e-09
10320.0	6.635487424010787e-09
10322.0283203125	7.206988046669961e-09
10330.0	3.2064517837674664e-09
10332.03125	2.224316765595433e-09
10340.0	6.8203841378014915e-09
10342.0341796875	7.94408057881797e-09
10350.0	8.159164099201924e-09
10352.0361328125	8.210904136389648e-09
10360.0	5.912672318866875e-09
10362.0390625	5.346789825886683e-09
10370.0	1.461516916883438e-09
10372.0419921875	5.080264368524613e-10
10380.0	1.007076974798196e-10
10382.0439453125	8.359196028900058e-13
10390.0	8.04059718413902e-13
10392.046875	7.95867405258243e-13
10400.0	7.640586721215719e-13
10402.0498046875	7.59659297579992e-13
10410.0	4.073095930225981e-09
10412.052734375	5.095462920356663e-09
10420.0	1.8117907524688246e-09
10422.0546875	9.861536858143441e-10
10430.0	1.5629812822872622e-09
10432.0576171875	1.7078313521219467e-09
10440.0	2.024823138045413e-09
10442.060546875	2.1042848019481166e-09
10450.0	1.5379690541325144e-09
10452.0634765625	1.3946111474888612e-09
10460.0	3.129924366361509e-09
10462.06640625	3.567366220598566e-09
10470.0	7.196994464650928e-10
10472.0693359375	6.148607147085696e-13
10480.0	5.987217110118883e-13
10482.072265625	5.945072406469273e-13
10490.0	8.891353366384677e-10
10492.07421875	1.113449686711192e-09
10500.0	2.2517830523117365e-10
10502.0771484375	5.537572513388313e-13
10510.0	5.372164267833864e-13
10512.080078125	5.330094766952576e-13
10520.0	7.825583939883804e-10
10522.08203125	9.801095155820707e-10
10530.0	4.763735060441416e-09
10532.0849609375	5.719274117055822e-09
10540.0	2.660830035659886e-09
10542.087890625	1.8861054855768822e-09
10550.0	1.6392702034061423e-09
10552.0908203125	1.575806639965413e-09
10560.0	3.181911713204069e-10
10562.0927734375	4.317668922130678e-13
10570.0	6.731912819510481e-10
10572.095703125	8.429151944143578e-10
10580.0	7.693232315383947e-10
10582.0986328125	7.503437996592898e-10
10590.0	4.580544285833469e-10
10592.1005859375	3.840527255086693e-10
10600.0	4.401560428267912e-10
10602.103515625	4.5707329390643843e-10
10610.0	9.470414145666844e-11
10612.107421875	3.4564350367626517e-13
10620.0	3.391534065367461e-13
10622.1103515625	3.3741959302768983e-13
10630.0	1.6357639896093664e-09
10632.1123046875	2.062767000102003e-09
10640.0	6.382034107457444e-10
10642.115234375	2.6553950638900087e-10
10650.0	5.529634295513417e-11
10652.1181640625	3.1247199041557676e-13
10660.0	4.2272751678768386e-10
10662.1201171875	5.333273020988774e-10
10670.0	1.1104430092679265e-10
10672.123046875	2.9618081612784723e-13
10680.0	6.024578896679969e-10
10682.1259765625	7.604281429745851e-10
10690.0	6.386254920806151e-10
10692.12890625	6.063615969123172e-10
10700.0	1.5186242140372498e-09
10702.130859375	1.758334913885868e-09
10710.0	6.187239402274774e-10
10712.1337890625	3.187726896793171e-10
10720.0	1.032630977019794e-09
10722.13671875	1.220408959394624e-09
10730.0	3.0891951073675084e-10
10732.138671875	6.872604842155284e-11
10740.0	1.4514967487517415e-11
10742.1416015625	2.390833296809883e-13
10750.0	6.147398973334453e-10
10752.14453125	7.766815535869365e-10
10760.0	2.9119921940788905e-10
10762.1484375	1.6293179922839887e-10
10770.0	2.0292989120098492e-10
10772.150390625	2.1338323577214126e-10
10780.0	4.472497891822138e-11
10782.1533203125	2.0695541842617266e-13
10790.0	6.993494708552465e-11
10792.15625	8.834054817713106e-11
10800.0	8.862260240700914e-10
10802.158203125	1.099117054601188e-09
10810.0	5.356271640706753e-10
10812.1611328125	3.8496519998500594e-10
10820.0	8.125255531446974e-11
10822.1640625	1.7939479464295093e-13
10830.0	1.4602471956856242e-11
10832.1669921875	1.8455565218365183e-11
10840.0	6.651600225098815e-10
10842.1689453125	8.377237648673219e-10
10850.0	1.7681930370032381e-10
10852.171875	1.6141331632418371e-13
10860.0	6.379800736483647e-10
10862.1748046875	8.085198006435274e-10
10870.0	3.1132563712810886e-10
10872.1767578125	1.781556742453163e-10
10880.0	3.7742550118322037e-11
10882.1796875	1.4372120900056267e-13
10890.0	2.640847255893946e-10
10892.1826171875	3.346503094695034e-10
10900.0	7.079800437606499e-11
10902.185546875	1.3188952483564726e-13
10910.0	1.7371043912793394e-11
10912.1884765625	2.197806775375335e-11
10920.0	3.7978536653440987e-10
10922.19140625	4.752237708261886e-10
10930.0	6.047959063028834e-10
10932.1943359375	6.392570665261789e-10
10940.0	1.349107771133469e-10
10942.1962890625	1.0851137608401592e-13
10950.0	3.544397030756182e-10
10952.19921875	4.4863496598090605e-10
10960.0	9.443113988895213e-11
10962.2021484375	9.685410233638396e-14
10970.0	9.23749153747617e-14
10972.205078125	9.110965412275597e-14
10980.0	8.664118042342887e-14
10982.20703125	8.535403802524729e-14
10990.0	2.564741538770014e-10
10992.2099609375	3.2403039694222175e-10
11000.0	4.646142443833564e-10
11002.212890625	5.040724828993094e-10
11004.42578125	0.0
