# WAVELENGTH THROUGHPUT
500.0 0.0
998.0 0.0
999.0 0.0
1000.0 0.0
1010.0 0.0
1020.0 0.0
1030.0 0.0
1040.0 0.0
1050.0 0.0
1060.0 0.0
1070.0 0.0
1080.0 0.0
1090.0 0.0
1100.0 0.0
1110.0 0.0
1120.0 0.0
1130.0 0.0
1140.0 0.0
1150.0 0.0
1160.0 0.0
1170.0 0.0
1180.0 0.0
1190.0 0.0
1200.0 0.0
1210.0 0.0
1220.0 0.0
1230.0 0.0
1240.0 0.0
1250.0 0.0
1260.0 0.0
1270.0 0.0
1280.0 0.0
1290.0 0.0
1300.0 0.0
1310.0 0.0
1320.0 0.0
1330.0 0.0
1340.0 0.0
1350.0 0.0
1360.0 0.0
1370.0 0.0
1380.0 0.0
1390.0 0.0
1400.0 0.0
1410.0 0.0
1420.0 0.0
1430.0 0.0
1440.0 0.0
1450.0 0.0
1460.0 0.0
1470.0 0.0
1480.0 0.0
1490.0 0.0
1500.0 0.0
1510.0 0.0
1520.0 0.0
1530.0 0.0
1540.0 0.0
1550.0 0.0
1560.0 0.0
1570.0 0.0
1580.0 0.0
1590.0 0.0
1600.0 0.0
1610.0 0.0
1620.0 0.0
1630.0 0.0
1640.0 0.0
1650.0 0.0
1660.0 0.0
1670.0 0.0
1680.0 0.0
1690.0 0.0
1700.0 0.0
1710.0 0.0
1720.0 0.0
1730.0 0.0
1740.0 0.0
1750.0 0.0
1760.0 0.0
1770.0 0.0
1780.0 0.0
1790.0 0.0
1800.0 0.0
1810.0 0.0
1820.0 0.0
1830.0 0.0
1840.0 0.0
1850.0 0.0
1860.0 0.0
1870.0 0.0
1880.0 0.0
1890.0 0.0
1900.0 0.0
1910.0 0.0
1920.0 0.0
1930.0 0.0
1940.0 0.0
1950.0 0.0
1960.0 0.0
1970.0 0.0
1980.0 0.0
1988.0 0.0
1989.0 0.0
1990.0 0.0
2000.0 0.0
2010.0 0.0
2020.0 0.0
2030.0 0.0
2040.0 0.0
2050.0 0.0
2060.0 0.0
2070.0 0.0
2080.0 0.0
2090.0 0.0
2100.0 0.0
2110.0 0.0
2120.0 0.0
2130.0 0.0
2140.0 0.0
2150.0 0.0
2160.0 0.0
2170.0 0.0
2180.0 0.0
2190.0 0.0
2200.0 0.0
2210.0 0.0
2220.0 0.0
2230.0 0.0
2240.0 0.0
2250.0 0.0
2260.0 0.0
2270.0 0.0
2280.0 0.0
2290.0 0.0
2300.0 0.0
2310.0 0.0
2320.0 0.0
2330.0 0.0
2340.0 0.0
2350.0 0.0
2360.0 0.0
2370.0 0.0
2380.0 0.0
2390.0 0.0
2400.0 0.0
2410.0 0.0
2420.0 0.0
2430.0 0.0
2440.0 0.0
2450.0 0.0
2460.0 0.0
2470.0 0.0
2480.0 0.0
2490.0 0.0
2500.0 0.0
2510.0 0.0
2520.0 0.0
2530.0 0.0
2540.0 0.0
2550.0 0.0
2560.0 0.0
2570.0 0.0
2580.0 0.0
2590.0 0.0
2600.0 0.0
2610.0 0.0
2620.0 0.0
2630.0 0.0
2640.0 0.0
2650.0 0.0
2660.0 0.0
2670.0 0.0
2680.0 0.0
2690.0 0.0
2700.0 0.0
2710.0 0.0
2720.0 0.0
2730.0 0.0
2740.0 0.0
2750.0 0.0
2760.0 0.0
2770.0 0.0
2780.0 0.0
2790.0 0.0
2800.0 0.0
2810.0 0.0
2820.0 0.0
2830.0 0.0
2840.0 0.0
2850.0 0.0
2860.0 0.0
2870.0 0.0
2880.0 0.0
2890.0 0.0
2900.0 0.0
2910.0 0.0
2920.0 0.0
2930.0 0.0
2940.0 0.0
2950.0 0.0
2960.0 0.0
2970.0 0.0
2980.0 0.0
2990.0 0.0
3000.0 0.0
3010.0 0.0
3020.0 0.0
3030.0 0.0
3040.0 0.0
3050.0 0.0
3060.0 0.0
3070.0 0.0
3080.0 0.0
3090.0 0.0
3100.0 0.0
3110.0 0.0
3120.0 0.0
3130.0 0.0
3140.0 0.0
3150.0 0.0
3160.0 0.0
3170.0 0.0
3180.0 0.0
3190.0 0.0
3200.0 0.0
3210.0 0.0
3220.0 0.0
3230.0 0.0
3240.0 0.0
3250.0 0.0
3260.0 0.0
3270.0 0.0
3280.0 0.0
3290.0 0.0
3300.0 0.0
3310.0 0.0
3320.0 0.0
3330.0 0.0
3340.0 0.0
3350.0 0.0
3360.0 0.0
3370.0 0.0
3380.0 0.0
3390.0 0.0
3400.0 0.0
3410.0 0.0
3420.0 0.0
3430.0 0.0
3440.0 0.0
3450.0 0.0
3460.0 0.0
3470.0 0.0
3480.0 0.0
3490.0 0.0
3500.0 0.0
3510.0 0.0
3520.0 0.0
3530.0 0.0
3540.0 0.0
3550.0 0.0
3560.0 0.0
3570.0 0.0
3580.0 0.0
3590.0 0.0
3600.0 0.0
3610.0 0.0
3620.0 0.0
3630.0 0.0
3640.0 0.0
3650.0 0.0
3660.0 0.0
3670.0 0.0
3680.0 0.0
3690.0 0.0
3700.0 0.0
3710.0 0.0
3720.0 0.0
3730.0 0.0
3740.0 0.0
3750.0 0.0
3760.0 0.0
3770.0 0.0
3780.0 0.0
3790.0 0.0
3800.0 0.0
3810.0 0.0
3820.0 0.0
3830.0 0.0
3840.0 0.0
3850.0 0.0
3860.0 0.0
3870.0 0.0
3880.0 0.0
3890.0 0.0
3900.0 0.0
3910.0 0.0
3920.0 0.0
3930.0 0.0
3940.0 0.0
3950.0 0.0
3960.0 0.0
3970.0 0.0
3980.0 0.0
3990.0 0.0
3998.0 0.0
3999.0 0.0
4000.0 0.0
4010.0 0.0
4020.0 0.0
4030.0 0.0
4040.0 0.0
4050.0 0.0
4060.0 0.0
4070.0 0.0
4080.0 0.0
4090.0 0.0
4100.0 0.0
4110.0 0.0
4120.0 0.0
4130.0 0.0
4140.0 0.0
4150.0 0.0
4160.0 0.0
4170.0 0.0
4180.0 0.0
4190.0 0.0
4200.0 0.0
4210.0 0.0
4220.0 0.0
4230.0 0.0
4240.0 0.0
4250.0 0.0
4260.0 0.0
4270.0 0.0
4280.0 0.0
4290.0 0.0
4300.0 0.0
4310.0 0.0
4320.0 0.0
4330.0 0.0
4340.0 0.0
4350.0 0.0
4360.0 0.0
4370.0 0.0
4380.0 0.0
4390.0 0.0
4400.0 0.0
4410.0 0.0
4420.0 0.0
4430.0 0.0
4440.0 0.0
4450.0 0.0
4460.0 0.0
4470.0 0.0
4480.0 0.0
4490.0 0.0
4500.0 0.0
4510.0 0.0
4520.0 0.0
4530.0 0.0
4540.0 0.0
4550.0 0.0
4560.0 0.0
4570.0 0.0
4580.0 0.0
4590.0 0.0
4600.0 0.0
4610.0 0.0
4620.0 0.0
4630.0 0.0
4640.0 0.0
4650.0 0.0
4660.0 0.0
4670.0 0.0
4680.0 0.0
4690.0 0.0
4700.0 0.0
4710.0 0.0
4720.0 0.0
4730.0 0.0
4740.0 0.0
4750.0 0.0
4760.0 0.0
4770.0 0.0
4780.0 0.0
4790.0 0.0
4800.0 0.0
4810.0 0.0
4820.0 0.0
4830.0 0.0
4840.0 0.0
4850.0 0.0
4860.0 0.0
4870.0 0.0
4880.0 0.0
4890.0 0.0
4900.0 0.0
4910.0 0.0
4920.0 0.0
4930.0 0.0
4940.0 0.0
4950.0 0.0
4960.0 0.0
4970.0 0.0
4980.0 0.0
4990.0 0.0
5000.0 0.0
5010.0 0.0
5020.0 0.0
5030.0 0.0
5040.0 0.0
5050.0 0.0
5060.0 0.0
5070.0 0.0
5080.0 0.0
5090.0 0.0
5100.0 0.0
5110.0 0.0
5120.0 0.0
5130.0 0.0
5140.0 0.0
5150.0 0.0
5160.0 0.0
5170.0 0.0
5180.0 0.0
5190.0 0.0
5200.0 0.0
5210.0 0.0
5220.0 0.0
5230.0 0.0
5240.0 0.0
5250.0 0.0
5260.0 0.0
5270.0 0.0
5280.0 0.0
5290.0 0.0
5300.0 0.0
5310.0 0.0
5320.0 0.0
5330.0 0.0
5340.0 0.0
5350.0 0.0
5360.0 0.0
5370.0 0.0
5380.0 0.0
5390.0 0.0
5400.0 0.0
5410.0 0.0
5420.0 0.0
5430.0 0.0
5440.0 0.0
5450.0 0.0
5460.0 0.0
5470.0 0.0
5480.0 0.0
5490.0 0.0
5500.0 0.0
5510.0 0.0
5520.0 0.0
5530.0 0.0
5540.0 0.0
5550.0 0.0
5560.0 0.0
5570.0 0.0
5580.0 0.0
5590.0 0.0
5600.0 0.0
5610.0 0.0
5620.0 0.0
5630.0 0.0
5640.0 0.0
5650.0 0.0
5660.0 0.0
5670.0 0.0
5680.0 0.0
5690.0 0.0
5700.0 0.0
5710.0 0.0
5720.0 0.0
5730.0 0.0
5740.0 0.0
5750.0 0.0
5760.0 0.0
5770.0 0.0
5780.0 0.0
5790.0 0.0
5800.0 0.0
5810.0 0.0
5820.0 0.0
5830.0 0.0
5840.0 0.0
5850.0 0.0
5860.0 0.0
5870.0 0.0
5880.0 0.0
5890.0 0.0
5900.0 0.0
5910.0 0.0
5920.0 0.0
5930.0 0.0
5940.0 0.0
5950.0 0.0
5960.0 0.0
5970.0 0.0
5980.0 0.0
5990.0 0.0
6000.0 0.0
6010.0 0.0
6020.0 0.0
6030.0 0.0
6040.0 0.0
6050.0 0.0
6060.0 0.0
6070.0 0.0
6080.0 0.0
6090.0 0.0
6100.0 0.0
6110.0 0.0
6120.0 0.0
6130.0 0.0
6140.0 0.0
6150.0 0.0
6160.0 0.0
6170.0 0.0
6180.0 0.0
6190.0 0.0
6200.0 0.0
6210.0 0.0
6220.0 0.0
6230.0 0.0
6240.0 0.0
6250.0 0.0
6260.0 0.0
6270.0 0.0
6280.0 0.0
6290.0 0.0
6300.0 0.0
6310.0 0.0
6320.0 0.0
6330.0 0.0
6340.0 0.0
6350.0 0.0
6360.0 0.0
6370.0 0.0
6380.0 0.0
6390.0 0.0
6400.0 0.0
6410.0 0.0
6420.0 0.0
6430.0 0.0
6440.0 0.0
6450.0 0.0
6460.0 0.0
6470.0 0.0
6480.0 0.0
6490.0 0.0
6500.0 0.0
6510.0 0.0
6520.0 0.0
6530.0 0.0
6540.0 0.0
6550.0 0.0
6560.0 0.0
6570.0 0.0
6580.0 0.0
6590.0 0.0
6600.0 0.0
6610.0 0.0
6620.0 0.0
6630.0 0.0
6640.0 0.0
6650.0 0.0
6660.0 0.0
6670.0 0.0
6680.0 0.0
6690.0 0.0
6700.0 0.0
6710.0 0.0
6720.0 0.0
6730.0 0.0
6740.0 0.0
6750.0 0.0
6760.0 0.0
6770.0 0.0
6780.0 0.0
6790.0 0.0
6800.0 0.0
6810.0 0.0
6820.0 0.0
6830.0 0.0
6840.0 0.0
6850.0 0.0
6860.0 0.0
6870.0 0.0
6880.0 0.0
6890.0 0.0
6900.0 0.0
6910.0 0.0
6920.0 0.0
6930.0 0.0
6940.0 0.0
6950.0 0.0
6960.0 0.0
6970.0 0.0
6980.0 0.0
6990.0 0.0
7000.0 0.0
7010.0 0.0
7020.0 0.0
7030.0 0.0
7040.0 0.0
7050.0 0.0
7060.0 0.0
7070.0 0.0
7080.0 0.0
7090.0 0.0
7100.0 0.0
7110.0 0.0
7120.0 0.0
7130.0 0.0
7140.0 0.0
7150.0 0.0
7160.0 0.0
7170.0 0.0
7180.0 0.0
7190.0 0.0
7200.0 0.0
7210.0 0.0
7220.0 0.0
7230.0 0.0
7240.0 0.0
7250.0 0.0
7260.0 0.0
7270.0 0.0
7280.0 0.0
7290.0 0.0
7300.0 0.0
7300.01123046875 0.0
7301.01123046875 0.0
7302.01123046875 0.0
7310.0 0.0
7320.0 0.0
7330.0 0.0
7340.0 0.0
7350.0 0.0
7360.0 0.0
7370.0 0.0
7380.0 0.0
7390.0 0.0
7400.0 0.0
7410.0 0.0
7420.0 0.0
7430.0 0.0
7440.0 0.0
7450.0 0.0
7460.0 0.0
7470.0 0.0
7480.0 0.0
7490.0 0.0
7500.0 0.0
7510.0 0.0
7520.0 0.0
7530.0 0.0
7540.0 0.0
7550.0 0.0
7560.0 0.0
7570.0 0.0
7580.0 0.0
7590.0 0.0
7600.0 0.0
7610.0 0.0
7620.0 0.0
7630.0 0.0
7640.0 0.0
7650.0 0.0
7652.10595703125 0.0
7660.0 0.0
7670.0 0.0
7680.0 0.0
7690.0 0.0
7700.0 0.0
7702.119140625 0.0
7710.0 0.0
7720.0 0.0
7730.0 0.0
7740.0 0.0
7750.0 0.0
7752.1328125 0.0
7760.0 0.0
7770.0 0.0
7780.0 0.0
7790.0 0.0
7800.0 0.0
7802.14599609375 0.0
7810.0 0.0
7820.0 0.0
7830.0 0.0
7840.0 0.0
7850.0 0.0
7860.0 0.0
7870.0 0.0
7880.0 0.0
7890.0 0.0
7900.0 0.0
7910.0 0.0
7920.0 0.0
7930.0 0.0
7940.0 0.0
7950.0 0.0
7960.0 0.0
7970.0 0.0
7980.0 0.0
7990.0 0.0
7998.0 0.0
7999.0 0.0
8000.0 3.579263423060018e-05
8010.0 3.613132318084622e-05
8020.0 3.6475789726084534e-05
8030.0 3.6823984983586776e-05
8040.0 3.716942588367613e-05
8050.0 3.751668368181224e-05
8060.0 3.786533813159681e-05
8070.0 3.82152704962211e-05
8080.0 3.8566551662759985e-05
8090.0 3.891918661123529e-05
8100.0 3.9273042495834076e-05
8110.0 3.962825649559739e-05
8120.0 3.9984703134628106e-05
8130.0 4.034251550955763e-05
8140.0 4.0701630566264557e-05
8150.0 4.106197955764416e-05
8160.0 4.1423712431670284e-05
8170.0 4.178675429330915e-05
8180.0 4.215104139098369e-05
8190.0 4.259967837108926e-05
8200.0 4.3051063116761544e-05
8210.0 4.349651759660987e-05
8220.0 4.394464257223552e-05
8230.0 4.4395389293514516e-05
8240.0 4.481693202556369e-05
8250.0 4.52405270882434e-05
8260.0 4.566611507090726e-05
8270.0 4.609362287601004e-05
8280.0 4.652321512354553e-05
8290.0 4.695479481492109e-05
8300.0 4.738830843745714e-05
8310.0 4.782391727485102e-05
8320.0 4.826153274185582e-05
8330.0 4.8701085143732546e-05
8340.0 4.914275129164778e-05
8350.0 4.958634968018605e-05
8360.0 5.0032071562939634e-05
8370.0 5.037298212834277e-05
8380.0 5.0714347662721246e-05
8390.0 5.105634338527277e-05
8400.0 5.139887751903832e-05
8410.0 5.1731834416195024e-05
8420.0 5.206514612586953e-05
8430.0 5.239899341189502e-05
8440.0 5.273328628221289e-05
8450.0 5.30680167585666e-05
8460.0 5.3403289476532036e-05
8470.0 5.373901344233805e-05
8480.0 5.407535156219345e-05
8490.0 5.441284817782895e-05
8500.0 5.4752209244308634e-05
8510.0 5.512676708306137e-05
8520.0 5.550355335039665e-05
8530.0 5.588178258807143e-05
8540.0 5.626110239003757e-05
8550.0 5.657717217978381e-05
8560.0 5.689334488179963e-05
8570.0 5.7209451071325e-05
8580.0 5.752566370205499e-05
8590.0 5.784188504178065e-05
8600.0 5.815801666866742e-05
8610.0 5.846483358257166e-05
8620.0 5.877153749789801e-05
8630.0 5.907814298915326e-05
8640.0 5.947612168656167e-05
8650.0 5.987494890986175e-05
8660.0 6.027450805153379e-05
8670.0 6.067498498413735e-05
8680.0 6.107629563010596e-05
8690.0 6.147841728761764e-05
8700.0 6.188138404704942e-05
8710.0 6.22850477162637e-05
8720.0 6.268962742985107e-05
8730.0 6.339238069840813e-05
8740.0 6.410061409816255e-05
8750.0 6.481436032469777e-05
8760.0 6.553363194773025e-05
8770.0 6.625835744246021e-05
8780.0 6.698878092023931e-05
8790.0 6.772482253291498e-05
8800.0 6.846649510573315e-05
8810.0 6.911747808897703e-05
8820.0 6.977222471230587e-05
8830.0 7.043099643743093e-05
8840.0 7.121355484883476e-05
8850.0 7.200222757411693e-05
8860.0 7.279706766581803e-05
8870.0 7.359808940657232e-05
8880.0 7.440522410851263e-05
8890.0 7.521872302964315e-05
8900.0 7.603849664789189e-05
8910.0 7.656277532555796e-05
8920.0 7.708874246862254e-05
8930.0 7.768056976734095e-05
8940.0 7.821043500037484e-05
8950.0 7.874186572635315e-05
8952.45703125 7.888876536126275e-05
8960.0 7.848494489199184e-05
8970.0 7.788139404836997e-05
8980.0 7.733882979632555e-05
8990.0 7.672886199872303e-05
9000.0 7.611545813123144e-05
9010.0 7.538594094061814e-05
9020.0 7.459442164902856e-05
9030.0 7.386503779231165e-05
9040.0 7.313632442778286e-05
9050.0 7.240715015177e-05
9060.0 7.173691202598524e-05
9070.0 7.100584963040846e-05
9080.0 7.033261359375713e-05
9090.0 6.959939602837559e-05
9100.0 6.886544749376805e-05
9110.0 6.818724034622781e-05
9120.0 6.745084054481282e-05
9130.0 6.676899677663017e-05
9140.0 6.602983942437826e-05
9150.0 6.534412859125032e-05
9160.0 6.460210297143273e-05
9170.0 6.391223301478082e-05
9180.0 6.316712425315659e-05
9190.0 6.247287300520892e-05
9200.0 6.172449649498334e-05
9210.0 6.0984379147982986e-05
9220.0 6.019224495303066e-05
9230.0 5.944952850629124e-05
9240.0 5.870735219380887e-05
9250.0 5.8011895365972564e-05
9260.0 5.726529718399851e-05
9270.0 5.6564133896462585e-05
9280.0 5.581288206444641e-05
9290.0 5.510584111119995e-05
9300.0 5.4349880505140856e-05
9310.0 5.363683986525537e-05
9320.0 5.287602579187791e-05
9330.0 5.2156819664661164e-05
9340.0 5.139095201976198e-05
9350.0 5.066547259202972e-05
9360.0 4.989445490283062e-05
9370.0 4.9162651079066896e-05
9380.0 4.83863685180737e-05
9390.0 4.7647973668395604e-05
9400.0 4.6906047877455026e-05
9410.0 4.6078267452040666e-05
9420.0 4.5287836475292286e-05
9430.0 4.445772516980941e-05
9440.0 4.368791140729315e-05
9450.0 4.287876841429031e-05
9452.5927734375 4.267801810693829e-05
9460.0 4.273594530773062e-05
9470.0 4.2814132886402125e-05
9480.0 4.285612297867356e-05
9490.0 4.293423187698089e-05
9500.0 4.301232608490064e-05
9510.0 4.3047185733934536e-05
9520.0 4.311828450025087e-05
9530.0 4.315277678789178e-05
9540.0 4.322362777295261e-05
9550.0 4.3294318863004715e-05
9560.0 4.3328105523503126e-05
9570.0 4.339842477174616e-05
9580.0 4.346852011655493e-05
9590.0 4.3501522877153e-05
9600.0 4.357112135926684e-05
9610.0 4.3624546182108656e-05
9620.0 4.364057061871373e-05
9630.0 4.369331534611657e-05
9640.0 4.376327613857082e-05
9650.0 4.3795583932689355e-05
9652.646484375 4.381391023484511e-05
9660.0 4.386476891677694e-05
9670.0 4.393351624756148e-05
9680.0 4.3964497165232534e-05
9690.0 4.4032429208337526e-05
9700.0 4.410001096558437e-05
9710.0 4.412959468553907e-05
9720.0 4.41962983252054e-05
9730.0 4.426251598755879e-05
9740.0 4.4290574057189714e-05
9750.0 4.435578786978262e-05
9760.0 4.442053055479535e-05
9770.0 4.448479090699935e-05
9780.0 4.45105353128622e-05
9790.0 4.457365932313009e-05
9800.0 4.463623377239651e-05
9802.6875 4.4646637715642675e-05
9810.0 4.4675268961303284e-05
9820.0 4.467562894242606e-05
9830.0 4.4713467130652536e-05
9840.0 4.477363089704012e-05
9850.0 4.483317855836664e-05
9860.0 4.485366626507803e-05
9870.0 4.49118296569721e-05
9880.0 4.496926139556049e-05
9890.0 4.5025962955709804e-05
9900.0 4.50433943105164e-05
9910.0 4.5098639991763945e-05
9920.0 4.515308367299239e-05
9930.0 4.520672332905153e-05
9940.0 4.5259566790723006e-05
9950.0 4.527290638714487e-05
9960.0 4.532402802827837e-05
9970.0 4.5374351200642376e-05
9980.0 4.5423871055621846e-05
9990.0 4.547245787845713e-05
10000.0 4.548113967599406e-05
10010.0 4.555357170051952e-05
10020.0 4.5625309784664064e-05
10030.0 4.5696357960361484e-05
10040.0 4.576676747424006e-05
10050.0 4.579719558917352e-05
10060.0 4.586619996503037e-05
10070.0 4.5934561237009325e-05
10080.0 4.6002283785957676e-05
10090.0 4.606936159600978e-05
10100.0 4.613585354447874e-05
10110.0 4.620169584498905e-05
10120.0 4.6227265634076025e-05
10130.0 4.62918755078473e-05
10140.0 4.63558972760086e-05
10150.0 4.6419325203409426e-05
10160.0 4.6482290676954545e-05
10170.0 4.6544651622536915e-05
10180.0 4.660642240834747e-05
10190.0 4.662772456004952e-05
10200.0 4.668844230671074e-05
10210.0 4.675180946603297e-05
10220.0 4.6814777207340236e-05
10230.0 4.687721947000724e-05
10240.0 4.693918996942057e-05
10250.0 4.70006833549173e-05
10260.0 4.7061777013356545e-05
10270.0 4.7122400271743885e-05
10280.0 4.7182606856732255e-05
10290.0 4.720181771167137e-05
10300.0 4.726115254122426e-05
10310.0 4.73201327179901e-05
10320.0 4.7378704283643665e-05
10330.0 4.743686216224798e-05
10340.0 4.749466781212444e-05
10350.0 4.7552186059973026e-05
10352.8359375 4.756838954418961e-05
10360.0 4.761004988524388e-05
10370.0 4.7667858680928224e-05
10380.0 4.772530280858908e-05
10390.0 4.778252356064666e-05
10400.0 4.7839393782412853e-05
10410.0 4.789775030421792e-05
10420.0 4.795588529987278e-05
10430.0 4.801372805318377e-05
10440.0 4.8071347360646256e-05
10450.0 4.8128749580124605e-05
10452.86328125 4.813324298277743e-05
10460.0 4.986127267042642e-05
10470.0 5.232863188971777e-05
10480.0 5.480139394770822e-05
10490.0 5.72794848468119e-05
10500.0 5.9762920210652206e-05
10510.0 6.220137546952931e-05
10520.0 6.464126500897813e-05
10530.0 6.708248881373296e-05
10540.0 6.95251096698739e-05
10550.0 7.196899255067755e-05
10560.0 7.441423583256308e-05
10570.0 7.686091188961276e-05
10580.0 7.930878968580174e-05
10590.0 8.175806668439191e-05
10600.0 8.420873834392692e-05
10610.0 8.665444594087896e-05
10620.0 8.910117307120522e-05
10630.0 9.154891704289908e-05
10640.0 9.399777303048485e-05
10650.0 9.644761973712052e-05
10660.0 9.889857695881647e-05
10670.0 0.00010135068022915715
10680.0 0.00010380388146026079
10690.0 0.00010634964153802085
10700.0 0.00010880735880039696
10710.0 0.00011126618754029891
10720.0 0.0001137262932344132
10730.0 0.0001161877095308241
10740.0 0.00011865041465060572
10750.0 0.0001211144270322811
10760.0 0.0001235799453450737
10770.0 0.00012604696500563952
10780.0 0.00012851535234621243
10790.0 0.0001309854661460548
10800.0 0.00013345714039343878
10810.0 0.00013593682303305517
10820.0 0.00013841856100562074
10830.0 0.00014090233763747255
10840.0 0.00014338803268594725
10850.0 0.00014587606296941755
10852.9716796875 0.00014661590071349912
10860.0 0.00014779268648876668
10870.0 0.00014959727486446117
10880.0 0.00015127666949819196
10890.0 0.0001529577673980902
10900.0 0.0001546410527146041
10910.0 0.000156326093946356
10920.0 0.0001580133396229467
10930.0 0.00015970286860328374
10940.0 0.00016139468194543215
10950.0 0.00016308879154688737
10960.0 0.0001647850384024009
10970.0 0.00016648392459091063
10980.0 0.00016832994623151013
10990.0 0.00017003562974338474
11000.0 0.00017170884643314782
11010.0 0.00017340390237766896
11020.0 0.00017510004660287526
11030.0 0.00017679727950455494
11040.0 0.0001784956014785858
11050.0 0.0001801950129209351
11060.0 0.00018189551422765967
11070.0 0.0001837547072466718
11080.0 0.0001854588510688268
11090.0 0.0001871640868806348
11100.0 0.00018887041507885123
11110.0 0.00019057783606032117
11120.0 0.00019228635022197927
11130.0 0.0001939959579608499
11140.0 0.00019570665967404732
11150.0 0.00019758777623877353
11153.052734375 0.00019811100858692233
11160.0 0.00019299557531805037
11170.0 0.00018562823411412256
11180.0 0.00017825604261486342
11190.0 0.00017087899904338362
11200.0 0.00016349710162239103
11210.0 0.0001562522678908343
11220.0 0.00014886170713820294
11230.0 0.00014146550740842036
11240.0 0.00013406366656192796
11250.0 0.0001266561824588262
11260.0 0.00011924305295887514
11270.0 0.00011182427592149402
11280.0 0.00010448923681650608
11290.0 9.705279661519131e-05
11300.0 8.961069761171471e-05
11310.0 8.216293766229968e-05
11320.0 7.47095146228288e-05
11330.0 6.725042634884377e-05
11340.0 5.983680956292227e-05
11350.0 5.235999440780796e-05
11353.1083984375 5.003474597250993e-05
11360.0 5.004722855762626e-05
11370.0 5.006534480352802e-05
11380.0 5.008346518980771e-05
11390.0 5.014441359098442e-05
11400.0 5.0162557754315436e-05
11410.0 5.018434894377373e-05
11420.0 5.0206146467152886e-05
11430.0 5.022795032537789e-05
11440.0 5.0249760519373815e-05
11450.0 5.031450952323316e-05
11460.0 5.03363510285126e-05
11470.0 5.0358198877751095e-05
11480.0 5.0380053071874365e-05
11490.0 5.040191361180815e-05
11500.0 5.04668010817941e-05
11510.0 5.048601372352852e-05
11520.0 5.0505230632196993e-05
11530.0 5.052445180799124e-05
11540.0 5.0543677251102855e-05
11550.0 5.0606014609390855e-05
11560.0 5.0625264985731644e-05
11570.0 5.0644519633602726e-05
11580.0 5.066377855319543e-05
11590.0 5.068304174470119e-05
11600.0 5.0745493734096755e-05
11603.1748046875 5.075171502964021e-05
11610.0 5.0766337229306574e-05
11620.0 5.078776597524503e-05
11630.0 5.0809200535294934e-05
11640.0 5.087390305337951e-05
11650.0 5.089536749667322e-05
11660.0 5.091683776111884e-05
11670.0 5.093831384741357e-05
11680.0 5.095979575625465e-05
11690.0 5.102463694572634e-05
11700.0 5.1046148779439065e-05
11710.0 5.1067666442742745e-05
11720.0 5.1089189936335037e-05
11730.0 5.11541406821597e-05
11740.0 5.1175694133744506e-05
11750.0 5.1197253422665595e-05
11760.0 5.121881854962109e-05
11770.0 5.1240389515309076e-05
11780.0 5.130548445536499e-05
11790.0 5.132708542289913e-05
11800.0 5.134869223621822e-05
11810.0 5.1363262044917526e-05
11820.0 5.1421408122507036e-05
11830.0 5.143599421318199e-05
11840.0 5.145058226636078e-05
11850.0 5.146517228201154e-05
11860.0 5.15233932195939e-05
11870.0 5.153799952841748e-05
11880.0 5.155260780128039e-05
11890.0 5.156721803815067e-05
11900.0 5.1625508681765195e-05
11910.0 5.1640135221531265e-05
11920.0 5.165476372687181e-05
11930.0 5.166939419775481e-05
11940.0 5.168402663414829e-05
11950.0 5.174239615629298e-05
11953.26953125 5.1747185394165315e-05
11960.0 5.1755193639896146e-05
11970.0 5.1767092567149733e-05
11980.0 5.177899200937923e-05
11990.0 5.183467329644469e-05
12000.0 5.184658382787963e-05
12003.2841796875 5.185258377979376e-05
12010.0 5.4188811718058705e-05
12020.0 5.76697432198377e-05
12030.0 6.120499960487512e-05
12040.0 6.469423411888255e-05
12050.0 6.818615183801456e-05
12060.0 7.168075381614073e-05
12070.0 7.524148545990929e-05
12080.0 7.874441282084714e-05
12090.0 8.225002987153493e-05
12100.0 8.575833766751513e-05
12110.0 8.9344610038231e-05
12120.0 9.286126527186985e-05
12130.0 9.638061669013764e-05
12140.0 9.99026653502512e-05
12150.0 0.00010351453944762763
12153.3251953125 0.00010468817246455972
12160.0 0.0001041776380090437
12170.0 0.0001034122609919157
12180.0 0.00010264627324454778
12190.0 0.00010196543583627015
12200.0 0.00010119758007102098
12210.0 0.0001004198926345676
12220.0 9.972554371878308e-05
12230.0 9.894626452020236e-05
12240.0 9.816651628525833e-05
12250.0 9.738629887737496e-05
12260.0 9.668678745879091e-05
12270.0 9.590497490908065e-05
12280.0 9.512269238200639e-05
12290.0 9.433993974079879e-05
12300.0 9.363527359926219e-05
12310.0 9.28509222758145e-05
12320.0 9.20661000327224e-05
12330.0 9.128080673302304e-05
12340.0 9.057095539479948e-05
12350.0 8.978406002493097e-05
12360.0 8.899669279195102e-05
12370.0 8.820885355870327e-05
12380.0 8.749382352108686e-05
12390.0 8.67043786682684e-05
12400.0 8.591446100758992e-05
12410.0 8.513427413076101e-05
12420.0 8.442407386559943e-05
12430.0 8.364190327016188e-05
12440.0 8.285906715525197e-05
12450.0 8.207556526291959e-05
12460.0 8.135941867562175e-05
12470.0 8.057392773704734e-05
12480.0 7.978776968924909e-05
12490.0 7.90009442739223e-05
12500.0 7.827885015200915e-05
12510.0 7.747257316595868e-05
12520.0 7.666598426071484e-05
12530.0 7.585908359660915e-05
12540.0 7.511456676432571e-05
12550.0 7.430636849001391e-05
12560.0 7.349785867868563e-05
12570.0 7.27497156525209e-05
12580.0 7.193990781620383e-05
12590.0 7.112978866681228e-05
12600.0 7.031935836597415e-05
12610.0 6.956365208655498e-05
12620.0 6.874905356318072e-05
12630.0 6.793421402969088e-05
12640.0 6.711913364052823e-05
12650.0 6.635906172047313e-05
12660.0 6.554282049834851e-05
12670.0 6.472633868426708e-05
12680.0 6.390961643326713e-05
12690.0 6.31451897902001e-05
12700.0 6.232730666394745e-05
12710.0 6.150918336677304e-05
12720.0 6.0690820054311807e-05
12730.0 5.992202376775368e-05
12740.0 5.9102499707805426e-05
12750.0 5.8282735900900366e-05
12760.0 5.746273250327103e-05
12770.0 5.664248967126712e-05
12780.0 5.5868412065488184e-05
12790.0 5.5047008573556114e-05
12800.0 5.422536591835146e-05
12803.5009765625 5.393453484748923e-05
12810.0 5.547372284765228e-05
12820.0 5.789000986156452e-05
12830.0 6.02601056364137e-05
12840.0 6.263008637583302e-05
12850.0 6.499995160957042e-05
12860.0 6.742560527859211e-05
12870.0 6.979720444771827e-05
12880.0 7.216868660316318e-05
12885.5244140625 7.347874119085827e-05
12887.5244140625 0.0002874360600116934
12889.525390625 0.0004473727486298289
12890.0 0.00045968341112311045
12891.525390625 0.0004993127398751332
12893.5263671875 0.0008755984365392887
12895.5263671875 0.0012519673901761888
12897.52734375 0.0017907358293688387
12899.52734375 0.0022214928035370327
12900.0 0.0024382444976136838
12901.5283203125 0.0031388201672591753
12903.5283203125 0.004164239447890178
12905.529296875 0.0057954129474097095
12907.5302734375 0.0076428362638619705
12909.5302734375 0.01040936849944553
12910.0 0.011262002231585997
12911.53125 0.014041468508056425
12913.53125 0.019565834620548957
12915.5322265625 0.026983518025581396
12917.5322265625 0.03742932203040661
12919.533203125 0.051768777386616636
12920.0 0.05630222244870655
12921.533203125 0.0711923365276065
12923.5341796875 0.09596970919696265
12925.5341796875 0.12793737542964315
12927.53515625 0.165473310923223
12929.5361328125 0.209501909066076
12930.0 0.22024020860454033
12931.5361328125 0.25583331682553245
12933.537109375 0.3048916499282525
12935.537109375 0.35125047862269904
12937.5380859375 0.3934534505521578
12939.5380859375 0.4286903876766952
12940.0 0.4372871327510039
12941.5390625 0.46587607863613434
12943.5390625 0.48270099352839724
12945.5400390625 0.49216182037580825
12947.5400390625 0.4964825376437807
12949.541015625 0.4972322424388065
12950.0 0.49701945909036943
12951.5419921875 0.4963046005339235
12953.5419921875 0.494457179022835
12955.54296875 0.49233930711618623
12957.54296875 0.490708358433731
12959.5439453125 0.4898889795000211
12960.0 0.48979961432460667
12961.5439453125 0.4894970749374073
12963.544921875 0.4897597830179376
12965.544921875 0.4906717907783807
12967.5458984375 0.49190837005503624
12969.5458984375 0.49314493713701263
12970.0 0.49362077251746933
12971.546875 0.4952416743040697
12973.5478515625 0.49750620129651235
12975.5478515625 0.5001493731315717
12977.548828125 0.5024679083051697
12979.548828125 0.504299477195194
12980.0 0.5047722399298396
12981.5498046875 0.5064611733455615
12983.5498046875 0.5087017839909679
12985.55078125 0.5107916335581101
12987.55078125 0.5126654948780002
12989.5517578125 0.5144858717323778
12990.0 0.5148575190333835
12991.5517578125 0.5160780684471418
12993.552734375 0.5174345388362598
12995.552734375 0.5183579010843237
12997.5537109375 0.5192216425512204
12999.5546875 0.5202532805838364
13000.0 0.5203382937728932
13001.5546875 0.5206626590985375
13003.5556640625 0.5205385788359483
13005.5556640625 0.5201978311606936
13007.556640625 0.5203444590927262
13009.556640625 0.5204369051232812
13010.0 0.5204693986390703
13011.5576171875 0.5205835615961888
13013.5576171875 0.5204051861615088
13015.55859375 0.5204435032614727
13017.55859375 0.5208610416212063
13019.5595703125 0.5210619173007333
13020.0 0.5211657686499993
13021.560546875 0.5216010823013544
13023.560546875 0.5222677283742612
13025.5615234375 0.522284153023933
13027.5615234375 0.522408977946886
13029.5634765625 0.5231305155907143
13030.0 0.5232643405415448
13031.5634765625 0.5236760795952999
13033.564453125 0.5235518368205685
13035.564453125 0.5236879744808305
13037.5654296875 0.5233901464876238
13039.5654296875 0.5233635186795496
13040.0 0.5232988263319472
13041.56640625 0.5230656273806764
13043.5673828125 0.5223878685754827
13045.5673828125 0.5215471737626183
13047.568359375 0.5203807692649938
13049.568359375 0.5194313127196455
13050.0 0.5192018933933039
13051.5693359375 0.5183677291296329
13053.5693359375 0.5175808596208457
13055.5703125 0.5170110257659019
13057.5703125 0.5158982126697326
13059.5712890625 0.5151653251333655
13060.0 0.5151129558493746
13061.5712890625 0.5149210015500878
13063.572265625 0.5150512690988837
13065.5732421875 0.5149154631645378
13067.5732421875 0.5143995397399593
13069.57421875 0.5131232185990603
13070.0 0.5123543213418746
13071.57421875 0.5095776201323479
13073.5751953125 0.49936577237214497
13075.5751953125 0.48577991267083015
13077.576171875 0.4657738511950683
13079.576171875 0.4391311271767971
13080.0 0.4316656334508135
13081.5771484375 0.40382610362540405
13083.5771484375 0.3636127130151802
13085.578125 0.31948971983306323
13087.578125 0.27318041286725614
13089.5791015625 0.22604944752835554
13090.0 0.21700316831891425
13091.580078125 0.18304074394952538
13093.580078125 0.14334463154974922
13095.5810546875 0.11055201946209961
13097.5810546875 0.08373934376204271
13099.58203125 0.06350076809515365
13100.0 0.060078611312860374
13101.58203125 0.04712476976875939
13103.5830078125 0.03498968966988804
13105.5830078125 0.025740860044542808
13107.583984375 0.019048516193393327
13109.583984375 0.014260078810546731
13110.0 0.013524808626358784
13111.5849609375 0.010723355759743102
13113.5859375 0.007947638194853161
13115.5859375 0.006097457362447587
13117.5869140625 0.004627871314830019
13119.5869140625 0.003375909568287968
13120.0 0.0032185795383698804
13121.587890625 0.0026141118901467316
13123.587890625 0.0019610585439090063
13125.5888671875 0.0014711843401940985
13127.5888671875 0.001144491455088957
13129.58984375 0.00076320484054943
13130.0 0.0007185210288704635
13131.58984375 0.0005452069973977735
13133.5908203125 0.0003271448315483957
13135.591796875 0.00010905517710837005
13137.591796875 0.00010906206306318649
13139.5927734375 5.453447635770092e-05
13140.0 5.453494161816463e-05
13150.0 5.45463669947369e-05
13160.0 5.4557792900341155e-05
13170.0 5.4614245546265696e-05
13180.0 5.4625681936786844e-05
13190.0 5.46371188550006e-05
13200.0 5.464855630031464e-05
13203.6103515625 5.4648574597444944e-05
13210.0 5.465224263804504e-05
13220.0 5.4703040429590334e-05
13230.0 5.470878641227641e-05
13240.0 5.471453275331203e-05
13250.0 5.47202794527001e-05
13260.0 5.472602651044339e-05
13270.0 5.473177392654477e-05
13280.0 5.4782612376616435e-05
13290.0 5.4788365244534464e-05
13300.0 5.4794118471114305e-05
13310.0 5.479987205635887e-05
13320.0 5.4805626000271024e-05
13330.0 5.485648927907542e-05
13340.0 5.486224867633447e-05
13350.0 5.486800843256485e-05
13360.0 5.4873768547769304e-05
13370.0 5.487952902195075e-05
13380.0 5.488528985511197e-05
13390.0 5.493619382511233e-05
13400.0 5.4941960114580966e-05
13410.0 5.491786731763448e-05
13420.0 5.4893775312553265e-05
13430.0 5.4869684099570204e-05
13440.0 5.484559367891807e-05
13450.0 5.48665525845341e-05
13460.0 5.484244395469755e-05
13470.0 5.481833611854185e-05
13480.0 5.47942290762999e-05
13490.0 5.4770122828204495e-05
13500.0 5.4746017374488506e-05
13510.0 5.475964655333549e-05
13520.0 5.4728339292690564e-05
13530.0 5.469703980088619e-05
13540.0 5.466574807691082e-05
13550.0 5.4634464119753025e-05
13560.0 5.460318792840132e-05
13570.0 5.457191950184435e-05
13580.0 5.45854030624811e-05
13590.0 5.455412452313541e-05
13600.0 5.452285375191843e-05
13610.0 5.4388779888589576e-05
13620.0 5.425484799552e-05
13630.0 5.412105812388123e-05
13640.0 5.398741032480771e-05
13650.0 5.3853904649396715e-05
13660.0 5.376457118663033e-05
13670.0 5.363124072183888e-05
13680.0 5.3498052650391244e-05
13690.0 5.336500702327812e-05
13700.0 5.323210389145316e-05
13710.0 5.30993433058328e-05
13720.0 5.296672531729651e-05
13730.0 5.2834249976686556e-05
13740.0 5.2701917334808195e-05
13750.0 5.261278410575201e-05
13760.0 5.2480628861869804e-05
13770.0 5.234861658591274e-05
13780.0 5.2216747328579184e-05
13790.0 5.2085021140530367e-05
13800.0 5.195343807239046e-05
13810.0 5.185203005538856e-05
13820.0 5.175073639368537e-05
13830.0 5.164955703627213e-05
13840.0 5.175354341244788e-05
13850.0 5.185761187815681e-05
13860.0 5.2004286271243905e-05
13870.0 5.2108604067902554e-05
13880.0 5.221300387242048e-05
13890.0 5.231748563519217e-05
13900.0 5.242204930661822e-05
13903.7998046875 5.246180292422685e-05
13910.0 5.2527807028479736e-05
13920.0 5.263433396917673e-05
13930.0 5.274094983776294e-05
13940.0 5.284765459307994e-05
13950.0 5.295444819396879e-05
13960.0 5.306133059926992e-05
13970.0 5.3168301767823325e-05
13980.0 5.327536165846836e-05
13990.0 5.338251023004391e-05
14000.0 5.3489747441388285e-05
14010.0 5.3544688880955244e-05
14020.0 5.3599650169263384e-05
14030.0 5.3654631288584184e-05
14040.0 5.3709632221174654e-05
14050.0 5.3764652949277406e-05
14053.8408203125 5.378579068019191e-05
14060.0 6.707223918305282e-05
14070.0 8.867849507627989e-05
14080.0 0.00011041763915346657
14090.0 0.00013212701818295108
14100.0 0.00015387915541992654
14103.85546875 0.0001622770486704796
14110.0 0.0001590505902375139
14120.0 0.00015379105814344442
14130.0 0.0001485208816971936
14140.0 0.00014324005597559592
14150.0 0.00013794857606323524
14160.0 0.00013264643705245075
14170.0 0.00012733363404334304
14180.0 0.0001220101621437801
14190.0 0.00011667601646940301
14200.0 0.00011124024187808974
14210.0 0.00010579290424694718
14220.0 0.00010034476956625333
14230.0 9.489583942663255e-05
14240.0 8.9446115419315e-05
14250.0 8.399559913613643e-05
14260.0 7.854429216953821e-05
14270.0 7.30921961125672e-05
14280.0 6.76393125588757e-05
14290.0 6.218564310272136e-05
14300.0 5.6731189338967135e-05
14303.9091796875 5.4598732470992505e-05
14310.0 5.90330501975264e-05
14320.0 6.631420684684468e-05
14330.0 7.35963900562933e-05
14340.0 8.087959769338876e-05
14350.0 8.816382762484159e-05
14360.0 9.544907771655644e-05
14370.0 0.00010273534583363233
14380.0 0.0001100226298403625
14390.0 0.00011731092760023467
14400.0 0.0001244983514039789
14410.0 0.00013175774539488886
14420.0 0.00013901539612384259
14430.0 0.00014627130250311428
14440.0 0.00015352546344499715
14450.0 0.00016077787786180343
14453.9501953125 0.00016364224174588904
14460.0 0.00015703307179934002
14470.0 0.00014611056007727725
14480.0 0.00013519065267352898
14490.0 0.00012427335121980402
14500.0 0.00011335865734778247
14510.0 0.00010241064055229029
14520.0 9.154781785518388e-05
14530.0 8.067741844939402e-05
14540.0 6.9799440721343e-05
14550.0 5.8913883057542945e-05
14553.9765625 5.4583066245560926e-05
14560.0 5.590944151061649e-05
14570.0 5.8112683183156235e-05
14580.0 6.0268048808116124e-05
14590.0 6.247252480824398e-05
14600.0 6.467852061856735e-05
14610.0 6.687860958650392e-05
14620.0 6.907972992586332e-05
14630.0 7.128188159538907e-05
14640.0 7.348506455380338e-05
14650.0 7.562723546968586e-05
14660.0 7.783067321932591e-05
14670.0 8.003514128863653e-05
14680.0 8.224063963628839e-05
14690.0 8.44471682209311e-05
14700.0 8.665472700119277e-05
14710.0 8.879042268177528e-05
14720.0 9.099822921149542e-05
14730.0 9.320706496763907e-05
14740.0 9.541692990878333e-05
14750.0 9.76278239934839e-05
14760.0 9.975777311768105e-05
14770.0 0.00010196890840648866
14780.0 0.00010418107186950958
14790.0 0.0001063942634652486
14800.0 0.00010851923618608399
14804.044921875 0.00010940997316713594
14810.0 0.00010290316858234536
14820.0 9.197434063752658e-05
14830.0 8.104257155700313e-05
14840.0 7.00502124759812e-05
14850.0 5.912155959988667e-05
14854.0576171875 5.468629365501437e-05
14860.0 5.469094003364257e-05
14870.0 5.4698757264191895e-05
14880.0 5.466154412461997e-05
14890.0 5.466935036102204e-05
14900.0 5.467715431776042e-05
14910.0 5.468495599503e-05
14920.0 5.464770696476818e-05
14930.0 5.465549766148255e-05
14940.0 5.466328608119e-05
14950.0 5.4671072224085374e-05
14960.0 5.4633776610915716e-05
14970.0 5.464155178531124e-05
14980.0 5.4649324685355714e-05
14990.0 5.4611996591045476e-05
15000.0 5.461975853314117e-05
15010.0 5.4601355078386874e-05
15020.0 5.453788563108078e-05
15030.0 5.451950411024799e-05
15040.0 5.4501125958148987e-05
15050.0 5.443772200478445e-05
15060.0 5.441936577320232e-05
15070.0 5.440101290692267e-05
15080.0 5.43376797786859e-05
15090.0 5.431934881771015e-05
15100.0 5.430102121860629e-05
15110.0 5.423776422859454e-05
15120.0 5.421945851777692e-05
15130.0 5.4201156165401816e-05
15140.0 5.4137964554544573e-05
15150.0 5.411968407705786e-05
15154.1396484375 5.4112117583961685e-05
15160.0 5.410145675925834e-05
15170.0 5.4038426015777675e-05
15180.0 5.402025556095373e-05
15190.0 5.395727129512613e-05
15200.0 5.39391225000126e-05
15210.0 5.3916528965966254e-05
15220.0 5.3849177440339175e-05
15230.0 5.3826615681604456e-05
15240.0 5.375933876047915e-05
15250.0 5.3736808748130215e-05
15260.0 5.3714285230465706e-05
15270.0 5.3647097427314436e-05
15280.0 5.3624605623662135e-05
15290.0 5.355749229852891e-05
15300.0 5.353503217999875e-05
15310.0 5.346798264148463e-05
15320.0 5.344555418366404e-05
15330.0 5.337857370623056e-05
15340.0 5.335617688248838e-05
15350.0 5.328927072500997e-05
15360.0 5.3266905506501535e-05
15370.0 5.32445467418101e-05
15380.0 5.3177729366755444e-05
15390.0 5.315540217501665e-05
15400.0 5.308865899375806e-05
15410.0 5.306909125166684e-05
15420.0 5.300513311844397e-05
15430.0 5.298559092728905e-05
15440.0 5.292169107140213e-05
15450.0 5.290217441294808e-05
15460.0 5.28383380850458e-05
15470.0 5.2774533756421596e-05
15480.0 5.275506353517418e-05
15490.0 5.269132267447861e-05
15500.0 5.267187793459226e-05
15504.2353515625 5.265088661817111e-05
15510.0 5.8683647834450575e-05
15520.0 6.919116507339044e-05
15530.0 7.962931270184347e-05
15540.0 9.012331935279577e-05
15550.0 0.00010053030298794853
15554.2490234375 0.00010494619730572292
15560.0 0.00010488861963346338
15570.0 0.0001048769504088248
15580.0 0.00010477685787378648
15590.0 0.00010476519871887743
15600.0 0.00010466514647068018
15610.0 0.00010464792725638772
15620.0 0.00010454233353664499
15630.0 0.00010443677959112922
15640.0 0.00010441958992425988
15650.0 0.00010431406938375924
15660.0 0.00010420857808503076
15670.0 0.00010419141797008546
15680.0 0.00010408598113632694
15690.0 0.00010406883587482788
15700.0 0.00010396343245679654
15704.2900390625 0.00010391822745535279
15710.0 0.00010188138999523132
15720.0 9.840336261647608e-05
15730.0 9.484582140953363e-05
15740.0 9.12953277212934e-05
15750.0 8.782662819010918e-05
15760.0 8.428727807232225e-05
15770.0 8.075495876009336e-05
15780.0 7.72296840950625e-05
15790.0 7.377438545755084e-05
15800.0 7.026022002177132e-05
15810.0 6.67557317596997e-05
15820.0 6.331210773274351e-05
15830.0 5.981817832406883e-05
15840.0 5.633098767177188e-05
15850.0 5.2850545464537535e-05
15854.330078125 5.136463521270106e-05
15860.0 5.136101970300266e-05
15870.0 5.131063510822907e-05
15880.0 5.1260261187823994e-05
15890.0 5.120990318717759e-05
15900.0 5.120354196882374e-05
15910.0 5.115319461026878e-05
15920.0 5.110285792908495e-05
15930.0 5.105253716805437e-05
15940.0 5.100222184337269e-05
15950.0 5.0995881220651655e-05
15960.0 5.094558702983153e-05
15970.0 5.08952982795047e-05
15980.0 5.08450202111477e-05
15990.0 5.0794758063629774e-05
16000.0 5.0788438048331565e-05
16004.37109375 5.0767358176805486e-05
16010.0 5.074005009930227e-05
16020.0 5.069154547486857e-05
16030.0 5.064304092088776e-05
16040.0 5.0594541682266896e-05
16050.0 5.054605300201608e-05
16060.0 5.054147739592492e-05
16070.0 5.049299017277853e-05
16080.0 5.0444513528120255e-05
16090.0 5.039603700212238e-05
16100.0 5.0347565836827504e-05
16110.0 5.029910527237478e-05
16120.0 5.025064485177338e-05
16130.0 5.020219504689501e-05
16140.0 5.015374540264271e-05
16150.0 5.010530115866386e-05
16160.0 5.010073542127373e-05
16170.0 5.005230323043388e-05
16180.0 5.000387123146177e-05
16190.0 4.995544989048968e-05
16200.0 4.9907028758116394e-05
16210.0 4.98494697129646e-05
16220.0 4.979194175121924e-05
16230.0 4.973443441685423e-05
16240.0 4.9676952931878775e-05
16250.0 4.961950251255685e-05
16254.439453125 4.959400363238001e-05
16260.0 4.9562745303473604e-05
16270.0 4.9506553963568915e-05
16280.0 4.9450380446027345e-05
16290.0 4.9394229967599707e-05
16300.0 4.933810773980379e-05
16310.0 4.928200333040005e-05
16320.0 4.922592716374633e-05
16330.0 4.9169868812831794e-05
16340.0 4.911383348786245e-05
16350.0 4.905782639381361e-05
16360.0 4.900183711151587e-05
16370.0 4.890221132339282e-05
16380.0 4.884627903668908e-05
16390.0 4.8790374964150135e-05
16400.0 4.8734488697058194e-05
16404.48046875 4.872232672618662e-05
16410.0 4.8706582333640873e-05
16420.0 4.867802710694976e-05
16430.0 4.8649439477637876e-05
16440.0 4.8620824666331186e-05
16450.0 4.859217227248666e-05
16454.494140625 4.855964514163171e-05
16460.0 4.958733744758875e-05
16470.0 5.149579997834447e-05
16480.0 5.3401967297001035e-05
16490.0 5.530582420695131e-05
16500.0 5.7207372329757374e-05
16510.0 5.9106614130056555e-05
16520.0 6.100353315549455e-05
16530.0 6.28411111953706e-05
16540.0 6.473161653334766e-05
16550.0 6.661979966578921e-05
16560.0 6.850564246290657e-05
16570.0 7.03891556760553e-05
16580.0 7.22044372926464e-05
16590.0 7.408149055077055e-05
16600.0 7.595618594706436e-05
16610.0 7.76317962773478e-05
16620.0 7.92232560406761e-05
16630.0 8.087427216331178e-05
16640.0 8.251383128443762e-05
16650.0 8.414198503435915e-05
16660.0 8.567985028775645e-05
16670.0 8.728372547582529e-05
16680.0 8.88762852095193e-05
16690.0 9.037405349734815e-05
16700.0 9.194257358967497e-05
16704.5625 9.265449347874368e-05
16710.0 9.081946727290811e-05
16720.0 8.737915854640215e-05
16730.0 8.404300426372726e-05
16740.0 8.072683233596255e-05
16750.0 7.735857216203817e-05
16760.0 7.408519662311122e-05
16770.0 7.083163725467287e-05
16780.0 6.753470921855423e-05
16790.0 6.432353266098535e-05
16800.0 6.107474596643121e-05
16810.0 5.790817651981903e-05
16820.0 5.476079193468635e-05
16830.0 5.15840049394946e-05
16840.0 4.847771945344563e-05
16850.0 4.534767492866928e-05
16854.6015625 4.393474990222369e-05
16860.0 4.385869872265782e-05
16870.0 4.367667548562939e-05
16880.0 4.3536293350902846e-05
16890.0 4.3396139995048786e-05
16900.0 4.3215178212369604e-05
16910.0 4.307558060561108e-05
16920.0 4.2895351847731914e-05
16930.0 4.2756304435113093e-05
16940.0 4.257681764600457e-05
16950.0 4.243831492867874e-05
16960.0 4.225956443140958e-05
16970.0 4.208122850161255e-05
16980.0 4.194359561653811e-05
16990.0 4.176599472991137e-05
17000.0 4.162890974458905e-05
17010.0 4.1420491932917226e-05
17020.0 4.125249049544768e-05
17030.0 4.1045072240484696e-05
17040.0 4.083821504598188e-05
17050.0 4.0671402456058053e-05
17060.0 4.0465542779920056e-05
17070.0 4.0299480206399914e-05
17080.0 4.009461673308956e-05
17090.0 3.989031248217752e-05
17100.0 3.972543453295562e-05
17110.0 3.95221244475126e-05
17120.0 3.931937246915457e-05
17130.0 3.915567657256731e-05
17140.0 3.8953916722922675e-05
17150.0 3.875271386537899e-05
17160.0 3.859019745053505e-05
17170.0 3.838998468555557e-05
17180.0 3.8190327798024203e-05
17190.0 3.802898829480916e-05
17200.0 3.783031946430273e-05
17210.0 3.732774917148293e-05
17220.0 3.6827182243959444e-05
17230.0 3.636497911576802e-05
17240.0 3.5867988110279356e-05
17250.0 3.53729929266341e-05
17254.7109375 3.5140496563078896e-05
17260.0 3.487997138571613e-05
17270.0 3.438892105248872e-05
17280.0 3.3934108178851155e-05
17290.0 3.3446621407553924e-05
17300.0 3.2961122642529194e-05
17310.0 3.2477613980107066e-05
17320.0 3.1996089555487487e-05
17330.0 3.151655136604634e-05
17340.0 3.103899364969051e-05
17350.0 3.059470082788248e-05
17360.0 3.0120682469188692e-05
17370.0 2.9648639241984028e-05
17380.0 2.91785728967612e-05
17390.0 2.8710479691654597e-05
17400.0 2.8244355986085203e-05
17404.751953125 2.783539668561697e-05
17410.0 2.738542266004997e-05
17420.0 2.65309349726944e-05
17430.0 2.5680284359250917e-05
17440.0 2.483346414967489e-05
17450.0 2.3990474039876125e-05
17454.765625 2.359008187918204e-05
17460.0 2.3151695736545557e-05
17470.0 2.231705317591812e-05
17480.0 2.1486175566975977e-05
17490.0 2.065905855424958e-05
17500.0 1.9835701720745295e-05
17504.779296875 1.9443521089364712e-05
17510.0 1.941232401425961e-05
17520.0 1.9305788748887715e-05
17530.0 1.91381693272961e-05
17540.0 1.890992678775909e-05
17550.0 1.8621517903709112e-05
17560.0 1.8273398892243207e-05
17570.0 1.786602887364938e-05
17580.0 1.7399861710435978e-05
17590.0 1.6875355207469185e-05
17600.0 1.6275405270364006e-05
17610.0 1.608668546271253e-05
17620.0 1.586400794993005e-05
17630.0 1.5607633863637236e-05
17640.0 1.5317820926307444e-05
17650.0 1.4994826613203455e-05
17660.0 1.4622911478506309e-05
17670.0 1.4234722054972335e-05
17680.0 1.3814163018482224e-05
17690.0 1.3361490669982262e-05
17700.0 1.286275001523392e-05
17710.0 1.2347163523804502e-05
17720.0 1.180027142644796e-05
17730.0 1.1222328887842289e-05
17740.0 1.0601760866183049e-05
17750.0 9.963173373233483e-06
17754.84765625 9.642707428081338e-06
17760.0 9.199567845765177e-06
17770.0 8.34275952456845e-06
17780.0 7.481824615330568e-06
17790.0 6.634566189352718e-06
17800.0 5.791607548192516e-06
17810.0 5.555168352473261e-06
17820.0 5.326417543577097e-06
17830.0 5.09297396075648e-06
17840.0 4.866724043796508e-06
17850.0 4.6415996290818395e-06
17860.0 4.41251655695282e-06
17870.0 4.189886382481386e-06
17880.0 3.963785537920444e-06
17890.0 3.7436445113710862e-06
17900.0 3.5205204825759997e-06
17910.0 3.3028638479566504e-06
17920.0 3.0827112275952044e-06
17930.0 2.867534232962574e-06
17940.0 2.650347618170863e-06
17950.0 2.437645515628885e-06
17960.0 2.223419508009633e-06
17970.0 2.013187553707908e-06
17980.0 1.8019167593287781e-06
17990.0 1.594150213461019e-06
18000.0 1.3858292428529329e-06
18001.0 0.0
18002.0 0.0
18004.9140625 0.0
18200.0 0.0
18400.0 0.0
18405.0234375 0.0
18505.05078125 0.0
18600.0 0.0
18655.091796875 0.0
18705.10546875 0.0
18755.119140625 0.0
18800.0 0.0
18805.1328125 0.0
18855.146484375 0.0
18905.16015625 0.0
18955.173828125 0.0
19000.0 0.0
19005.1875 0.0
19055.201171875 0.0
19105.21484375 0.0
19155.228515625 0.0
19200.0 0.0
19205.2421875 0.0
19255.255859375 0.0
19305.26953125 0.0
19355.283203125 0.0
19400.0 0.0
19405.296875 0.0
19455.310546875 0.0
19505.32421875 0.0
19555.337890625 0.0
19600.0 0.0
19605.3515625 0.0
19655.36328125 0.0
19705.37890625 0.0
19755.392578125 0.0
19800.0 0.0
19805.404296875 0.0
19855.419921875 0.0
19905.431640625 0.0
19955.4453125 0.0
20000.0 0.0
20001.0 0.0
20002.0 0.0
20005.4609375 0.0
20006.4609375 0.0
20007.4609375 0.0
30000.0 0.0
30010.0 0.0
