# WAVELENGTH THROUGHPUT
500.0 0.0
998.0 0.0
999.0 0.0
1000.0 0.0
1010.0 0.0
1020.0 0.0
1030.0 0.0
1040.0 0.0
1050.0 0.0
1060.0 0.0
1070.0 0.0
1080.0 0.0
1090.0 0.0
1100.0 0.0
1110.0 0.0
1120.0 0.0
1130.0 0.0
1140.0 0.0
1150.0 0.0
1160.0 0.0
1170.0 0.0
1180.0 0.0
1190.0 0.0
1200.0 0.0
1210.0 0.0
1220.0 0.0
1230.0 0.0
1240.0 0.0
1250.0 0.0
1260.0 0.0
1270.0 0.0
1280.0 0.0
1290.0 0.0
1300.0 0.0
1310.0 0.0
1320.0 0.0
1330.0 0.0
1340.0 0.0
1350.0 0.0
1360.0 0.0
1370.0 0.0
1380.0 0.0
1390.0 0.0
1400.0 0.0
1410.0 0.0
1420.0 0.0
1430.0 0.0
1440.0 0.0
1450.0 0.0
1460.0 0.0
1470.0 0.0
1480.0 0.0
1490.0 0.0
1500.0 0.0
1510.0 0.0
1520.0 0.0
1530.0 0.0
1540.0 0.0
1550.0 0.0
1560.0 0.0
1570.0 0.0
1580.0 0.0
1590.0 0.0
1600.0 0.0
1610.0 0.0
1620.0 0.0
1630.0 0.0
1640.0 0.0
1650.0 0.0
1660.0 0.0
1670.0 0.0
1680.0 0.0
1690.0 0.0
1700.0 0.0
1710.0 0.0
1720.0 0.0
1730.0 0.0
1740.0 0.0
1750.0 0.0
1760.0 0.0
1770.0 0.0
1780.0 0.0
1790.0 0.0
1800.0 0.0
1810.0 0.0
1820.0 0.0
1830.0 0.0
1840.0 0.0
1850.0 0.0
1860.0 0.0
1870.0 0.0
1880.0 0.0
1890.0 0.0
1900.0 0.0
1910.0 0.0
1920.0 0.0
1930.0 0.0
1940.0 0.0
1950.0 0.0
1960.0 0.0
1970.0 0.0
1980.0 0.0
1988.0 0.0
1989.0 0.0
1990.0 0.0
2000.0 0.0
2010.0 0.0
2020.0 0.0
2030.0 0.0
2040.0 0.0
2050.0 0.0
2060.0 0.0
2070.0 0.0
2080.0 0.0
2090.0 0.0
2100.0 0.0
2110.0 0.0
2120.0 0.0
2130.0 0.0
2140.0 0.0
2150.0 0.0
2160.0 0.0
2170.0 0.0
2180.0 0.0
2190.0 0.0
2200.0 0.0
2210.0 0.0
2220.0 0.0
2230.0 0.0
2240.0 0.0
2250.0 0.0
2260.0 0.0
2270.0 0.0
2280.0 0.0
2290.0 0.0
2300.0 0.0
2310.0 0.0
2320.0 0.0
2330.0 0.0
2340.0 0.0
2350.0 0.0
2360.0 0.0
2370.0 0.0
2380.0 0.0
2390.0 0.0
2400.0 0.0
2410.0 0.0
2420.0 0.0
2430.0 0.0
2440.0 0.0
2450.0 0.0
2460.0 0.0
2470.0 0.0
2480.0 0.0
2490.0 0.0
2500.0 0.0
2510.0 0.0
2520.0 0.0
2530.0 0.0
2540.0 0.0
2550.0 0.0
2560.0 0.0
2570.0 0.0
2580.0 0.0
2590.0 0.0
2600.0 0.0
2610.0 0.0
2620.0 0.0
2630.0 0.0
2640.0 0.0
2650.0 0.0
2660.0 0.0
2670.0 0.0
2680.0 0.0
2690.0 0.0
2700.0 0.0
2710.0 0.0
2720.0 0.0
2730.0 0.0
2740.0 0.0
2750.0 0.0
2760.0 0.0
2770.0 0.0
2780.0 0.0
2790.0 0.0
2800.0 0.0
2810.0 0.0
2820.0 0.0
2830.0 0.0
2840.0 0.0
2850.0 0.0
2860.0 0.0
2870.0 0.0
2880.0 0.0
2890.0 0.0
2900.0 0.0
2910.0 0.0
2920.0 0.0
2930.0 0.0
2940.0 0.0
2950.0 0.0
2960.0 0.0
2970.0 0.0
2980.0 0.0
2990.0 0.0
3000.0 0.0
3010.0 0.0
3020.0 0.0
3030.0 0.0
3040.0 0.0
3050.0 0.0
3060.0 0.0
3070.0 0.0
3080.0 0.0
3090.0 0.0
3100.0 0.0
3110.0 0.0
3120.0 0.0
3130.0 0.0
3140.0 0.0
3150.0 0.0
3160.0 0.0
3170.0 0.0
3180.0 0.0
3190.0 0.0
3200.0 0.0
3210.0 0.0
3220.0 0.0
3230.0 0.0
3240.0 0.0
3250.0 0.0
3260.0 0.0
3270.0 0.0
3280.0 0.0
3290.0 0.0
3300.0 0.0
3310.0 0.0
3320.0 0.0
3330.0 0.0
3340.0 0.0
3350.0 0.0
3360.0 0.0
3370.0 0.0
3380.0 0.0
3390.0 0.0
3400.0 0.0
3410.0 0.0
3420.0 0.0
3430.0 0.0
3440.0 0.0
3450.0 0.0
3460.0 0.0
3470.0 0.0
3480.0 0.0
3490.0 0.0
3500.0 0.0
3510.0 0.0
3520.0 0.0
3530.0 0.0
3540.0 0.0
3550.0 0.0
3560.0 0.0
3570.0 0.0
3580.0 0.0
3590.0 0.0
3600.0 0.0
3610.0 0.0
3620.0 0.0
3630.0 0.0
3640.0 0.0
3650.0 0.0
3660.0 0.0
3670.0 0.0
3680.0 0.0
3690.0 0.0
3700.0 0.0
3710.0 0.0
3720.0 0.0
3730.0 0.0
3740.0 0.0
3750.0 0.0
3760.0 0.0
3770.0 0.0
3780.0 0.0
3790.0 0.0
3800.0 0.0
3810.0 0.0
3820.0 0.0
3830.0 0.0
3840.0 0.0
3850.0 0.0
3860.0 0.0
3870.0 0.0
3880.0 0.0
3890.0 0.0
3900.0 0.0
3910.0 0.0
3920.0 0.0
3930.0 0.0
3940.0 0.0
3950.0 0.0
3960.0 0.0
3970.0 0.0
3980.0 0.0
3990.0 0.0
3998.0 0.0
3999.0 0.0
4000.0 0.0
4010.0 0.0
4020.0 0.0
4030.0 0.0
4040.0 0.0
4050.0 0.0
4060.0 0.0
4070.0 0.0
4080.0 0.0
4090.0 0.0
4100.0 0.0
4110.0 0.0
4120.0 0.0
4130.0 0.0
4140.0 0.0
4150.0 0.0
4160.0 0.0
4170.0 0.0
4180.0 0.0
4190.0 0.0
4200.0 0.0
4210.0 0.0
4220.0 0.0
4230.0 0.0
4240.0 0.0
4250.0 0.0
4260.0 0.0
4270.0 0.0
4280.0 0.0
4290.0 0.0
4300.0 0.0
4310.0 0.0
4320.0 0.0
4330.0 0.0
4340.0 0.0
4350.0 0.0
4360.0 0.0
4370.0 0.0
4380.0 0.0
4390.0 0.0
4400.0 0.0
4410.0 0.0
4420.0 0.0
4430.0 0.0
4440.0 0.0
4450.0 0.0
4460.0 0.0
4470.0 0.0
4480.0 0.0
4490.0 0.0
4500.0 0.0
4510.0 0.0
4520.0 0.0
4530.0 0.0
4540.0 0.0
4550.0 0.0
4560.0 0.0
4570.0 0.0
4580.0 0.0
4590.0 0.0
4600.0 0.0
4610.0 0.0
4620.0 0.0
4630.0 0.0
4640.0 0.0
4650.0 0.0
4660.0 0.0
4670.0 0.0
4680.0 0.0
4690.0 0.0
4700.0 0.0
4710.0 0.0
4720.0 0.0
4730.0 0.0
4740.0 0.0
4750.0 0.0
4760.0 0.0
4770.0 0.0
4780.0 0.0
4790.0 0.0
4800.0 0.0
4810.0 0.0
4820.0 0.0
4830.0 0.0
4840.0 0.0
4850.0 0.0
4860.0 0.0
4870.0 0.0
4880.0 0.0
4890.0 0.0
4900.0 0.0
4910.0 0.0
4920.0 0.0
4930.0 0.0
4940.0 0.0
4950.0 0.0
4960.0 0.0
4970.0 0.0
4980.0 0.0
4990.0 0.0
5000.0 0.0
5010.0 0.0
5020.0 0.0
5030.0 0.0
5040.0 0.0
5050.0 0.0
5060.0 0.0
5070.0 0.0
5080.0 0.0
5090.0 0.0
5100.0 0.0
5110.0 0.0
5120.0 0.0
5130.0 0.0
5140.0 0.0
5150.0 0.0
5160.0 0.0
5170.0 0.0
5180.0 0.0
5190.0 0.0
5200.0 0.0
5210.0 0.0
5220.0 0.0
5230.0 0.0
5240.0 0.0
5250.0 0.0
5260.0 0.0
5270.0 0.0
5280.0 0.0
5290.0 0.0
5300.0 0.0
5310.0 0.0
5320.0 0.0
5330.0 0.0
5340.0 0.0
5350.0 0.0
5360.0 0.0
5370.0 0.0
5380.0 0.0
5390.0 0.0
5400.0 0.0
5410.0 0.0
5420.0 0.0
5430.0 0.0
5440.0 0.0
5450.0 0.0
5460.0 0.0
5470.0 0.0
5480.0 0.0
5490.0 0.0
5500.0 0.0
5510.0 0.0
5520.0 0.0
5530.0 0.0
5540.0 0.0
5550.0 0.0
5560.0 0.0
5570.0 0.0
5580.0 0.0
5590.0 0.0
5600.0 0.0
5610.0 0.0
5620.0 0.0
5630.0 0.0
5640.0 0.0
5650.0 0.0
5660.0 0.0
5670.0 0.0
5680.0 0.0
5690.0 0.0
5700.0 0.0
5710.0 0.0
5720.0 0.0
5730.0 0.0
5740.0 0.0
5750.0 0.0
5760.0 0.0
5770.0 0.0
5780.0 0.0
5790.0 0.0
5800.0 0.0
5810.0 0.0
5820.0 0.0
5830.0 0.0
5840.0 0.0
5850.0 0.0
5860.0 0.0
5870.0 0.0
5880.0 0.0
5890.0 0.0
5900.0 0.0
5910.0 0.0
5920.0 0.0
5930.0 0.0
5940.0 0.0
5950.0 0.0
5960.0 0.0
5970.0 0.0
5980.0 0.0
5990.0 0.0
6000.0 0.0
6010.0 0.0
6020.0 0.0
6030.0 0.0
6040.0 0.0
6050.0 0.0
6060.0 0.0
6070.0 0.0
6080.0 0.0
6090.0 0.0
6100.0 0.0
6110.0 0.0
6120.0 0.0
6130.0 0.0
6140.0 0.0
6150.0 0.0
6160.0 0.0
6170.0 0.0
6180.0 0.0
6190.0 0.0
6200.0 0.0
6210.0 0.0
6220.0 0.0
6230.0 0.0
6240.0 0.0
6250.0 0.0
6260.0 0.0
6270.0 0.0
6280.0 0.0
6290.0 0.0
6300.0 0.0
6310.0 0.0
6320.0 0.0
6330.0 0.0
6340.0 0.0
6350.0 0.0
6360.0 0.0
6370.0 0.0
6380.0 0.0
6390.0 0.0
6400.0 0.0
6410.0 0.0
6420.0 0.0
6430.0 0.0
6440.0 0.0
6450.0 0.0
6460.0 0.0
6470.0 0.0
6480.0 0.0
6490.0 0.0
6500.0 0.0
6510.0 0.0
6520.0 0.0
6530.0 0.0
6540.0 0.0
6550.0 0.0
6560.0 0.0
6570.0 0.0
6580.0 0.0
6590.0 0.0
6600.0 0.0
6610.0 0.0
6620.0 0.0
6630.0 0.0
6640.0 0.0
6650.0 0.0
6660.0 0.0
6670.0 0.0
6680.0 0.0
6690.0 0.0
6700.0 0.0
6710.0 0.0
6720.0 0.0
6730.0 0.0
6740.0 0.0
6750.0 0.0
6760.0 0.0
6770.0 0.0
6780.0 0.0
6790.0 0.0
6800.0 0.0
6810.0 0.0
6820.0 0.0
6830.0 0.0
6840.0 0.0
6850.0 0.0
6860.0 0.0
6870.0 0.0
6880.0 0.0
6890.0 0.0
6900.0 0.0
6910.0 0.0
6920.0 0.0
6930.0 0.0
6940.0 0.0
6950.0 0.0
6960.0 0.0
6970.0 0.0
6980.0 0.0
6990.0 0.0
7000.0 0.0
7010.0 0.0
7020.0 0.0
7030.0 0.0
7040.0 0.0
7050.0 0.0
7060.0 0.0
7070.0 0.0
7080.0 0.0
7090.0 0.0
7100.0 0.0
7110.0 0.0
7120.0 0.0
7130.0 0.0
7140.0 0.0
7150.0 0.0
7160.0 0.0
7170.0 0.0
7180.0 0.0
7190.0 0.0
7200.0 0.0
7210.0 0.0
7220.0 0.0
7230.0 0.0
7240.0 0.0
7250.0 0.0
7260.0 0.0
7270.0 0.0
7280.0 0.0
7290.0 0.0
7300.0 0.0
7300.01123046875 0.0
7301.01123046875 0.0
7302.01123046875 0.0
7310.0 0.0
7320.0 0.0
7330.0 0.0
7340.0 0.0
7350.0 0.0
7360.0 0.0
7370.0 0.0
7380.0 0.0
7390.0 0.0
7400.0 0.0
7402.0380859375 0.0
7410.0 0.0
7420.0 0.0
7430.0 0.0
7440.0 0.0
7450.0 0.0
7452.0517578125 0.0
7460.0 0.0
7470.0 0.0
7480.0 0.0
7490.0 0.0
7500.0 0.0
7502.0654296875 0.0
7510.0 0.0
7520.0 0.0
7530.0 0.0
7540.0 0.0
7550.0 0.0
7552.07861328125 0.0
7560.0 0.0
7570.0 0.0
7580.0 0.0
7590.0 0.0
7600.0 0.0
7602.09228515625 0.0
7610.0 0.0
7620.0 0.0
7630.0 0.0
7640.0 0.0
7650.0 0.0
7652.10595703125 0.0
7660.0 0.0
7670.0 0.0
7680.0 0.0
7690.0 0.0
7700.0 0.0
7702.119140625 0.0
7710.0 0.0
7720.0 0.0
7730.0 0.0
7740.0 0.0
7750.0 0.0
7752.1328125 0.0
7760.0 0.0
7770.0 0.0
7780.0 0.0
7790.0 0.0
7800.0 0.0
7802.14599609375 0.0
7810.0 0.0
7820.0 0.0
7830.0 0.0
7840.0 0.0
7850.0 0.0
7852.15966796875 0.0
7860.0 0.0
7870.0 0.0
7880.0 0.0
7890.0 0.0
7900.0 0.0
7902.17333984375 0.0
7910.0 0.0
7920.0 0.0
7930.0 0.0
7940.0 0.0
7950.0 0.0
7952.1865234375 0.0
7960.0 0.0
7970.0 0.0
7980.0 0.0
7990.0 0.0
7998.0 0.0
7999.0 0.0
8000.0 3.5373741608880854e-05
8002.2001953125 3.126708327253455e-05
8010.0 3.619044654877336e-05
8020.0 4.253050064992188e-05
8030.0 4.890079478710656e-05
8040.0 5.5292923197422784e-05
8050.0 6.171254799595606e-05
8052.2138671875 6.313743884047424e-05
8060.0 6.323651948827751e-05
8070.0 6.336395479893353e-05
8080.0 6.349170835388841e-05
8090.0 6.361978098447672e-05
8100.0 6.37479497770944e-05
8102.2275390625 6.377655109606919e-05
8110.0 5.891954376903959e-05
8120.0 5.264667626895278e-05
8130.0 4.6347072478193886e-05
8140.0 4.0020563344403644e-05
8150.0 3.366701921130979e-05
8152.24072265625 3.2239675384551813e-05
8160.0 3.2292997312600636e-05
8170.0 3.236182210680956e-05
8180.0 3.2430714286311176e-05
8190.0 3.2563197791150964e-05
8200.0 3.269606819748287e-05
8202.25390625 3.272459498530667e-05
8210.0 3.281971736763566e-05
8220.0 3.294284930422308e-05
8230.0 3.306630483371125e-05
8240.0 3.316652479306898e-05
8250.0 3.326693617490849e-05
8252.267578125 3.3289725063409716e-05
8260.0 3.337214127602561e-05
8270.0 3.347883097520117e-05
8280.0 3.358576281964492e-05
8290.0 3.369286312681979e-05
8300.0 3.3800090998987766e-05
8302.28125 3.382459090445296e-05
8310.0 3.390548124027021e-05
8320.0 3.401041624140791e-05
8330.0 3.411545649638619e-05
8340.0 3.422072325847868e-05
8350.0 3.432608687782169e-05
8360.0 3.443167727338151e-05
8370.0 3.4464327526261755e-05
8380.0 3.449690929972031e-05
8390.0 3.4529542278807525e-05
8400.0 3.4562163871094685e-05
8410.0 3.458801092887158e-05
8420.0 3.461380150014202e-05
8430.0 3.463965603781883e-05
8440.0 3.466551430984434e-05
8450.0 3.4691371038935596e-05
8460.0 3.471729427452474e-05
8470.0 3.4743224089734015e-05
8480.0 3.476926512219119e-05
8490.0 3.4795763649701344e-05
8500.0 3.482316123714629e-05
8510.0 3.487252898202161e-05
8520.0 3.492277012149513e-05
8530.0 3.4973379117877044e-05
8540.0 3.502413073972807e-05
8550.0 3.503518009587359e-05
8560.0 3.5046177184084695e-05
8570.0 3.505701900203075e-05
8580.0 3.50678134008982e-05
8590.0 3.507850184532288e-05
8600.0 3.5089026586722965e-05
8610.0 3.50938527759939e-05
8620.0 3.509856264121832e-05
8630.0 3.5103166607972e-05
8640.0 3.5161743473389804e-05
8650.0 3.52202329244081e-05
8660.0 3.527856801896488e-05
8670.0 3.533685930598732e-05
8680.0 3.539505871034692e-05
8690.0 3.545315449510087e-05
8700.0 3.551116774339588e-05
8710.0 3.556901503254724e-05
8720.0 3.5626823308161386e-05
8730.0 3.585271252023613e-05
8740.0 3.60795213288194e-05
8750.0 3.6307254894934434e-05
8760.0 3.653590706119243e-05
8770.0 3.6765425124255194e-05
8780.0 3.6995931688697974e-05
8790.0 3.7227368987875954e-05
8800.0 3.7459731035550035e-05
8810.0 3.76405499554313e-05
8820.0 3.78217401313018e-05
8830.0 3.800343753008505e-05
8840.0 3.824996109524633e-05
8850.0 3.84975094553247e-05
8860.0 3.874609691935358e-05
8870.0 3.8995716996076005e-05
8880.0 3.9246319546662314e-05
8890.0 3.9498023335445576e-05
8900.0 3.975076686210547e-05
8910.0 3.984747879363913e-05
8920.0 3.9944212500726904e-05
8930.0 4.0074072771826965e-05
8940.0 4.017097208413715e-05
8950.0 4.026782837418514e-05
8960.0 4.039819588846578e-05
8970.0 4.0495464526311464e-05
8980.0 4.062676935946585e-05
8990.0 4.0725025982442333e-05
9000.0 4.082350182138339e-05
9010.0 4.0861129862535094e-05
9020.0 4.086559710904132e-05
9030.0 4.090456959882189e-05
9040.0 4.0944770844326595e-05
9050.0 4.098560125547883e-05
9060.0 4.106107991752767e-05
9070.0 4.110305883570187e-05
9080.0 4.1179856569133385e-05
9090.0 4.1222907666816056e-05
9100.0 4.126652982495918e-05
9110.0 4.134498509563223e-05
9120.0 4.138961545732403e-05
9130.0 4.1469214008052984e-05
9140.0 4.151473608679453e-05
9150.0 4.159541353366637e-05
9160.0 4.164182580483077e-05
9170.0 4.172347176277515e-05
9180.0 4.1770702258182854e-05
9190.0 4.185324209027814e-05
9200.0 4.190123170396802e-05
9210.0 4.1956194962264936e-05
9220.0 4.197638258345252e-05
9230.0 4.203206745167731e-05
9240.0 4.208970133686215e-05
9250.0 4.2182946433655666e-05
9260.0 4.2241158894583733e-05
9270.0 4.233508125587954e-05
9280.0 4.2393749291279e-05
9290.0 4.248827486209295e-05
9300.0 4.254739943941823e-05
9310.0 4.2642485217503407e-05
9320.0 4.2701994396378896e-05
9330.0 4.279755546653501e-05
9340.0 4.285732149223308e-05
9350.0 4.295331011854476e-05
9360.0 4.3013278682736166e-05
9370.0 4.310969019754296e-05
9380.0 4.316978389688406e-05
9390.0 4.326641596173942e-05
9400.0 4.336327914174982e-05
9410.0 4.338287810901959e-05
9420.0 4.343903645938949e-05
9430.0 4.345855373154492e-05
9440.0 4.3538923042927833e-05
9450.0 4.3582513643624884e-05
9460.0 4.366286670233623e-05
9470.0 4.374321716934359e-05
9480.0 4.37865859699252e-05
9490.0 4.386685908298512e-05
9500.0 4.3947118899944935e-05
9510.0 4.3983205777011745e-05
9520.0 4.405632092179002e-05
9530.0 4.4092034376898074e-05
9540.0 4.416489906669606e-05
9550.0 4.423760193316369e-05
9560.0 4.4272597457249377e-05
9570.0 4.434492307357122e-05
9580.0 4.441702144474122e-05
9590.0 4.445121899035345e-05
9600.0 4.452281231976826e-05
9610.0 4.457788007280785e-05
9620.0 4.4594730890565e-05
9630.0 4.464910561387418e-05
9640.0 4.472107435177615e-05
9650.0 4.475456714752851e-05
9660.0 4.482583361172757e-05
9670.0 4.4896686302726955e-05
9680.0 4.4928945989338554e-05
9690.0 4.499896876206051e-05
9700.0 4.506863542327381e-05
9710.0 4.509947078852485e-05
9720.0 4.516824322009361e-05
9730.0 4.523652081514175e-05
9740.0 4.5265800409739e-05
9750.0 4.533305516057179e-05
9760.0 4.539983019166211e-05
9770.0 4.5466114031385755e-05
9780.0 4.549303351592769e-05
9790.0 4.555815892694123e-05
9800.0 4.562272436889541e-05
9810.0 4.5662905873161576e-05
9820.0 4.566343767302701e-05
9830.0 4.570227648986137e-05
9840.0 4.5763934960962935e-05
9850.0 4.5824964140017376e-05
9860.0 4.584606958684823e-05
9870.0 4.590568459623954e-05
9880.0 4.596455218650241e-05
9890.0 4.602267385710431e-05
9900.0 4.604065629585797e-05
9910.0 4.6097290538816024e-05
9920.0 4.615310542581291e-05
9930.0 4.62080988780176e-05
9940.0 4.626227889085621e-05
9950.0 4.62760800859117e-05
9960.0 4.6328500751526996e-05
9970.0 4.6380105625756364e-05
9980.0 4.643088974371064e-05
9990.0 4.648072050562278e-05
10000.0 4.6489761637555516e-05
10010.0 4.656396706516792e-05
10020.0 4.663746369035829e-05
10030.0 4.6710255626887786e-05
10040.0 4.678239525103046e-05
10050.0 4.681366660464482e-05
10060.0 4.6884370786922095e-05
10070.0 4.6954418094118955e-05
10080.0 4.7023812997291105e-05
10090.0 4.7092549339937406e-05
10100.0 4.7160687300144595e-05
10110.0 4.722816166794828e-05
10120.0 4.7254469123872e-05
10130.0 4.732068449538366e-05
10140.0 4.738629916386146e-05
10150.0 4.745130726018429e-05
10160.0 4.751584308616613e-05
10170.0 4.757976140301839e-05
10180.0 4.764307689187071e-05
10190.0 4.7665023919106664e-05
10200.0 4.7727263698580325e-05
10210.0 4.7792212296564035e-05
10220.0 4.785675305246049e-05
10230.0 4.792075709500654e-05
10240.0 4.798427932976908e-05
10250.0 4.804731428174609e-05
10260.0 4.810994105611642e-05
10270.0 4.817208740119566e-05
10280.0 4.823380823546229e-05
10290.0 4.825362027073456e-05
10300.0 4.831445065611076e-05
10310.0 4.837491891972312e-05
10320.0 4.8434969896394377e-05
10330.0 4.849459839251185e-05
10340.0 4.855386723245634e-05
10350.0 4.86128426850212e-05
10360.0 4.867144233523548e-05
10370.0 4.8729695274817585e-05
10380.0 4.878757341145306e-05
10390.0 4.8845221199439845e-05
10400.0 4.890250867036512e-05
10410.0 4.8961313459869614e-05
10420.0 4.9019889771082076e-05
10430.0 4.9078165331953653e-05
10440.0 4.9136210478580764e-05
10450.0 4.9194031721535944e-05
10460.0 4.92091979748434e-05
10470.0 4.926650510753317e-05
10480.0 4.932363322180886e-05
10490.0 4.938054117618507e-05
10500.0 4.9437268623160893e-05
10510.0 4.945382557418166e-05
10520.0 4.9470243388317474e-05
10530.0 4.948646334543269e-05
10540.0 4.950255081985325e-05
10550.0 4.951842628154394e-05
10560.0 4.953417592183838e-05
10570.0 4.9549858300041265e-05
10580.0 4.956533519541762e-05
10590.0 4.958074463940734e-05
10600.0 4.9596089787231914e-05
10610.0 4.9607735813385483e-05
10620.0 4.961931712365729e-05
10630.0 4.963083740695601e-05
10640.0 4.964235165662309e-05
10650.0 4.965379788270738e-05
10660.0 4.9665241257470354e-05
10670.0 4.9676699403724914e-05
10680.0 4.96881482668582e-05
10690.0 4.974236701136906e-05
10700.0 4.9753903497720585e-05
10710.0 4.9765433933055655e-05
10720.0 4.977703113465897e-05
10730.0 4.978870532505889e-05
10740.0 4.9800442623466265e-05
10750.0 4.981224680653627e-05
10760.0 4.9824194017389234e-05
10770.0 4.983627414867642e-05
10780.0 4.9848427790767966e-05
10790.0 4.9860787411972167e-05
10800.0 4.987327968170777e-05
10810.0 4.988826382875878e-05
10820.0 4.990346182682415e-05
10830.0 4.9918856655170566e-05
10840.0 4.9934396384962004e-05
10850.0 4.9950216463443e-05
10860.0 4.9966240824041816e-05
10870.0 5.0025521439222905e-05
10880.0 5.0042111546724954e-05
10890.0 5.0058906152916185e-05
10900.0 5.0076055566612495e-05
10910.0 5.009341040895472e-05
10920.0 5.011110655857496e-05
10930.0 5.012915830190204e-05
10940.0 5.0147555173321675e-05
10950.0 5.016629046084433e-05
10960.0 5.018530567034756e-05
10970.0 5.020474396160726e-05
10980.0 5.0267743327725874e-05
10990.0 5.02880247505122e-05
11000.0 5.029840939759767e-05
11010.0 5.031493530844677e-05
11020.0 5.03314652676983e-05
11030.0 5.034799927604555e-05
11040.0 5.036453733418186e-05
11050.0 5.038107944280067e-05
11060.0 5.039762560259548e-05
11070.0 5.045745180852741e-05
11080.0 5.047402028308843e-05
11090.0 5.0490592814385775e-05
11100.0 5.0507169403113854e-05
11110.0 5.052375004996714e-05
11120.0 5.05403347556402e-05
11130.0 5.055692352082762e-05
11140.0 5.0573516346224145e-05
11150.0 5.063350300691406e-05
11160.0 5.065011819299798e-05
11170.0 5.066673744485966e-05
11180.0 5.068336076319469e-05
11190.0 5.0699988148698714e-05
11200.0 5.071661960206751e-05
11210.0 5.077937653083558e-05
11220.0 5.079868253222817e-05
11230.0 5.0817993426283786e-05
11240.0 5.083730921359292e-05
11250.0 5.085662989474597e-05
11253.080078125 5.086258180138311e-05
11260.0 5.4612175034827817e-05
11270.0 6.00341925203284e-05
11280.0 6.551635927287534e-05
11290.0 7.09512314095264e-05
11300.0 7.639021202305247e-05
11310.0 8.183330266640011e-05
11320.0 8.728050489276242e-05
11330.0 9.273182025557882e-05
11340.0 9.827123673393089e-05
11350.0 0.00010373545296291465
11360.0 0.00010920379051239062
11370.0 0.00011467625093811382
11380.0 0.00012015283579608558
11390.0 0.00012574093076401718
11400.0 0.00013123045727077566
11410.0 0.00013673404193087632
11420.0 0.00014224255774171148
11430.0 0.00014775600701614664
11440.0 0.00015327439206760444
11450.0 0.00015893333018471544
11460.0 0.00016446631492986647
11470.0 0.00017000424661678648
11480.0 0.00017554712756310327
11490.0 0.00018109496008700244
11500.0 0.00018680699071402736
11510.0 0.000192359266746971
11520.0 0.00019791591558584342
11530.0 0.0002034769388409317
11540.0 0.00020904233812271393
11550.0 0.00021479508362488433
11560.0 0.0002203739920656993
11570.0 0.0002259572851007118
11580.0 0.00023154496434253741
11590.0 0.0002371370314039837
11600.0 0.0002429402305638331
11610.0 0.000248547362195532
11620.0 0.0002541589577140772
11630.0 0.00025977501875909114
11640.0 0.00026562142608500014
11650.0 0.0002712512105579331
11660.0 0.00027688546928207646
11670.0 0.0002825242038991554
11680.0 0.0002881674160510718
11690.0 0.0002940649618336546
11700.0 0.0002997219404750924
11710.0 0.00030538340538992817
11720.0 0.00031104935822216676
11730.0 0.0003169888718417212
11740.0 0.00032266862661571284
11743.212890625 0.00032449442407624503
11750.0 0.00034942856680320023
11760.0 0.00038619080076194456
11763.21875 0.00039802991543917503
11770.0 0.0005082539603294052
11780.0 0.0006714754458192157
11783.2236328125 0.0007239808285823382
11790.0 0.0009763958039452756
11800.0 0.0013491398209514464
11803.23046875 0.0014695524666723388
11810.0 0.0018288444353146433
11820.0 0.002361829828266248
11823.2353515625 0.0025338276613020134
11830.0 0.003124662406598727
11840.0 0.003998464711574577
11843.2412109375 0.004281781553968402
11850.0 0.005092974970379869
11860.0 0.006299045503532639
11863.24609375 0.006689282664198409
11870.0 0.008043259722835122
11880.0 0.010048878584358671
11883.2509765625 0.010701128687918659
11890.0 0.012963057772635405
11900.0 0.016329846922683536
11903.2568359375 0.0174231623579373
11910.0 0.02107101387395888
11920.0 0.026483107654239498
11923.26171875 0.0282489981425691
11930.0 0.03504508830873877
11940.0 0.04513533503893946
11943.267578125 0.048446944196331054
11950.0 0.06046744063522329
11960.0 0.07828897028074151
11963.2734375 0.08412477873203804
11970.0 0.1057357419743514
11980.0 0.13787771132569834
11983.279296875 0.14846285214410881
11990.0 0.18674808157899486
12000.0 0.24361377838260093
12003.2841796875 0.26230659735932976
12010.0 0.30467874423339486
12020.0 0.36781248198342537
12023.2890625 0.38869614838450844
12030.0 0.42094576483667046
12040.0 0.4687036403438705
12043.294921875 0.48444754845184773
12050.0 0.49665921789008566
12060.0 0.5148834558116668
12063.2998046875 0.5210452239344301
12070.0 0.5231517126139887
12080.0 0.5258576930923108
12083.3056640625 0.5267526361043635
12090.0 0.5260502602616074
12100.0 0.5250002884999124
12103.310546875 0.524798945047393
12110.0 0.5246055223314006
12120.0 0.5238734271359111
12123.3173828125 0.5236304155620214
12130.0 0.5238189814940568
12140.0 0.524101251000799
12143.322265625 0.524341758880573
12150.0 0.5251648181723252
12160.0 0.5259562023807401
12163.328125 0.5262196974220391
12170.0 0.5265516090623854
12180.0 0.5270493215230959
12183.3330078125 0.5273631922071617
12190.0 0.528670880095334
12200.0 0.5301894002958352
12203.337890625 0.5306802395842902
12210.0 0.5314277116416674
12220.0 0.5329981028294511
12223.34375 0.533373878723224
12230.0 0.5339611166614625
12240.0 0.5348437319770591
12243.3486328125 0.5351393894128402
12250.0 0.5352617301707293
12260.0 0.5358956234820709
12263.35546875 0.5359574167641629
12270.0 0.5357756025712815
12280.0 0.5355017875158967
12283.3603515625 0.5354097260583627
12290.0 0.5347625877321917
12300.0 0.5342356081112513
12303.3662109375 0.5339069219832774
12310.0 0.5331515305966287
12320.0 0.5320122209889327
12323.37109375 0.5316279845575648
12330.0 0.5312838591325221
12340.0 0.5312096662982251
12343.3759765625 0.531034077231575
12350.0 0.5307790067163048
12360.0 0.5303936992079672
12363.3818359375 0.5302633295500752
12370.0 0.5304378224754261
12380.0 0.5311464246842996
12383.38671875 0.5312358404263886
12390.0 0.5316792348380437
12400.0 0.5323499708893745
12403.392578125 0.5325992579937255
12410.0 0.5327982993888591
12420.0 0.5335461439904454
12423.3984375 0.5336486669668551
12430.0 0.5339375028943368
12440.0 0.5343752251605084
12443.404296875 0.5345242926049737
12450.0 0.534454640782863
12460.0 0.5347959838722119
12463.4091796875 0.5347598432785944
12470.0 0.5347796266559364
12480.0 0.5348095595961808
12483.4140625 0.5348197557979071
12490.0 0.5344804947737971
12500.0 0.5344113887754753
12503.419921875 0.5341936279791188
12510.0 0.5335770047433661
12520.0 0.5326395478618484
12523.4248046875 0.5323183899868145
12530.0 0.5318811954283492
12540.0 0.5316597720327839
12543.4306640625 0.53143130632734
12550.0 0.5310654967722543
12560.0 0.5305084208013358
12563.435546875 0.5304690581269383
12570.0 0.5306988289202447
12580.0 0.5306060739845231
12583.4423828125 0.530574119493952
12590.0 0.5311773977305905
12600.0 0.532097586951269
12603.447265625 0.5325601862580003
12610.0 0.5333861925672946
12620.0 0.5342028291722017
12623.4521484375 0.534484785712161
12630.0 0.5352709017363841
12640.0 0.5364717112798533
12643.4580078125 0.5370417213002796
12650.0 0.5382824721119852
12660.0 0.539731990344529
12663.462890625 0.5402340262792416
12670.0 0.5409844225425453
12680.0 0.5421325496775345
12683.46875 0.5426875718489863
12690.0 0.5435718114715219
12700.0 0.5444740836491224
12703.4736328125 0.5447875468999226
12710.0 0.5448921267055967
12720.0 0.5450523594931052
12723.48046875 0.5452659535370886
12730.0 0.5455764364713309
12740.0 0.5455991618100064
12743.4853515625 0.5456070705348492
12750.0 0.5449582553421585
12760.0 0.5439620414012353
12763.490234375 0.5436142592558312
12770.0 0.5430551492087163
12780.0 0.5426467461952058
12783.49609375 0.5423460664971215
12790.0 0.5419479337049959
12800.0 0.5413355994522454
12803.5009765625 0.5410898732311125
12810.0 0.5410279437630185
12820.0 0.5413819276264998
12823.5068359375 0.5413484662966684
12830.0 0.5412685781886251
12840.0 0.5411455187904024
12843.51171875 0.5411022965372793
12850.0 0.541559471735226
12860.0 0.5427140101817706
12863.517578125 0.5429620335440953
12870.0 0.5435264836826912
12880.0 0.5443971591684014
12883.5234375 0.5447039176730996
12890.0 0.5452677846429668
12900.0 0.5465912193971543
12903.5283203125 0.5468986177620251
12910.0 0.5473193274115379
12920.0 0.547969349426163
12923.5341796875 0.5481990626114259
12930.0 0.5482262616108171
12940.0 0.5487225029704437
12943.5390625 0.5487373819796115
12950.0 0.5487824209258337
12960.0 0.5488520973619139
12963.544921875 0.548876787433215
12970.0 0.5484040625300146
12980.0 0.547671731248678
12983.5498046875 0.5475726365245046
12990.0 0.5475350108621823
13000.0 0.5470234919131463
13003.5556640625 0.5469078339089308
13010.0 0.5461629353006342
13020.0 0.5450063827467136
13023.560546875 0.5447547865778621
13030.0 0.5449415721798857
13040.0 0.5447810268896172
13043.5673828125 0.5447237134984757
13050.0 0.5445310598401655
13060.0 0.5442313544251738
13063.572265625 0.5441242295869341
13070.0 0.544341766848516
13080.0 0.5451304393748082
13083.5771484375 0.5452516817559859
13090.0 0.5452908807525979
13100.0 0.5453518879981556
13103.5830078125 0.545373740041937
13110.0 0.5458947827876052
13120.0 0.5467071223225839
13123.587890625 0.5471607592239748
13130.0 0.5477398633100714
13140.0 0.5481914706209252
13143.59375 0.5483538202481788
13150.0 0.5484468661075944
13160.0 0.5485921285161534
13163.5986328125 0.5488073185233671
13170.0 0.5492973992394832
13180.0 0.5496103955690513
13183.60546875 0.5497232773699431
13190.0 0.5498520764657144
13200.0 0.5500535461847175
13203.6103515625 0.550084916247957
13210.0 0.5502654303892794
13220.0 0.5510018232186095
13223.615234375 0.5511040696101672
13230.0 0.5511775060438744
13240.0 0.5512925372480476
13243.62109375 0.5513341950362367
13250.0 0.5515682023191931
13260.0 0.5519351049704833
13263.6259765625 0.5520681602634027
13270.0 0.5525161266721504
13280.0 0.553674763517552
13283.6318359375 0.5539302965706119
13290.0 0.5541464733133462
13300.0 0.5544859903998194
13303.63671875 0.5546094790635487
13310.0 0.5545225045865619
13320.0 0.5543857915781553
13323.642578125 0.5545021615685618
13330.0 0.554847803891472
13340.0 0.5549352846175863
13343.6484375 0.5549672038768595
13350.0 0.5547376720545291
13360.0 0.5543762230012844
13363.6533203125 0.5542441525654852
13370.0 0.5540325223817988
13380.0 0.553699006535007
13383.6591796875 0.553743536853876
13390.0 0.5533751981783542
13400.0 0.5523388434522495
13403.6640625 0.5518491499849464
13410.0 0.5511628136741772
13420.0 0.5500801765778535
13423.669921875 0.5496830434425555
13430.0 0.5490160288313881
13440.0 0.5479628924083864
13443.6748046875 0.5477414173188602
13450.0 0.5472889359744068
13460.0 0.5461242787355041
13463.6806640625 0.5456958130928536
13470.0 0.5458283490492315
13480.0 0.5460377652026086
13483.685546875 0.546114849253018
13490.0 0.5459284957206715
13500.0 0.5456334191515486
13503.6923828125 0.5456633889799639
13510.0 0.5461029921525534
13520.0 0.5463516429356378
13523.697265625 0.5464434335064491
13530.0 0.5467936117588738
13540.0 0.547348465669763
13543.7021484375 0.5475536495554745
13550.0 0.5482190925581661
13560.0 0.5492745015865194
13563.7080078125 0.5496654707907699
13570.0 0.5496963787009089
13580.0 0.5501962281898191
13583.712890625 0.5502142938692552
13590.0 0.5496134133361222
13600.0 0.5486583385651699
13603.71875 0.5479186529679694
13610.0 0.5484699900902651
13620.0 0.5493399861615543
13623.7236328125 0.5496615098817665
13630.0 0.5496793111723267
13640.0 0.5497032850267033
13643.73046875 0.5497108492808734
13650.0 0.5482544318396186
13660.0 0.5463839336875046
13663.7353515625 0.5455189803421084
13670.0 0.5451698230212941
13680.0 0.544610439372398
13683.740234375 0.5444005739308101
13690.0 0.5434507050673565
13700.0 0.5419351235261376
13703.74609375 0.5413679543236045
13710.0 0.5404727160195856
13720.0 0.5390427349480187
13723.7509765625 0.5385068301392867
13730.0 0.5377328112061789
13740.0 0.5364949230687207
13743.7568359375 0.5361950392686312
13750.0 0.5353772024336794
13760.0 0.5336310232385186
13763.76171875 0.532975058692943
13770.0 0.5323224688690579
13780.0 0.5312763361582302
13783.767578125 0.5308821891941028
13790.0 0.5292010700345811
13800.0 0.526510435794255
13803.7734375 0.5256120667759645
13810.0 0.5251056907713897
13820.0 0.5242927035883764
13823.7783203125 0.5239856158791524
13830.0 0.523282876234087
13840.0 0.5242316909109355
13843.7841796875 0.5245908464470073
13850.0 0.5244226610694533
13860.0 0.5245773859768823
13863.7890625 0.524472219829127
13870.0 0.5253410923487584
13880.0 0.526741831469815
13883.794921875 0.5272739824140487
13890.0 0.527381152415264
13900.0 0.527551676540054
13903.7998046875 0.5276157631604562
13910.0 0.5285022536985587
13920.0 0.5299339181272554
13923.8056640625 0.5304793734023461
13930.0 0.5299813765593387
13940.0 0.5291720911203803
13943.810546875 0.5288619753551701
13950.0 0.5306687903801894
13960.0 0.5335946455168504
13963.8173828125 0.5347137314863094
13970.0 0.5347137474912836
13980.0 0.5347110416977974
13983.822265625 0.5347091146929432
13990.0 0.5358345566428026
14000.0 0.5376594359519642
14003.8271484375 0.5381573178389347
14010.0 0.5380653964464273
14020.0 0.5379155172838579
14023.8330078125 0.5378577513775001
14030.0 0.5387285188441409
14040.0 0.5401420417231187
14043.837890625 0.5406850430166846
14050.0 0.5411171800294807
14060.0 0.5418188583623726
14063.84375 0.5420886967862306
14070.0 0.5423176061987881
14080.0 0.5431330111436989
14083.8486328125 0.543276138662108
14090.0 0.544082325040147
14100.0 0.5453942732115624
14103.85546875 0.5459005430631517
14110.0 0.545908939644279
14120.0 0.545921899027338
14123.8603515625 0.5459266677887191
14130.0 0.5466658569156094
14140.0 0.5478710078787857
14143.865234375 0.5483372225003009
14150.0 0.5480722979288065
14160.0 0.5476390434657272
14163.87109375 0.5474708561417054
14170.0 0.5478521839070871
14180.0 0.54847462648915
14183.8759765625 0.5487159715979449
14190.0 0.5488754060387383
14200.0 0.5486868301654494
14203.8818359375 0.548593945772365
14210.0 0.548601081141178
14220.0 0.5486126974531623
14223.88671875 0.5486171968861655
14230.0 0.5485560552022625
14240.0 0.5484559814904235
14243.892578125 0.5484170071526476
14250.0 0.5483047296808969
14260.0 0.5481208231329681
14263.8984375 0.5480491051826438
14270.0 0.5477495354508264
14280.0 0.5472584592906155
14283.904296875 0.5470666935403381
14290.0 0.5474817645278667
14300.0 0.5481627190823477
14303.9091796875 0.5484289267761681
14310.0 0.5482146633746146
14320.0 0.547862794797897
14323.9140625 0.5477250415679055
14330.0 0.5476977043321036
14340.0 0.5476527330967381
14343.919921875 0.5476350869026445
14350.0 0.5477774672564734
14360.0 0.5480116216621064
14363.9248046875 0.5481035156107806
14370.0 0.5483475215246331
14380.0 0.5487491624907956
14383.9306640625 0.548907033376838
14390.0 0.5489643579886436
14400.0 0.5486098055777677
14403.935546875 0.548606012181952
14410.0 0.5487693520258625
14420.0 0.5490386056171339
14423.9423828125 0.5491447261924601
14430.0 0.5494429647748761
14440.0 0.5499351721708243
14443.947265625 0.5501294152381367
14450.0 0.5503765870291566
14460.0 0.5507848377844357
14463.9521484375 0.5509461456821338
14470.0 0.5507882012235091
14480.0 0.550527058733535
14483.9580078125 0.5504237036636601
14490.0 0.551040743667264
14500.0 0.5520617650697637
14503.962890625 0.5523895517705609
14510.0 0.5522493478158074
14520.0 0.5524693533792571
14523.96875 0.5525566810187683
14530.0 0.5525044308784202
14540.0 0.5524176649337044
14543.9736328125 0.5523831410557329
14550.0 0.5522971202396735
14560.0 0.5521542148037651
14563.98046875 0.5520972745471557
14570.0 0.5517758160937931
14580.0 0.5507899736342832
14583.9853515625 0.5505770347605227
14590.0 0.5503394870404057
14600.0 0.5499442340315348
14603.9912109375 0.5497620071523046
14610.0 0.5493197104349564
14620.0 0.5485832974044709
14623.99609375 0.5482889045362803
14630.0 0.5480645978207541
14640.0 0.5476908037865665
14644.0009765625 0.547361608293449
14650.0 0.5466167803447012
14660.0 0.5458236729361453
14664.0068359375 0.5455057648170081
14670.0 0.5453818524477948
14680.0 0.5451749670795304
14684.01171875 0.545091925082737
14690.0 0.5449679299661865
14700.0 0.5447607378815108
14704.017578125 0.5444979496634773
14710.0 0.5445581646698309
14720.0 0.5451057637679132
14724.0234375 0.5453261415864662
14730.0 0.5455532859088777
14740.0 0.5459334362929222
14744.029296875 0.5460866426867594
14750.0 0.54618006934854
14760.0 0.5458879791459962
14764.0341796875 0.5459510580877117
14770.0 0.5462445686589102
14780.0 0.5467366893633706
14784.0390625 0.5469355074963705
14790.0 0.5473790688272022
14800.0 0.5476730003110539
14804.044921875 0.5479516106899569
14810.0 0.5481953088558237
14820.0 0.5486045889142446
14824.0498046875 0.5487703580840557
14830.0 0.5491470805569302
14840.0 0.549328217935985
14844.0556640625 0.5495848580095549
14850.0 0.5497782484484504
14860.0 0.5501036185202071
14864.060546875 0.5502357488833461
14870.0 0.550329341721573
14880.0 0.5500338216657018
14884.0673828125 0.5500978608893211
14890.0 0.5502576151563716
14900.0 0.550526918791425
14904.072265625 0.5506365944259739
14910.0 0.5511111254714867
14920.0 0.5514571980728964
14924.078125 0.5517834979295371
14930.0 0.5518602367946903
14940.0 0.5519898147372394
14944.0830078125 0.5520427188115183
14950.0 0.5526982563355933
14960.0 0.5533497657933387
14964.087890625 0.5538024397677244
14970.0 0.5538626011183826
14980.0 0.5539643471806528
14984.09375 0.5538188602658569
14990.0 0.5540046956691438
15000.0 0.5547765880763602
15004.0986328125 0.5549840250362723
15010.0 0.5549530673223815
15020.0 0.5544423783773861
15024.10546875 0.554420823258744
15030.0 0.5544391719615575
15040.0 0.5544702076047502
15044.1103515625 0.5542945647226726
15050.0 0.5536658386289747
15060.0 0.553056859570644
15064.1162109375 0.552806285851618
15070.0 0.5523500093523201
15080.0 0.551118634401769
15084.12109375 0.5507995889878624
15090.0 0.5502303343599565
15100.0 0.5492624915821603
15104.1259765625 0.5486758767172002
15110.0 0.5477762298755692
15120.0 0.5466995033451795
15124.1318359375 0.5462548079914854
15130.0 0.5453469947335738
15140.0 0.543350196711534
15144.13671875 0.5427113773703354
15150.0 0.5416440496597674
15160.0 0.5398246176824615
15164.142578125 0.5388860899642636
15170.0 0.5376735310823134
15180.0 0.53605118500868
15184.1484375 0.5351941453572552
15190.0 0.5341154779203097
15200.0 0.5327171088283137
15204.154296875 0.5321182067236222
15210.0 0.5312918378845198
15220.0 0.5294389450411535
15224.1591796875 0.5288521549887374
15230.0 0.5284462777622044
15240.0 0.5273130881863118
15244.1650390625 0.5270241949120384
15250.0 0.5267317817819342
15260.0 0.5262308830651059
15264.169921875 0.5258396085196022
15270.0 0.5253088870204996
15280.0 0.5248364355401957
15284.1748046875 0.524456922210317
15290.0 0.5241668604272386
15300.0 0.524105662893288
15304.1806640625 0.5238974645353088
15310.0 0.5237348956120828
15320.0 0.5238920830740205
15324.185546875 0.5237748820573868
15330.0 0.5237229302996229
15340.0 0.5240702612186856
15344.1923828125 0.5240323141142473
15350.0 0.5239636874838087
15360.0 0.5242827483530016
15364.197265625 0.5244165473677668
15370.0 0.5246487307377232
15380.0 0.5246098291221417
15384.203125 0.524777570902173
15390.0 0.5251662977661686
15400.0 0.5253966915679376
15404.2080078125 0.5256895632638632
15410.0 0.525856872817042
15420.0 0.5257051736080488
15424.212890625 0.5258265644176733
15430.0 0.5259931896808492
15440.0 0.5258400701140313
15444.21875 0.5259612343375564
15450.0 0.5262366074165761
15460.0 0.5262710924322913
15464.2236328125 0.5262852568435112
15470.0 0.5261640450504946
15480.0 0.5263956767328003
15484.23046875 0.5263065856313447
15490.0 0.5260450998758639
15500.0 0.5260338360129819
15504.2353515625 0.5259016127703349
15510.0 0.5257835577567185
15520.0 0.5260208271272885
15524.2412109375 0.5259337599736887
15530.0 0.5256297886120056
15540.0 0.5255444661146549
15544.24609375 0.5253204282863114
15550.0 0.5248161755691734
15560.0 0.523940399276086
15564.251953125 0.5237560519767956
15570.0 0.5234914444592145
15580.0 0.522590147036058
15584.2568359375 0.5223944091171285
15590.0 0.5219919618320503
15600.0 0.5208514570313545
15604.26171875 0.5205413576250617
15610.0 0.5199550687188793
15620.0 0.5184952875605806
15624.267578125 0.5178729560497769
15630.0 0.5169917134211087
15640.0 0.5158925698292703
15644.2734375 0.5152366035103285
15650.0 0.5141139334408809
15660.0 0.5121558757951595
15664.279296875 0.5115044051675632
15670.0 0.5105421971893511
15680.0 0.5084294298530292
15684.2841796875 0.5077097906165868
15690.0 0.5069930947797089
15700.0 0.5053105410236035
15704.2900390625 0.5045895109437402
15710.0 0.5033728594957115
15720.0 0.5016709958633492
15724.294921875 0.5007574190874114
15730.0 0.4996961512202478
15740.0 0.4978382013225254
15744.30078125 0.497222028684158
15750.0 0.49700929275304584
15760.0 0.4962134582676421
15764.3056640625 0.4958710023925115
15770.0 0.4958246219512103
15780.0 0.49574265706481274
15784.310546875 0.4958894756665191
15790.0 0.49665381490239807
15800.0 0.49757194650385667
15804.3173828125 0.4979760143082589
15810.0 0.49937543652805255
15820.0 0.5022629251290083
15824.322265625 0.503324748976843
15830.0 0.5050614896305271
15840.0 0.5081149210422042
15844.328125 0.5094343794601702
15850.0 0.5103423775985979
15860.0 0.5123791305030121
15864.3330078125 0.5130709125624843
15870.0 0.5099457918590138
15880.0 0.504438991308822
15884.3388671875 0.5020527833674598
15890.0 0.49098261476119015
15900.0 0.4718627485792909
15904.34375 0.46338605058551763
15910.0 0.4415598969211867
15920.0 0.4030311242005387
15924.3486328125 0.38629986298766694
15930.0 0.3584144066510364
15940.0 0.3091472081738513
15944.35546875 0.2878273408010193
15950.0 0.2615081231618868
15960.0 0.21470422811550383
15964.3603515625 0.19432489988104557
15970.0 0.17446499821340128
15980.0 0.13930442649479816
15984.3662109375 0.12397432410775495
15990.0 0.11092771698192819
16000.0 0.08788164522765671
16004.37109375 0.07778174647951082
16010.0 0.06943909671825259
16020.0 0.0546399570123763
16024.376953125 0.048171272523243346
16030.0 0.04314433004542833
16040.0 0.03421768876163593
16044.3818359375 0.0303115262915056
16050.0 0.02727547607818078
16060.0 0.021898528075085955
16064.3876953125 0.019532130055570873
16070.0 0.017688834384246933
16080.0 0.014409327673144515
16084.392578125 0.01297075162320234
16090.0 0.011770407594505724
16100.0 0.009632954298450307
16104.3984375 0.00869409990471422
16110.0 0.00793604966671701
16120.0 0.006584778284797016
16124.404296875 0.005990457020491635
16130.0 0.005464279844238199
16140.0 0.004525356313482105
16144.4091796875 0.004111938607270051
16150.0 0.003763128951631711
16160.0 0.003142914562253525
16164.4150390625 0.0028680125163547043
16170.0 0.0026520765891176134
16180.0 0.002266014581280857
16184.419921875 0.0020956140216504215
16190.0 0.00193771188775632
16200.0 0.001655159419381489
16204.42578125 0.0015301567934971091
16210.0 0.0014240381292644417
16220.0 0.0012340025477420586
16224.4306640625 0.0011499429408213333
16230.0 0.0010585638956289323
16240.0 0.0008947808043054521
16244.435546875 0.0008222542027306671
16250.0 0.0007793775899410204
16260.0 0.0007024599154017736
16264.4423828125 0.0006683465810942979
16270.0 0.0006173435715377349
16280.0 0.0005257358741295072
16284.447265625 0.00048506308790762545
16290.0 0.0004763663099237469
16300.0 0.0004607315558285202
16304.453125 0.0004537804956241377
16310.0 0.0004115892048439396
16320.0 0.000335662236202828
16324.4580078125 0.000301870342056773
16330.0 0.0002738290469351883
16340.0 0.0002233218661689817
16344.4638671875 0.0002008137948636912
16350.0 0.00017291473421201687
16354.4658203125 0.00015043549481455804
16360.0 0.00014812014605842516
16370.0 0.0001438153209050893
16380.0 0.0001396518885892296
16390.0 0.000135497852515171
16400.0 0.0001313531771404948
16410.0 0.0001272929011156738
16420.0 0.00012323713076553425
16430.0 0.00011918588820421076
16440.0 0.00011513919385560893
16450.0 0.00011109703072101159
16460.0 0.00010696306350360087
16470.0 0.00010293355885742
16480.0 9.890863533714158e-05
16490.0 9.488827930702823e-05
16500.0 9.087250989834212e-05
16510.0 8.686134454449192e-05
16520.0 8.285477213848664e-05
16530.0 7.87813263041456e-05
16540.0 7.478754576247125e-05
16550.0 7.079840205672985e-05
16560.0 6.681388745802025e-05
16570.0 6.283402492315767e-05
16580.0 5.880515157128523e-05
16590.0 5.483817631830084e-05
16600.0 5.087586626251205e-05
16604.533203125 4.902494841699833e-05
16610.0 4.894107468352518e-05
16620.0 4.874319249799055e-05
16630.0 4.859038732841804e-05
16640.0 4.843786930321175e-05
16650.0 4.828564872734842e-05
16660.0 4.8089431381621566e-05
16670.0 4.7937893016334666e-05
16680.0 4.778664051164316e-05
16690.0 4.7591697091723855e-05
16700.0 4.744112452591461e-05
16710.0 4.729084730205796e-05
16720.0 4.709716322423835e-05
16730.0 4.694756362533785e-05
16740.0 4.679824792520489e-05
16750.0 4.660582954086853e-05
16760.0 4.645718920351755e-05
16770.0 4.630884210987609e-05
16780.0 4.6117680130728333e-05
16790.0 4.5970000957699545e-05
16800.0 4.577970691159988e-05
16810.0 4.563466454315499e-05
16820.0 4.548985978200652e-05
16830.0 4.53026625741201e-05
16840.0 4.515841814684659e-05
16850.0 4.497197237851125e-05
16860.0 4.482828764668851e-05
16870.0 4.464259756093774e-05
16880.0 4.449946685156851e-05
16890.0 4.435656769406408e-05
16900.0 4.4171954332076845e-05
16910.0 4.402961832547128e-05
16920.0 4.384574865935757e-05
16930.0 4.370397015405163e-05
16940.0 4.352085336030425e-05
16950.0 4.33796267638094e-05
16960.0 4.3197257074066895e-05
16970.0 4.3015308235661835e-05
16980.0 4.2874963351375786e-05
16990.0 4.269376039359256e-05
17000.0 4.255397076559048e-05
17010.0 4.2341260361180925e-05
17020.0 4.216986170469293e-05
17030.0 4.195816661583072e-05
17040.0 4.1747041685670715e-05
17050.0 4.1576849474342664e-05
17060.0 4.1366737848076274e-05
17070.0 4.119730659590189e-05
17080.0 4.0988206975302844e-05
17090.0 4.077967569871302e-05
17100.0 4.061144672702291e-05
17110.0 4.040392544513778e-05
17120.0 4.0196971405958716e-05
17130.0 4.0029942178266204e-05
17140.0 3.9823996123254115e-05
17150.0 3.9618616209878865e-05
17160.0 3.945278419023404e-05
17170.0 3.924841025091651e-05
17180.0 3.9044601352402574e-05
17190.0 3.8879964005397066e-05
17200.0 3.867715907126368e-05
17210.0 3.8163644044672784e-05
17220.0 3.765216904289928e-05
17230.0 3.717990937736386e-05
17240.0 3.667207440326953e-05
17250.0 3.616627188126129e-05
17260.0 3.566250426529344e-05
17270.0 3.516076535285232e-05
17280.0 3.4696068214390775e-05
17290.0 3.4197954529333245e-05
17300.0 3.370186422954517e-05
17310.0 3.320779951514151e-05
17320.0 3.2715754446125304e-05
17330.0 3.2225731121366984e-05
17340.0 3.173772370567016e-05
17350.0 3.1283721230480366e-05
17360.0 3.07993150137319e-05
17370.0 3.031691940535306e-05
17380.0 2.983653625160896e-05
17390.0 2.93581617825727e-05
17400.0 2.8881792331749165e-05
17410.0 2.8003069202245743e-05
17420.0 2.712833292344014e-05
17430.0 2.6257582952650185e-05
17440.0 2.539081203966236e-05
17450.0 2.452801944390098e-05
17460.0 2.3669198120819944e-05
17470.0 2.281434713224289e-05
17480.0 2.1963461014124434e-05
17490.0 2.111653450558851e-05
17500.0 2.0273566372606225e-05
17510.0 1.9434550083500235e-05
17520.0 1.859948420737192e-05
17530.0 1.7768362417172207e-05
17540.0 1.694118308542474e-05
17550.0 1.6117941113617173e-05
17560.0 1.5298631605372673e-05
17570.0 1.4483252638895284e-05
17580.0 1.3671798397410415e-05
17590.0 1.2864266763273337e-05
17600.0 1.2047655897876595e-05
17604.533203125 1.1832139039370198e-05
17610.0 1.1572847891849124e-05
17620.0 1.1100271570950595e-05
17630.0 1.0629926413542977e-05
17640.0 1.0161809690514953e-05
17650.0 9.695918789029651e-06
17660.0 9.222162651278304e-06
17670.0 8.761202702133513e-06
17680.0 8.30246294624107e-06
17690.0 7.84594088917433e-06
17700.0 7.383476691864135e-06
17710.0 6.931867744808092e-06
17720.0 6.482470763127869e-06
17730.0 6.035283370504482e-06
17740.0 5.584072277417371e-06
17750.0 5.141779809335275e-06
17760.0 4.701691463464437e-06
17770.0 4.263804609821872e-06
17780.0 3.823806987937821e-06
17790.0 3.3907973876661086e-06
17800.0 2.959983593688728e-06
17810.0 2.8391495755738568e-06
17820.0 2.7222444816664174e-06
17830.0 2.6029405150903367e-06
17840.0 2.4873126498186653e-06
17850.0 2.372259550594044e-06
17860.0 2.255182769597053e-06
17870.0 2.1414035226631504e-06
17880.0 2.0258499962533927e-06
17890.0 1.9133420147777076e-06
17900.0 1.7993089948260124e-06
17910.0 1.6880698638296487e-06
17920.0 1.5755546044480782e-06
17930.0 1.4655819109820951e-06
17940.0 1.3545816685231194e-06
17950.0 1.2458730016677796e-06
17960.0 1.1363850347234652e-06
17970.0 1.0289379855874784e-06
17980.0 9.20959554988667e-07
17990.0 8.147717167084391e-07
18000.0 7.083000855239327e-07
18001.0 0.0
18002.0 0.0
18200.0 0.0
18400.0 0.0
18600.0 0.0
18604.533203125 0.0
18800.0 0.0
19000.0 0.0
19200.0 0.0
19400.0 0.0
19600.0 0.0
19604.533203125 0.0
19605.533203125 0.0
19606.533203125 0.0
19800.0 0.0
20000.0 0.0
20001.0 0.0
20002.0 0.0
30000.0 0.0
30010.0 0.0
