# Source: https://roman.gsfc.nasa.gov/science/WFI_technical.html
# Wavelength(nm) Transmission(0-1)
400.0 0.0
405.0 0.0
410.0 0.0
415.0 0.0
420.0 0.0
425.0 0.0
430.0 0.0
435.0 0.0
440.0 0.0
445.0 0.0
450.0 0.0
455.0 0.0
460.0 0.0
465.0 0.0
470.0 0.0
475.0 0.0
480.0 0.0
485.0 0.0
490.0 0.0
495.0 0.0
500.0 0.0
505.0 0.0
510.0 0.0
515.0 0.0
520.0 0.0
525.0 0.0
530.0 0.0
535.0 0.0
540.0 0.0
545.0 0.0
550.0 0.0
555.0 0.0
560.0 0.0
565.0 0.0
570.0 0.0
575.0 0.0
580.0 0.0
585.0 0.0
590.0 0.0
595.0 0.0
600.0 0.0
605.0 0.0
610.0 0.0
615.0 0.0
620.0 0.0
625.0 0.0
630.0 0.0
635.0 0.0
640.0 0.0
645.0 0.0
650.0 0.0
655.0 0.0
660.0 0.0
665.0 0.0
670.0 0.0
675.0 0.0
680.0 0.0
685.0 0.0
690.0 0.0
695.0 0.0
700.0 0.0
705.0 0.0
710.0 0.0
715.0 0.0
720.0 0.0
725.0 0.0
730.0 0.0
735.0 0.0
740.0 0.0
745.0 0.0
750.0 0.0
755.0 0.0
760.0 0.0
765.0 0.0
770.0 0.0
775.0 0.0
780.0 0.0
785.0 0.0
790.0 0.0
795.0 0.0
800.0 0.0
805.0 0.0
810.0 0.0
815.0 0.0
820.0 0.0
825.0 0.0
830.0 0.0
835.0 0.0
840.0 0.0
845.0 0.0
850.0 0.0
855.0 0.0
860.0 0.0
865.0 0.0
870.0 0.0
875.0 0.0
880.0 0.0
885.0 0.0
890.0 0.0
895.0 0.0
900.0 0.0
905.0 0.0
910.0 0.0
915.0 0.0
920.0 0.0
925.0 0.0
930.0 0.0
935.0 0.0
940.0 0.0
945.0 0.0
950.0 0.0
955.0 0.0
960.0 0.0
965.0 0.0
970.0 0.0
975.0 0.0
980.0 0.0
985.0 0.0
990.0 0.0
995.0 0.0
1000.0 0.24714101713438194
1004.9999999999999 0.5086062214589594
1010.0 0.5228133172007338
1014.9999999999999 0.5369033214940868
1020.0 0.5509152648218258
1025.0 0.5648491471839506
1030.0 0.5786269076148471
1035.0 0.5919753327348659
1040.0 0.6055579407517271
1045.0 0.61898442683736
1050.0 0.6322547909917645
1055.0 0.645408063697748
1060.0 0.6584442449553101
1065.0 0.6713243042816439
1070.0 0.6840092111939424
1075.0 0.6965379961750127
1080.0 0.7088325982592405
1085.0 0.7213223527575037
1090.0 0.7331095585652395
1095.0 0.7447016119589399
1100.0 0.7563717263182546
1105.0 0.7668709261933571
1110.0 0.7774091565512665
1115.0 0.7881035088404044
1120.0 0.7985246477498926
1125.0 0.8082432379688538
1130.0 0.818196011084657
1135.0 0.8276413879239686
1140.0 0.8368135513836307
1145.0 0.8455954100152219
1150.0 0.8545724210608484
1155.0 0.862963974864369
1160.0 0.8711213457710472
1165.0 0.8794738690917606
1170.0 0.8872019046875609
1175.0 0.8951250926973967
1180.0 0.9028140978103899
1185.0 0.9097224932672416
1190.0 0.9169821630693572
1195.0 0.923929589009016
1200.0 0.9300964052925335
1205.0 0.9360680691620155
1210.0 0.9423910073767612
1215.0 0.9484407322118575
1220.0 0.9536708169080051
1225.0 0.959057023535381
1230.0 0.9642480777487217
1235.0 0.9688536747199562
1240.0 0.9730689668631202
1245.0 0.9772061980406697
1250.0 0.9803676671480426
1255.0 0.9835291362554154
1260.0 0.9861832090862963
1265.0 0.9882518246750712
1270.0 0.9900472268841966
1275.0 0.9917645681277077
1280.0 0.9932477264743764
1285.0 0.9939893056477108
1290.0 0.9951602201319231
1295.0 0.9959017993052575
1300.0 0.9965262870301705
1305.0 0.9975410795831544
1310.0 0.997853323445611
1315.0 0.9985949026189453
1320.0 0.9992193903438584
1325.0 0.9992193903438584
1330.0 0.9996487256547363
1335.0 1.0
1340.0 0.9996487256547363
1345.0 0.9996487256547363
1350.0 0.9996487256547363
1355.0 0.9990632684126302
1360.0 0.9988681159985949
1365.0 0.9980875063424534
1370.0 0.9976581710315756
1375.0 0.9971507747550837
1380.0 0.9958627688224503
1385.0 0.9951211896491159
1390.0 0.9937160922680612
1395.0 0.9918035986105148
1400.0 0.9895788610905117
1405.0 0.9866515748799812
1410.0 0.9834901057726084
1415.0 0.9802896061824284
1420.0 0.9774794114203192
1425.0 0.9751766129347019
1430.0 0.9722883572069786
1435.0 0.9695171929276765
1440.0 0.9661215409234611
1445.0 0.9621404316771398
1450.0 0.9587447796729245
1455.0 0.9554271886343234
1460.0 0.9519144451816868
1465.0 0.9482065493150149
1470.0 0.9444596229655361
1475.0 0.9409468795128996
1480.0 0.936848678818157
1485.0 0.9331798134342921
1490.0 0.9290816127395495
1495.0 0.9253737168728776
1500.0 0.9211974552125209
1505.0 0.9168650716209359
1510.0 0.9131181452714571
1515.0 0.9090199445767144
1520.0 0.9049607743647788
1525.0 0.9010967565668787
1530.0 0.8966863120096796
1535.0 0.8927442332461653
1540.0 0.8887631239998438
1545.0 0.884508801373873
1550.0 0.8802544787479021
1555.0 0.8758050037078958
1560.0 0.8713555286678896
1565.0 0.866632840248234
1570.0 0.862339487139456
1575.0 0.8576558292026072
1580.0 0.8529721712657585
1585.0 0.8485226962257523
1590.0 0.8441512821513601
1595.0 0.8399750204910034
1600.0 0.8359939112446821
1605.0 0.8319347410327466
1610.0 0.8279926622692322
1615.0 0.8238554310916825
1620.0 0.8197962608797471
1625.0 0.8161273954958823
1630.0 0.8124585301120174
1635.0 0.8083212989344679
1640.0 0.804145037274111
1645.0 0.7998516841653331
1650.0 0.7954412396081338
1655.0 0.7912259474649702
1660.0 0.7864642285625073
1665.0 0.782053784005308
1670.0 0.7775652784824948
1675.0 0.7726474376488037
1680.0 0.7676905663323056
1685.0 0.763084969361071
1690.0 0.7580890675617656
1695.0 0.7530541352796534
1700.0 0.7484875687912259
1705.0 0.7439210023027985
1710.0 0.7393544358143711
1715.0 0.7346317473947153
1720.0 0.7302603333203231
1725.0 0.7254595839350533
1730.0 0.7206198040669763
1735.0 0.7158971156473206
1740.0 0.7110963662620506
1745.0 0.7059833730143241
1750.0 0.7011826236290543
1755.0 0.69564029507045
1760.0 0.6904102103743023
1765.0 0.6847117598844698
1770.0 0.6789742789118302
1775.0 0.6732367979391906
1780.0 0.6675383474493579
1785.0 0.6622692322704032
1790.0 0.6566488427461847
1795.0 0.6512236056360018
1800.0 0.6456422465945904
1805.0 0.6403341009328285
1810.0 0.6355723820303657
1815.0 0.6304593887826392
1820.0 0.626009913742633
1825.0 0.6215214082198197
1830.0 0.6170719331798135
1835.0 0.6127005191054213
1840.0 0.6083681355138363
1845.0 0.6040357519222513
1850.0 0.5997033683306662
1855.0 0.5953319542562742
1860.0 0.5910386011474962
1865.0 0.5870574919011748
1870.0 0.5827251083095898
1875.0 0.5787049685804613
1880.0 0.5744116154716834
1885.0 0.5700792318800983
1890.0 0.5654346044260568
1895.0 0.5610241598688576
1900.0 0.5566137153116584
1905.0 0.5520861793060381
1910.0 0.5478318566800671
1915.0 0.5432262597088325
1920.0 0.538620662737598
1925.0 0.5271066703095117
1930.0 0.2648218258459857
1935.0 0.007064517388080091
1940.0 0.0
1945.0 0.0
1950.0 0.0
1955.0 0.0
1960.0 0.0
1965.0 0.0
1970.0 0.0
1975.0 0.0
1980.0 0.0
1985.0 0.0
1990.0 0.0
1995.0 0.0
2000.0 0.0
2005.0 0.0
2009.9999999999998 0.0
2015.0000000000002 0.0
2020.0 0.0
2025.0 0.0
2029.9999999999998 0.0
2035.0000000000002 0.0
2040.0 0.0
2045.0 0.0
2050.0 0.0
2055.0 0.0
2060.0 0.0
2065.0 0.0
2070.0 0.0
2075.0 0.0
2080.0 0.0
2085.0 0.0
2090.0 0.0
2095.0 0.0
2100.0 0.0
2105.0 0.0
2110.0 0.0
2115.0 0.0
2120.0 0.0
2125.0 0.0
2130.0 0.0
2135.0 0.0
2140.0 0.0
2145.0 0.0
2150.0 0.0
2155.0 0.0
2160.0 0.0
2165.0 0.0
2170.0 0.0
2175.0 0.0
2180.0 0.0
2185.0 0.0
2190.0 0.0
2195.0 0.0
2200.0 0.0
2205.0 0.0
2210.0 0.0
2215.0 0.0
2220.0 0.0
2225.0 0.0
2230.0 0.0
2235.0 0.0
2240.0 0.0
2245.0 0.0
2250.0 0.0
2255.0 0.0
2260.0 0.0
2265.0 0.0
2270.0 0.0
2275.0 0.0
2280.0 0.0
2285.0 0.0
2290.0 0.0
2295.0 0.0
2300.0 0.0
2305.0 0.0
2310.0 0.0
2315.0 0.0
2320.0 0.0
2325.0 0.0
2330.0 0.0
2335.0 0.0
2340.0 0.0
2345.0 0.0
2350.0 0.0
2355.0 0.0
2360.0 0.0
2365.0 0.0
2370.0 0.0
2375.0 0.0
2380.0 0.0
2385.0 0.0
2390.0 0.0
2395.0 0.0
2400.0 0.0
2405.0 0.0
2410.0 0.0
2415.0 0.0
2420.0 0.0
2425.0 0.0
2430.0 0.0
2435.0 0.0
2440.0 0.0
2445.0 0.0
2450.0 0.0
2455.0 0.0
2460.0 0.0
2465.0 0.0
2470.0 0.0
2475.0 0.0
2480.0 0.0
2485.0 0.0
2490.0 0.0
2495.0 0.0
2500.0 0.0
2505.0 0.0
2510.0 0.0
2515.0 0.0
2520.0 0.0
2525.0 0.0
2530.0 0.0
2535.0 0.0
2540.0 0.0
2545.0 0.0
2550.0 0.0
2555.0 0.0
2560.0 0.0
2565.0 0.0
2570.0 0.0
2575.0 0.0
2580.0 0.0
2585.0 0.0
2590.0 0.0
2595.0 0.0
2600.0 0.0