# Source: https://roman.gsfc.nasa.gov/science/WFI_technical.html
# Wavelength(nm) Transmission(0-1)
400.0 0.0
405.0 0.0
410.0 0.0
415.0 0.0
420.0 0.0
425.0 0.0
430.0 0.0
435.0 0.0
440.0 0.0
445.0 0.0
450.0 0.0
455.0 0.0
460.0 0.0
465.0 0.0
470.0 0.0
475.0 0.0
480.0 0.0
485.0 0.0
490.0 0.0
495.0 0.0
500.0 0.0
505.0 0.0
510.0 0.0
515.0 0.0
520.0 0.0
525.0 0.0
530.0 0.0
535.0 0.0
540.0 0.0
545.0 0.0
550.0 0.0
555.0 0.0
560.0 0.0
565.0 0.0
570.0 0.0
575.0 0.0
580.0 0.0
585.0 0.0
590.0 0.0
595.0 0.0
600.0 0.0
605.0 0.0
610.0 0.0
615.0 0.0
620.0 0.0
625.0 0.0
630.0 0.0
635.0 0.0
640.0 0.0
645.0 0.0
650.0 0.0
655.0 0.0
660.0 0.0
665.0 0.0
670.0 0.0
675.0 0.0
680.0 0.0
685.0 0.0
690.0 0.0
695.0 0.0
700.0 0.0
705.0 0.0
710.0 0.0
715.0 0.0
720.0 0.0
725.0 0.0
730.0 0.0
735.0 0.0
740.0 0.00023991500154231074
745.0 0.0335538266442746
750.0 0.38526921890530214
755.0 0.7450389005038215
760.0 0.7890804400726599
765.0 0.800253624430202
770.0 0.8106042430681701
775.0 0.8189327209788533
780.0 0.8224628988586902
785.0 0.8241080302978374
790.0 0.8245535867292731
795.0 0.8249648695890599
800.0 0.825993076738527
805.0 0.8295918017616616
810.0 0.8338074510744764
815.0 0.8382972889604826
820.0 0.8427871268464887
825.0 0.8474483325907393
830.0 0.8502244918943004
835.0 0.8525208211947768
840.0 0.8552969804983377
845.0 0.8582445076601434
850.0 0.8623230626863626
855.0 0.8680124755800802
860.0 0.874010350618638
865.0 0.8809336120917161
870.0 0.8870000342735717
875.0 0.8936148336018096
880.0 0.9000582650718032
885.0 0.9063303286835521
890.0 0.912293930150461
895.0 0.9172635980395517
900.0 0.9215820680673132
905.0 0.9259005380950748
910.0 0.9296363574048052
915.0 0.932858073139802
920.0 0.9353257702985228
925.0 0.9364910717345856
930.0 0.9370394488809679
935.0 0.9373136374541591
940.0 0.9364225245912877
945.0 0.9354285910134694
950.0 0.934229016005758
955.0 0.9334407238578333
960.0 0.9330294409980465
965.0 0.9319326867052816
970.0 0.9313157624156013
975.0 0.9300819138362408
980.0 0.9293621688316139
985.0 0.9281625938239024
990.0 0.9268259245295953
995.0 0.9261061795249683
1000.0 0.9249408780889057
1004.9999999999999 0.9243925009425231
1010.0 0.9239126709394386
1014.9999999999999 0.923432840936354
1020.0 0.9229872845049183
1025.0 0.9226102752167803
1030.0 0.9222675395002914
1035.0 0.9214792473523666
1040.0 0.9213078794941221
1045.0 0.9211365116358776
1050.0 0.9210679644925797
1055.0 0.9211022380642286
1060.0 0.9212050587791755
1065.0 0.9213764266374199
1070.0 0.9216163416389622
1075.0 0.9218905302121534
1080.0 0.9221647187853446
1085.0 0.9229872845049183
1090.0 0.9232271995064607
1095.0 0.9234671145080029
1100.0 0.9241525859409809
1105.0 0.9237070295095452
1110.0 0.9237070295095452
1115.0 0.924118312369332
1120.0 0.9245295952291188
1125.0 0.924461048085821
1130.0 0.9249408780889057
1135.0 0.9251465195187991
1140.0 0.9254207080919903
1145.0 0.925523528806937
1150.0 0.9261404530966172
1155.0 0.9264489152414573
1160.0 0.9267916509579464
1165.0 0.9276484902491688
1170.0 0.9280940466806046
1175.0 0.9290537066867739
1180.0 0.930047640264592
1185.0 0.9305274702676766
1190.0 0.9316242245604415
1195.0 0.9327209788532064
1200.0 0.9332350824279398
1205.0 0.93385200671762
1210.0 0.9350515817253316
1215.0 0.936285430304692
1220.0 0.9369366281660211
1225.0 0.9379991088871372
1230.0 0.9391301367515509
1235.0 0.9398841553278268
1240.0 0.9405696267608047
1245.0 0.9413921924803784
1250.0 0.941495013195325
1255.0 0.941872022483463
1260.0 0.9419405696267608
1265.0 0.9417349281968674
1270.0 0.9414607396236763
1275.0 0.9413579189087294
1280.0 0.9412208246221339
1285.0 0.9405696267608047
1290.0 0.9405696267608047
1295.0 0.9403639853309114
1300.0 0.9402611646159645
1305.0 0.9406724474757515
1310.0 0.9406381739041025
1315.0 0.9411865510504851
1320.0 0.9418034753401652
1325.0 0.9420091167700586
1330.0 0.9428316824896323
1335.0 0.9436885217808548
1340.0 0.9440655310689928
1345.0 0.9449566439318641
1350.0 0.9459848510813312
1355.0 0.9466360489426603
1360.0 0.947801350378723
1365.0 0.9485553689549988
1370.0 0.9498234911060082
1375.0 0.9511258868286665
1380.0 0.9518113582616444
1385.0 0.9531823011276005
1390.0 0.954039140418823
1395.0 0.9545189704219077
1400.0 0.9548617061383967
1405.0 0.9546217911368543
1410.0 0.9542790554203654
1415.0 0.9540048668471742
1420.0 0.9542105082770675
1425.0 0.9550330739966413
1430.0 0.9553758097131303
1435.0 0.9559584604311616
1440.0 0.9559927340028104
1445.0 0.9555471775713746
1450.0 0.955787092572917
1455.0 0.9561983754327038
1460.0 0.956506837577544
1465.0 0.9566782054357885
1470.0 0.956883846865682
1475.0 0.9574322240120643
1480.0 0.9574322240120643
1485.0 0.9579806011584467
1490.0 0.9580834218733933
1495.0 0.9587346197347225
1500.0 0.9589059875929671
1505.0 0.9590430818795627
1510.0 0.9597971004558384
1515.0 0.9602769304589232
1520.0 0.9608253076053055
1525.0 0.9616821468965281
1530.0 0.9619563354697194
1535.0 0.9628131747609419
1540.0 0.9636700140521645
1545.0 0.9643212119134935
1550.0 0.9649724097748227
1555.0 0.9654522397779073
1560.0 0.9659663433526408
1565.0 0.9662748054974809
1570.0 0.9670288240737567
1575.0 0.9674058333618947
1580.0 0.9677828426500326
1585.0 0.9685025876546596
1590.0 0.9693251533742331
1595.0 0.970421907666998
1600.0 0.9717243033896562
1605.0 0.9730266991123145
1610.0 0.9744661891215683
1615.0 0.9757343112725778
1620.0 0.9770709805668849
1625.0 0.9789560270075744
1630.0 0.9808410734482641
1635.0 0.9822120163142202
1640.0 0.9834801384652294
1645.0 0.9847139870445899
1650.0 0.9857764677657058
1655.0 0.9871474106316619
1660.0 0.9877986084929911
1665.0 0.988895362785756
1670.0 0.989923569935223
1675.0 0.9904033999383076
1680.0 0.9908146827980944
1685.0 0.9917057956609658
1690.0 0.9920828049491038
1695.0 0.9924255406655927
1700.0 0.9933509271001131
1705.0 0.9942763135346334
1710.0 0.9952016999691539
1715.0 0.9959214449737808
1720.0 0.9970524728381945
1725.0 0.9976693971278746
1730.0 0.9981835007026082
1735.0 0.9988689721355863
1740.0 0.9994173492819687
1745.0 0.9994858964252664
1750.0 1.0
1755.0 0.9994516228536177
1760.0 0.9992802549953731
1765.0 0.9984234157041505
1770.0 0.9974294821263324
1775.0 0.9962299071186208
1780.0 0.9931795592418686
1785.0 0.9786818384343833
1790.0 0.9171950508962539
1795.0 0.7565890941495014
1800.0 0.4961099496178497
1805.0 0.23628200294752716
1810.0 0.07663570620694382
1815.0 0.016211399389930426
1820.0 0.0021935085855296983
1825.0 0.00017136785824450768
1830.0 0.0
1835.0 0.0
1840.0 0.0
1845.0 0.0
1850.0 0.0
1855.0 0.0
1860.0 0.0
1865.0 0.0
1870.0 0.0
1875.0 0.0
1880.0 0.0
1885.0 0.0
1890.0 0.0
1895.0 0.0
1900.0 0.0
1905.0 0.0
1910.0 0.0
1915.0 0.0
1920.0 0.0
1925.0 0.0
1930.0 0.0
1935.0 0.0
1940.0 0.0
1945.0 0.0
1950.0 0.0
1955.0 0.0
1960.0 0.0
1965.0 0.0
1970.0 0.0
1975.0 0.0
1980.0 0.0
1985.0 0.0
1990.0 0.0
1995.0 0.0
2000.0 0.0
2005.0 0.0
2009.9999999999998 0.0
2015.0000000000002 0.0
2020.0 0.0
2025.0 0.0
2029.9999999999998 0.0
2035.0000000000002 0.0
2040.0 0.0
2045.0 0.0
2050.0 0.0
2055.0 0.0
2060.0 0.0
2065.0 0.0
2070.0 0.0
2075.0 0.0
2080.0 0.0
2085.0 0.0
2090.0 0.0
2095.0 0.0
2100.0 0.0
2105.0 0.0
2110.0 0.0
2115.0 0.0
2120.0 0.0
2125.0 0.0
2130.0 0.0
2135.0 0.0
2140.0 0.0
2145.0 0.0
2150.0 0.0
2155.0 0.0
2160.0 0.0
2165.0 0.0
2170.0 0.0
2175.0 0.0
2180.0 0.0
2185.0 0.0
2190.0 0.0
2195.0 0.0
2200.0 0.0
2205.0 0.0
2210.0 0.0
2215.0 0.0
2220.0 0.0
2225.0 0.0
2230.0 0.0
2235.0 0.0
2240.0 0.0
2245.0 0.0
2250.0 0.0
2255.0 0.0
2260.0 0.0
2265.0 0.0
2270.0 0.0
2275.0 0.0
2280.0 0.0
2285.0 0.0
2290.0 0.0
2295.0 0.0
2300.0 0.0
2305.0 0.0
2310.0 0.0
2315.0 0.0
2320.0 0.0
2325.0 0.0
2330.0 0.0
2335.0 0.0
2340.0 0.0
2345.0 0.0
2350.0 0.0
2355.0 0.0
2360.0 0.0
2365.0 0.0
2370.0 0.0
2375.0 0.0
2380.0 0.0
2385.0 0.0
2390.0 0.0
2395.0 0.0
2400.0 0.0
2405.0 0.0
2410.0 0.0
2415.0 0.0
2420.0 0.0
2425.0 0.0
2430.0 0.0
2435.0 0.0
2440.0 0.0
2445.0 0.0
2450.0 0.0
2455.0 0.0
2460.0 0.0
2465.0 0.0
2470.0 0.0
2475.0 0.0
2480.0 0.0
2485.0 0.0
2490.0 0.0
2495.0 0.0
2500.0 0.0
2505.0 0.0
2510.0 0.0
2515.0 0.0
2520.0 0.0
2525.0 0.0
2530.0 0.0
2535.0 0.0
2540.0 0.0
2545.0 0.0
2550.0 0.0
2555.0 0.0
2560.0 0.0
2565.0 0.0
2570.0 0.0
2575.0 0.0
2580.0 0.0
2585.0 0.0
2590.0 0.0
2595.0 0.0
2600.0 0.0