# Source: https://roman.gsfc.nasa.gov/science/WFI_technical.html
# Wavelength(nm) Transmission(0-1)
400.0 0.0
405.0 0.0
410.0 0.0
415.0 0.0
420.0 0.0
425.0 0.0
430.0 0.0
435.0 0.0
440.0 0.0
445.0 0.0
450.0 0.0
455.0 0.0
460.0 0.00012875536480686693
465.0 0.0022317596566523604
470.0 0.022317596566523604
475.0 0.11085836909871243
480.0 0.295793991416309
485.0 0.4755364806866953
490.0 0.5560515021459228
495.0 0.5698283261802576
500.0 0.5683690987124463
505.0 0.569656652360515
510.0 0.5745064377682403
515.0 0.5824892703862661
520.0 0.5934334763948498
525.0 0.6070386266094421
530.0 0.6225751072961373
535.0 0.6402575107296137
540.0 0.6594849785407725
545.0 0.6794420600858369
550.0 0.70068669527897
555.0 0.7227467811158798
560.0 0.7466094420600858
565.0 0.7715021459227468
570.0 0.797038626609442
575.0 0.8226609442060085
580.0 0.8476824034334765
585.0 0.8715879828326181
590.0 0.8938197424892703
595.0 0.9136909871244634
600.0 0.9306866952789699
605.0 0.9433905579399142
610.0 0.9543776824034335
615.0 0.9630472103004292
620.0 0.9702575107296136
625.0 0.9766523605150214
630.0 0.983862660944206
635.0 0.9897854077253219
640.0 0.9943776824034334
645.0 0.997725321888412
650.0 0.9996137339055794
655.0 1.0
660.0 0.9984120171673818
665.0 0.996824034334764
670.0 0.9944206008583691
675.0 0.9924463519313304
680.0 0.9929613733905579
685.0 0.9935622317596566
690.0 0.9942918454935622
695.0 0.9946351931330472
700.0 0.9943776824034334
705.0 0.9923175965665236
710.0 0.9896995708154507
715.0 0.9870815450643777
720.0 0.9849785407725321
725.0 0.9839914163090129
730.0 0.9833476394849785
735.0 0.9811587982832617
740.0 0.9727896995708154
745.0 0.9433047210300429
750.0 0.8646781115879828
755.0 0.7169527896995709
760.0 0.5093562231759656
765.0 0.2965236051502146
770.0 0.1365665236051502
775.0 0.048540772532188844
780.0 0.013047210300429183
785.0 0.0026180257510729616
790.0 0.00038626609442060086
795.0 4.291845493562232e-05
800.0 0.0
805.0 0.0
810.0 0.0
815.0 0.0
820.0 0.0
825.0 0.0
830.0 0.0
835.0 0.0
840.0 0.0
845.0 0.0
850.0 0.0
855.0 0.0
860.0 0.0
865.0 0.0
870.0 0.0
875.0 0.0
880.0 0.0
885.0 0.0
890.0 0.0
895.0 0.0
900.0 0.0
905.0 0.0
910.0 0.0
915.0 0.0
920.0 0.0
925.0 0.0
930.0 0.0
935.0 0.0
940.0 0.0
945.0 0.0
950.0 0.0
955.0 0.0
960.0 0.0
965.0 0.0
970.0 0.0
975.0 0.0
980.0 0.0
985.0 0.0
990.0 0.0
995.0 0.0
1000.0 0.0
1004.9999999999999 0.0
1010.0 0.0
1014.9999999999999 0.0
1020.0 0.0
1025.0 0.0
1030.0 0.0
1035.0 0.0
1040.0 0.0
1045.0 0.0
1050.0 0.0
1055.0 0.0
1060.0 0.0
1065.0 0.0
1070.0 0.0
1075.0 0.0
1080.0 0.0
1085.0 0.0
1090.0 0.0
1095.0 0.0
1100.0 0.0
1105.0 0.0
1110.0 0.0
1115.0 0.0
1120.0 0.0
1125.0 0.0
1130.0 0.0
1135.0 0.0
1140.0 0.0
1145.0 0.0
1150.0 0.0
1155.0 0.0
1160.0 0.0
1165.0 0.0
1170.0 0.0
1175.0 0.0
1180.0 0.0
1185.0 0.0
1190.0 0.0
1195.0 0.0
1200.0 0.0
1205.0 0.0
1210.0 0.0
1215.0 0.0
1220.0 0.0
1225.0 0.0
1230.0 0.0
1235.0 0.0
1240.0 0.0
1245.0 0.0
1250.0 0.0
1255.0 0.0
1260.0 0.0
1265.0 0.0
1270.0 0.0
1275.0 0.0
1280.0 0.0
1285.0 0.0
1290.0 0.0
1295.0 0.0
1300.0 0.0
1305.0 0.0
1310.0 0.0
1315.0 0.0
1320.0 0.0
1325.0 0.0
1330.0 0.0
1335.0 0.0
1340.0 0.0
1345.0 0.0
1350.0 0.0
1355.0 0.0
1360.0 0.0
1365.0 0.0
1370.0 0.0
1375.0 0.0
1380.0 0.0
1385.0 0.0
1390.0 0.0
1395.0 0.0
1400.0 0.0
1405.0 0.0
1410.0 0.0
1415.0 0.0
1420.0 0.0
1425.0 0.0
1430.0 0.0
1435.0 0.0
1440.0 0.0
1445.0 0.0
1450.0 0.0
1455.0 0.0
1460.0 0.0
1465.0 0.0
1470.0 0.0
1475.0 0.0
1480.0 0.0
1485.0 0.0
1490.0 0.0
1495.0 0.0
1500.0 0.0
1505.0 0.0
1510.0 0.0
1515.0 0.0
1520.0 0.0
1525.0 0.0
1530.0 0.0
1535.0 0.0
1540.0 0.0
1545.0 0.0
1550.0 0.0
1555.0 0.0
1560.0 0.0
1565.0 0.0
1570.0 0.0
1575.0 0.0
1580.0 0.0
1585.0 0.0
1590.0 0.0
1595.0 0.0
1600.0 0.0
1605.0 0.0
1610.0 0.0
1615.0 0.0
1620.0 0.0
1625.0 0.0
1630.0 0.0
1635.0 0.0
1640.0 0.0
1645.0 0.0
1650.0 0.0
1655.0 0.0
1660.0 0.0
1665.0 0.0
1670.0 0.0
1675.0 0.0
1680.0 0.0
1685.0 0.0
1690.0 0.0
1695.0 0.0
1700.0 0.0
1705.0 0.0
1710.0 0.0
1715.0 0.0
1720.0 0.0
1725.0 0.0
1730.0 0.0
1735.0 0.0
1740.0 0.0
1745.0 0.0
1750.0 0.0
1755.0 0.0
1760.0 0.0
1765.0 0.0
1770.0 0.0
1775.0 0.0
1780.0 0.0
1785.0 0.0
1790.0 0.0
1795.0 0.0
1800.0 0.0
1805.0 0.0
1810.0 0.0
1815.0 0.0
1820.0 0.0
1825.0 0.0
1830.0 0.0
1835.0 0.0
1840.0 0.0
1845.0 0.0
1850.0 0.0
1855.0 0.0
1860.0 0.0
1865.0 0.0
1870.0 0.0
1875.0 0.0
1880.0 0.0
1885.0 0.0
1890.0 0.0
1895.0 0.0
1900.0 0.0
1905.0 0.0
1910.0 0.0
1915.0 0.0
1920.0 0.0
1925.0 0.0
1930.0 0.0
1935.0 0.0
1940.0 0.0
1945.0 0.0
1950.0 0.0
1955.0 0.0
1960.0 0.0
1965.0 0.0
1970.0 0.0
1975.0 0.0
1980.0 0.0
1985.0 0.0
1990.0 0.0
1995.0 0.0
2000.0 0.0
2005.0 0.0
2009.9999999999998 0.0
2015.0000000000002 0.0
2020.0 0.0
2025.0 0.0
2029.9999999999998 0.0
2035.0000000000002 0.0
2040.0 0.0
2045.0 0.0
2050.0 0.0
2055.0 0.0
2060.0 0.0
2065.0 0.0
2070.0 0.0
2075.0 0.0
2080.0 0.0
2085.0 0.0
2090.0 0.0
2095.0 0.0
2100.0 0.0
2105.0 0.0
2110.0 0.0
2115.0 0.0
2120.0 0.0
2125.0 0.0
2130.0 0.0
2135.0 0.0
2140.0 0.0
2145.0 0.0
2150.0 0.0
2155.0 0.0
2160.0 0.0
2165.0 0.0
2170.0 0.0
2175.0 0.0
2180.0 0.0
2185.0 0.0
2190.0 0.0
2195.0 0.0
2200.0 0.0
2205.0 0.0
2210.0 0.0
2215.0 0.0
2220.0 0.0
2225.0 0.0
2230.0 0.0
2235.0 0.0
2240.0 0.0
2245.0 0.0
2250.0 0.0
2255.0 0.0
2260.0 0.0
2265.0 0.0
2270.0 0.0
2275.0 0.0
2280.0 0.0
2285.0 0.0
2290.0 0.0
2295.0 0.0
2300.0 0.0
2305.0 0.0
2310.0 0.0
2315.0 0.0
2320.0 0.0
2325.0 0.0
2330.0 0.0
2335.0 0.0
2340.0 0.0
2345.0 0.0
2350.0 0.0
2355.0 0.0
2360.0 0.0
2365.0 0.0
2370.0 0.0
2375.0 0.0
2380.0 0.0
2385.0 0.0
2390.0 0.0
2395.0 0.0
2400.0 0.0
2405.0 0.0
2410.0 0.0
2415.0 0.0
2420.0 0.0
2425.0 0.0
2430.0 0.0
2435.0 0.0
2440.0 0.0
2445.0 0.0
2450.0 0.0
2455.0 0.0
2460.0 0.0
2465.0 0.0
2470.0 0.0
2475.0 0.0
2480.0 0.0
2485.0 0.0
2490.0 0.0
2495.0 0.0
2500.0 0.0
2505.0 0.0
2510.0 0.0
2515.0 0.0
2520.0 0.0
2525.0 0.0
2530.0 0.0
2535.0 0.0
2540.0 0.0
2545.0 0.0
2550.0 0.0
2555.0 0.0
2560.0 0.0
2565.0 0.0
2570.0 0.0
2575.0 0.0
2580.0 0.0
2585.0 0.0
2590.0 0.0
2595.0 0.0
2600.0 0.0
