# Source: https://roman.gsfc.nasa.gov/science/WFI_technical.html
# Wavelength(nm) Transmission(0-1)
400.0 0.0
405.0 0.0
410.0 0.0
415.0 0.0
420.0 0.0
425.0 0.0
430.0 0.0
435.0 0.0
440.0 0.0
445.0 0.0
450.0 0.0
455.0 0.0
460.0 0.0
465.0 0.0
470.0 0.0
475.0 0.0
480.0 0.0
485.0 0.0
490.0 0.0
495.0 0.0
500.0 0.0
505.0 0.0
510.0 0.0
515.0 0.0
520.0 0.0
525.0 0.0
530.0 0.0
535.0 0.0
540.0 0.0
545.0 0.0
550.0 0.0
555.0 0.0
560.0 0.0
565.0 0.0
570.0 0.0
575.0 0.0
580.0 0.0
585.0 0.0
590.0 0.0
595.0 0.0
600.0 0.0
605.0 0.0
610.0 0.0
615.0 0.0
620.0 0.0
625.0 0.0
630.0 0.0
635.0 0.0
640.0 0.0
645.0 0.0
650.0 0.0
655.0 0.0
660.0 0.0
665.0 0.0
670.0 0.0
675.0 0.0
680.0 0.0
685.0 0.0
690.0 0.0
695.0 0.0
700.0 0.0
705.0 0.0
710.0 0.0
715.0 0.0
720.0 0.0
725.0 0.0
730.0 0.0
735.0 0.0
740.0 0.0
745.0 0.0
750.0 0.0
755.0 0.0
760.0 0.0
765.0 0.0
770.0 0.0
775.0 0.0
780.0 0.0
785.0 0.0
790.0 0.0
795.0 0.0
800.0 0.0
805.0 0.0
810.0 0.0
815.0 0.0
820.0 0.0
825.0 0.0
830.0 0.0
835.0 0.0
840.0 0.0
845.0 0.0
850.0 0.0
855.0 0.0
860.0 0.0
865.0 0.0
870.0 0.0
875.0 0.0
880.0 0.0
885.0 3.5682426404995536e-05
890.0 0.00032114183764495984
895.0 0.0015700267618198038
900.0 0.0063514719000892055
905.0 0.021195361284567348
910.0 0.05848349687778768
915.0 0.13455842997323816
920.0 0.2604103479036574
925.0 0.42897413024085634
930.0 0.6122390722569134
935.0 0.7739518287243532
940.0 0.8887778768956289
945.0 0.9549687778768955
950.0 0.9854415700267617
955.0 0.9966815343443354
960.0 1.0
965.0 0.9997859054415699
970.0 0.9993220338983051
975.0 0.9980374665477252
980.0 0.9972524531668152
985.0 0.9959678858162354
990.0 0.9945405887600356
995.0 0.9937555753791257
1000.0 0.9925423728813558
1004.9999999999999 0.9919357716324709
1010.0 0.991400535236396
1014.9999999999999 0.9909009812667261
1020.0 0.9904371097234611
1025.0 0.9900089206066013
1030.0 0.9896520963425511
1035.0 0.9887957181088314
1040.0 0.9886173059768063
1045.0 0.9884388938447813
1050.0 0.9883675289919713
1055.0 0.9884032114183764
1060.0 0.9885102586975915
1065.0 0.9886886708296163
1070.0 0.9889384478144513
1075.0 0.9892239072256913
1080.0 0.9895450490633363
1085.0 0.990401427297056
1090.0 0.9906512042818911
1095.0 0.990936663693131
1100.0 0.991685994647636
1105.0 0.991186440677966
1110.0 0.991186440677966
1115.0 0.991650312221231
1120.0 0.992078501338091
1125.0 0.9919714540588759
1130.0 0.9925066904549508
1135.0 0.9927207850133808
1140.0 0.9929348795718109
1145.0 0.9927921498661909
1150.0 0.9925066904549508
1155.0 0.9901159678858161
1160.0 0.983621766280107
1165.0 0.9690276538804637
1170.0 0.9386619090098125
1175.0 0.8857091882247993
1180.0 0.8034611953612845
1185.0 0.6910258697591436
1190.0 0.5567885816235504
1195.0 0.41523639607493307
1200.0 0.2836396074933095
1205.0 0.17612845673505798
1210.0 0.09887600356824264
1215.0 0.04988403211418376
1220.0 0.022515611061552185
1225.0 0.009063336306868865
1230.0 0.003247100802854594
1235.0 0.0010347903657448704
1240.0 0.0002854594112399643
1245.0 7.136485280999107e-05
1250.0 0.0
1255.0 0.0
1260.0 0.0
1265.0 0.0
1270.0 0.0
1275.0 0.0
1280.0 0.0
1285.0 0.0
1290.0 0.0
1295.0 0.0
1300.0 0.0
1305.0 0.0
1310.0 0.0
1315.0 0.0
1320.0 0.0
1325.0 0.0
1330.0 0.0
1335.0 0.0
1340.0 0.0
1345.0 0.0
1350.0 0.0
1355.0 0.0
1360.0 0.0
1365.0 0.0
1370.0 0.0
1375.0 0.0
1380.0 0.0
1385.0 0.0
1390.0 0.0
1395.0 0.0
1400.0 0.0
1405.0 0.0
1410.0 0.0
1415.0 0.0
1420.0 0.0
1425.0 0.0
1430.0 0.0
1435.0 0.0
1440.0 0.0
1445.0 0.0
1450.0 0.0
1455.0 0.0
1460.0 0.0
1465.0 0.0
1470.0 0.0
1475.0 0.0
1480.0 0.0
1485.0 0.0
1490.0 0.0
1495.0 0.0
1500.0 0.0
1505.0 0.0
1510.0 0.0
1515.0 0.0
1520.0 0.0
1525.0 0.0
1530.0 0.0
1535.0 0.0
1540.0 0.0
1545.0 0.0
1550.0 0.0
1555.0 0.0
1560.0 0.0
1565.0 0.0
1570.0 0.0
1575.0 0.0
1580.0 0.0
1585.0 0.0
1590.0 0.0
1595.0 0.0
1600.0 0.0
1605.0 0.0
1610.0 0.0
1615.0 0.0
1620.0 0.0
1625.0 0.0
1630.0 0.0
1635.0 0.0
1640.0 0.0
1645.0 0.0
1650.0 0.0
1655.0 0.0
1660.0 0.0
1665.0 0.0
1670.0 0.0
1675.0 0.0
1680.0 0.0
1685.0 0.0
1690.0 0.0
1695.0 0.0
1700.0 0.0
1705.0 0.0
1710.0 0.0
1715.0 0.0
1720.0 0.0
1725.0 0.0
1730.0 0.0
1735.0 0.0
1740.0 0.0
1745.0 0.0
1750.0 0.0
1755.0 0.0
1760.0 0.0
1765.0 0.0
1770.0 0.0
1775.0 0.0
1780.0 0.0
1785.0 0.0
1790.0 0.0
1795.0 0.0
1800.0 0.0
1805.0 0.0
1810.0 0.0
1815.0 0.0
1820.0 0.0
1825.0 0.0
1830.0 0.0
1835.0 0.0
1840.0 0.0
1845.0 0.0
1850.0 0.0
1855.0 0.0
1860.0 0.0
1865.0 0.0
1870.0 0.0
1875.0 0.0
1880.0 0.0
1885.0 0.0
1890.0 0.0
1895.0 0.0
1900.0 0.0
1905.0 0.0
1910.0 0.0
1915.0 0.0
1920.0 0.0
1925.0 0.0
1930.0 0.0
1935.0 0.0
1940.0 0.0
1945.0 0.0
1950.0 0.0
1955.0 0.0
1960.0 0.0
1965.0 0.0
1970.0 0.0
1975.0 0.0
1980.0 0.0
1985.0 0.0
1990.0 0.0
1995.0 0.0
2000.0 0.0
2005.0 0.0
2009.9999999999998 0.0
2015.0000000000002 0.0
2020.0 0.0
2025.0 0.0
2029.9999999999998 0.0
2035.0000000000002 0.0
2040.0 0.0
2045.0 0.0
2050.0 0.0
2055.0 0.0
2060.0 0.0
2065.0 0.0
2070.0 0.0
2075.0 0.0
2080.0 0.0
2085.0 0.0
2090.0 0.0
2095.0 0.0
2100.0 0.0
2105.0 0.0
2110.0 0.0
2115.0 0.0
2120.0 0.0
2125.0 0.0
2130.0 0.0
2135.0 0.0
2140.0 0.0
2145.0 0.0
2150.0 0.0
2155.0 0.0
2160.0 0.0
2165.0 0.0
2170.0 0.0
2175.0 0.0
2180.0 0.0
2185.0 0.0
2190.0 0.0
2195.0 0.0
2200.0 0.0
2205.0 0.0
2210.0 0.0
2215.0 0.0
2220.0 0.0
2225.0 0.0
2230.0 0.0
2235.0 0.0
2240.0 0.0
2245.0 0.0
2250.0 0.0
2255.0 0.0
2260.0 0.0
2265.0 0.0
2270.0 0.0
2275.0 0.0
2280.0 0.0
2285.0 0.0
2290.0 0.0
2295.0 0.0
2300.0 0.0
2305.0 0.0
2310.0 0.0
2315.0 0.0
2320.0 0.0
2325.0 0.0
2330.0 0.0
2335.0 0.0
2340.0 0.0
2345.0 0.0
2350.0 0.0
2355.0 0.0
2360.0 0.0
2365.0 0.0
2370.0 0.0
2375.0 0.0
2380.0 0.0
2385.0 0.0
2390.0 0.0
2395.0 0.0
2400.0 0.0
2405.0 0.0
2410.0 0.0
2415.0 0.0
2420.0 0.0
2425.0 0.0
2430.0 0.0
2435.0 0.0
2440.0 0.0
2445.0 0.0
2450.0 0.0
2455.0 0.0
2460.0 0.0
2465.0 0.0
2470.0 0.0
2475.0 0.0
2480.0 0.0
2485.0 0.0
2490.0 0.0
2495.0 0.0
2500.0 0.0
2505.0 0.0
2510.0 0.0
2515.0 0.0
2520.0 0.0
2525.0 0.0
2530.0 0.0
2535.0 0.0
2540.0 0.0
2545.0 0.0
2550.0 0.0
2555.0 0.0
2560.0 0.0
2565.0 0.0
2570.0 0.0
2575.0 0.0
2580.0 0.0
2585.0 0.0
2590.0 0.0
2595.0 0.0
2600.0 0.0