# source: https://jwst-docs.stsci.edu/jwst-near-infrared-camera/nircam-instrumentation/nircam-filters 
# Wavelength(nm) Transmission(0-1)
3998.2938279999994 0.0
3999.6450589999995 0.0
4000.9962899999996 1.858056454668727e-05
4002.3475209999997 1.9289689908834354e-05
4003.698753 1.8789684393324374e-05
4005.049984 1.8549441487757053e-05
4006.401216 1.8499662661628688e-05
4007.752447 1.9150468356687287e-05
4009.103679 1.9871591649493856e-05
4010.45491 2.052600926665408e-05
4011.806141 2.10440763877673e-05
4013.1573730000005 2.149781697179062e-05
4014.5086040000006 2.0708033438439245e-05
4015.8598359999996 1.9348699012605064e-05
4017.2110669999997 1.8636173988318628e-05
4018.562299 1.8244511126380244e-05
4019.9135300000003 1.8575884826854653e-05
4021.2647610000004 1.953397662570521e-05
4022.6159929999994 2.065139349126394e-05
4023.9672239999995 2.1947454981749774e-05
4025.318456 2.3818135711787973e-05
4026.669687 2.458261609257724e-05
4028.020919 2.3073878680433194e-05
4029.37215 2.123958452957379e-05
4030.7233819999997 2.1356422872434603e-05
4032.0746129999998 2.339166388683586e-05
4033.425844 2.6811953483240297e-05
4034.7770760000003 2.9112793819643985e-05
4036.1283070000004 2.81639062484236e-05
4037.4795389999995 2.6696874803120348e-05
4038.8307699999996 2.7825276453486705e-05
4040.182002 3.0735592078206934e-05
4041.533233 3.391258069972211e-05
4042.884465 3.617399276411694e-05
4044.235696 3.889620106890051e-05
4045.5869269999994 4.048584746817782e-05
4046.938159 4.199115037758144e-05
4048.28939 4.487304283607024e-05
4049.640622 4.747741287124107e-05
4050.991853 5.045607426137528e-05
4052.3430850000004 5.528074358915321e-05
4053.6943159999996 6.399388431992453e-05
4055.0455469999997 7.299659346529853e-05
4056.396779 7.959686443252491e-05
4057.7480100000002 8.552936580073797e-05
4059.0992419999993 9.075622440848677e-05
4060.4504729999994 9.548544776290555e-05
4061.801705 0.00010069410023753498
4063.152936 0.00010840699620680377
4064.504168 0.00011639452152852642
4065.855399 0.00012247932790637202
4067.20663 0.00012906310867302865
4068.5578620000006 0.00013782024757575095
4069.9090930000007 0.0001492692610779985
4071.2603249999997 0.0001621868567894357
4072.611556 0.00017484417188824881
4073.9627880000003 0.00018823816478859664
4075.3140190000004 0.00020437147585709539
4076.6652499999996 0.00022292693143983956
4078.016482 0.00024300814228772274
4079.367713 0.00026374508277101423
4080.718945 0.00028601113861756206
4082.070176 0.0003117673865253607
4083.4214080000006 0.00034084332265588163
4084.772639 0.0003729350882603835
4086.123871 0.00040763109838264674
4087.475102 0.0004448537298032269
4088.826333 0.00048580801761803996
4090.1775650000004 0.0005327743717470811
4091.5287960000005 0.0005844020366783839
4092.8800279999996 0.0006403812828264408
4094.2312589999997 0.0007015696540368499
4095.582491 0.0007685977091878385
4096.933722 0.0008419902174898609
4098.284953 0.00092305872185318
4099.636185 0.00101352586421307
4100.987416 0.0011129740041198077
4102.338648 0.001222028445952566
4103.689879 0.001342162985117096
4105.041111 0.0014773300646420268
4106.392342 0.0016302856242340798
4107.743574 0.0018008602704093681
4109.094805 0.0019901489988378433
4110.446036 0.0021994088050646325
4111.797268 0.0024317646745703934
4113.148499 0.002691679387603451
4114.499731 0.002984330645511129
4115.850962 0.0033133666807040143
4117.202194 0.0036826983694170593
4118.553425 0.004096262263970942
4119.904657 0.004561125569039716
4121.255888 0.005086232286678358
4122.607119 0.005679263659602953
4123.958351 0.006347966143850716
4125.309582 0.0071047141594428685
4126.660814 0.007959114594467163
4128.012045 0.008926318949955733
4129.363277 0.010018747040952906
4130.714508 0.011261015351544116
4132.065739 0.012674823115262966
4133.416971 0.014279745876888548
4134.768202 0.016105714284047674
4136.119434 0.018190076965792203
4137.470665 0.020568428111944835
4138.821897 0.023279633963595843
4140.173128 0.026378600846427736
4141.52436 0.029914978183809723
4142.875591 0.03395515874552138
4144.226822 0.03857402720559306
4145.578054 0.04384563555511139
4146.929285 0.049854662131727914
4148.280517 0.056701572941545236
4149.631748 0.06447445670224988
4150.98298 0.07329432412000109
4152.334211 0.08324517387394244
4153.685442 0.09440602552229486
4155.036674 0.10690653187132096
4156.387905 0.12080817846600489
4157.739137 0.13618714953651126
4159.090368 0.15300699204698578
4160.4416 0.17121430562826473
4161.792831 0.19081163753216396
4163.144063 0.21172556906634507
4164.495294 0.23377343377652673
4165.846525 0.2566378764867217
4167.197757 0.2798511684501227
4168.548988 0.30334260107082983
4169.90022 0.32686147208023886
4171.251451 0.3501370764030078
4172.602683 0.37264587202258553
4173.953914 0.3937366693279121
4175.305146 0.4137922872342964
4176.656377 0.4325687561795704
4178.007608 0.4499953718550046
4179.35884 0.4658845588856231
4180.710071 0.47976100111403197
4182.061303 0.49223227739036246
4183.412534 0.5032913831103918
4184.763766 0.5130251305685318
4186.114997 0.5214705198772975
4187.466228 0.528318149231101
4188.81746 0.5341891480191784
4190.168691 0.5391716288634525
4191.519923 0.5432902526482937
4192.871154 0.5466172750667271
4194.222386 0.5492201155815564
4195.573617 0.5513040646196494
4196.924849 0.5529501535691663
4198.27608 0.5542475251177044
4199.627311 0.5552502055093939
4200.978543 0.555948229082661
4202.329774 0.5564794745138766
4203.681006 0.5568784557034685
4205.032237 0.557199541774321
4206.383469 0.5573913885071435
4207.7347 0.5575163952838913
4209.085931 0.5576367546939287
4210.437163 0.5577277525369762
4211.788394 0.5577811108748445
4213.139626 0.5578432280291179
4214.490857 0.5579382148935688
4215.842089 0.558026863367759
4217.19332 0.5581181975994802
4218.544552 0.5582434593719572
4219.895783 0.5584104637047238
4221.247014 0.5585503790344306
4222.598246 0.5587058323940378
4223.949477 0.5588860050644024
4225.300709 0.5590742778342359
4226.65194 0.5592236089761151
4228.003172 0.5593829692060271
4229.354403 0.5595491851835708
4230.705634 0.5596982048464585
4232.056866 0.5597922415997401
4233.408097 0.559906559508699
4234.759329 0.5599995810732858
4236.11056 0.560051796139718
4237.461792 0.5600727273591708
4238.813023 0.5601204913298785
4240.164255 0.560130742281965
4241.515486 0.5601165235278638
4242.866717 0.5600800318461929
4244.217949 0.560045009106634
4245.56918 0.5599379734106908
4246.920412 0.5597790846699786
4248.271643 0.5595781060054463
4249.622875 0.5593616365741109
4250.974106 0.5590338467017795
4252.325338 0.5586538511979308
4253.676569 0.5582332688398862
4255.0278 0.5577583282528793
4256.379032 0.557151104234503
4257.730263 0.5564509439205324
4259.081495 0.5556605196147385
4260.432726 0.55475189758258
4261.783958 0.5536650228126301
4263.135189 0.5523736841670235
4264.48642 0.5508714998460194
4265.837652 0.5490967417963715
4267.188883 0.5469975101977216
4268.540115 0.5444021193687756
4269.891346 0.5413172461412423
4271.242578 0.5378522884399106
4272.593809 0.5341614029410549
4273.945041 0.5307510402341671
4275.296272 0.5288352253881233
4276.647503 0.5288424911073436
4277.998735 0.5309138188610667
4279.349966 0.535146178912843
4280.701198 0.5398994047512566
4282.052429 0.543727760690164
4283.403661 0.5463300793270136
4284.754892 0.5475760958439793
4286.106123 0.5475914679761155
4287.457355 0.5472759960429423
4288.808586 0.546806126725505
4290.159818 0.5463243371763948
4291.511049 0.5457972038962452
4292.862281 0.5452820501704202
4294.213512 0.5448139716326243
4295.564744 0.5443511061788007
4296.915975 0.5438709178174438
4298.267206 0.5434421628798147
4299.618438 0.5430243032590032
4300.969669 0.5426303781215006
4302.320901 0.5422494633236965
4303.672132 0.5418974337660706
4305.023364 0.5416141876941732
4306.374595 0.5413388649893347
4307.725826 0.5410740212022718
4309.077058 0.5409203065767355
4310.428289 0.540788506346295
4311.779521 0.5406879778536385
4313.130752 0.5406257682243587
4314.481984 0.5406148982238155
4315.833215 0.5406355135190972
4317.184447 0.5407044245519529
4318.535678 0.5407475182945691
4319.886909 0.5408623036759594
4321.238141 0.5410238956290135
4322.589372 0.5411603375859425
4323.940604 0.5412937044866732
4325.291835 0.5415024844128234
4326.643067 0.5416615574637422
4327.994298 0.5417955231825029
4329.34553 0.5419328213244226
4330.696761 0.5420544758392265
4332.047992 0.5421658941267429
4333.399224 0.5421978495861641
4334.750455 0.542179867217278
4336.101687 0.5421576634970042
4337.452918 0.5420284859727484
4338.80415 0.5418200056865448
4340.155381 0.541565150165941
4341.506612 0.5412096485494173
4342.857844 0.5407587558187279
4344.209075 0.540240744832325
4345.560307 0.5396103874586495
4346.911538 0.5389031706589977
4348.26277 0.5381360311342374
4349.614001 0.5372428940733485
4350.965233 0.5362909935671587
4352.316464 0.535294229401474
4353.667695 0.5342205047884145
4355.018927 0.5330944070179209
4356.370158 0.5319421421498184
4357.72139 0.5307645495978797
4359.072621 0.5295646751508427
4360.423853 0.5283142882686583
4361.775084 0.5270750826311881
4363.126315 0.5258114475454405
4364.477547 0.5244958896936899
4365.828778 0.5231149083439888
4367.18001 0.5216602187898192
4368.531241 0.5200613611720508
4369.882473 0.518294159488347
4371.233704 0.5162647275806327
4372.584936 0.5138705118764162
4373.936167 0.5110781512134633
4375.287398 0.5078300987713709
4376.63863 0.5037897165299364
4377.989861 0.49894676653115166
4379.341093 0.4933128148557504
4380.692324 0.48682803044231093
4382.043556 0.4787521291938012
4383.394787 0.46957828549839065
4384.746018 0.4592849862513497
4386.09725 0.4475747867208767
4387.448481 0.43402139028667275
4388.799713 0.4192757995575024
4390.150944 0.4034081173986981
4391.502176 0.3858088884160311
4392.853407 0.3668473961485183
4394.204639 0.34709677945177564
4395.55587 0.32675724416293284
4396.907101 0.30498605611496815
4398.258333 0.28315064008957996
4399.609564 0.26146659272449335
4400.960796 0.2398850234724235
4402.312027 0.2184711145983031
4403.663259 0.19798723877401764
4405.01449 0.178584259489034
4406.365722 0.16004712031286866
4407.716953 0.14280578205594838
4409.068184 0.12700861648421133
4410.419416 0.11259826324798031
4411.770647 0.0994774503238238
4413.121879 0.08774723928701784
4414.47311 0.07729330447145566
4415.824342 0.0680060338700558
4417.175573 0.05980513598937717
4418.526804 0.0525858132866849
4419.878036 0.046240730982693865
4421.229267 0.040695254463979466
4422.580499 0.03583732888428367
4423.93173 0.03158270967628038
4425.282962 0.027866824560077254
4426.634193 0.024626146153612423
4427.985425 0.021787981203174833
4429.336656 0.01929986656673921
4430.687887 0.01713048331821334
4432.039119 0.015226597972647426
4433.39035 0.01355143679954928
4434.741582 0.012078263860539413
4436.092813 0.010783264865176324
4437.444045 0.009640231997407947
4438.795276 0.008631373800420596
4440.146507 0.007742377743795867
4441.497739 0.006952700304130312
4442.84897 0.00625090342262153
4444.200202 0.005629739489162816
4445.551433 0.005076669766802628
4446.902665 0.0045839179145449405
4448.253896 0.004145813357927848
4449.605128 0.003756787472553232
4450.956359 0.0034057819825419463
4452.30759 0.003089105826108529
4453.658822 0.0028062558281464586
4455.010053 0.002553310083944449
4456.361285 0.0023251433732711085
4457.712516 0.0021183165045484892
4459.063748 0.0019329825891699279
4460.414979 0.0017662490013174146
4461.766211 0.001616204725971068
4463.117442 0.001480249285605743
4464.468673 0.0013571414142819213
4465.819905 0.0012454937813961178
4467.171136 0.0011444661005379846
4468.522368 0.0010517827977352485
4469.873599 0.0009671549539293099
4471.224831 0.0008902786783120094
4472.576062 0.0008202261639281583
4473.927293 0.000756185933822995
4475.278525 0.0006976569344172546
4476.629756 0.0006447763245189007
4477.980988 0.0005956294227254324
4479.332219 0.0005502457851720462
4480.683451 0.0005088663845069152
4482.034682 0.0004717156265613569
4483.385914 0.00043728548126528276
4484.737145 0.00040475222084907295
4486.088376 0.0003756093514142272
4487.439608 0.00034984415672810205
4488.790839 0.00032720668448187143
4490.142071 0.0003047185584384517
4491.493302 0.00028246645283333695
4492.844534 0.00026087320929514015
4494.195765 0.00024026863648070042
4495.546996 0.0002223531090962437
4496.898228 0.0002073200951552148
4498.249459 0.00019647829255883635
4499.600691 0.00018616934661859778
4500.951922 0.0001751727979141321
4502.303154 0.0001627842902124123
4503.654385 0.00015297619049416843
4505.005617 0.0001448394472057986
4506.356848 0.0001383065434845214
4507.708079 0.00012983964672182185
4509.059311 0.00012222816855003417
4510.410542 0.00011549316915829947
4511.761774 0.00010950196061336666
4513.113005 0.00010292284382135178
4514.464237 9.648055278888002e-05
4515.815468 9.111016387269303e-05
4517.166699 8.685341992276987e-05
4518.517931 8.313808983313076e-05
4519.869162 7.980694734174327e-05
4521.220394 7.68764895090925e-05
4522.571625 7.339825093417553e-05
4523.922857 6.900268667731839e-05
4525.274088 6.370502417026108e-05
4526.62532 5.908311940815199e-05
4527.976551 5.516888724950584e-05
4529.327782 5.121832773484956e-05
4530.679014 4.776881549000645e-05
4532.030245 4.492328745180829e-05
4533.381477 4.1688110976363866e-05
4534.732708 3.670651504036235e-05
4536.08394 3.134871236772707e-05
4537.435171 2.7532498365315392e-05
4538.786403 2.680750469574959e-05
4540.137634 2.7130239099603885e-05
4541.488865 2.6859596332889578e-05
4542.840097 2.582639125151567e-05
4544.191328 2.4647062717421073e-05
4545.54256 2.3662736794277423e-05
4546.893791 2.1684365648475878e-05
4548.245023 2.0934250588831234e-05
4549.596254 2.0049043544666778e-05
4550.947485 0.0
4552.298716 0.0
