# source: https://jwst-docs.stsci.edu/jwst-near-infrared-camera/nircam-instrumentation/nircam-filters 
# Wavelength(nm) Transmission(0-1)
2647.0623870000004 0.0
2648.4136190000004 0.0
2649.764851 3.559492129487509e-06
2651.116083 3.47496053824174e-06
2652.467314 6.49452233752042e-06
2653.818546 5.327429149994649e-06
2655.169777 2.272869896242617e-06
2656.521008 4.305076755252702e-06
2657.87224 9.134847062474715e-06
2659.223471 1.089326910572496e-05
2660.574703 1.0108281738203505e-05
2661.925934 1.3342670889088385e-05
2663.277166 1.625691220117556e-05
2664.628397 1.5635077403259876e-05
2665.979629 1.749498194160642e-05
2667.33086 1.7610811549866922e-05
2668.682091 1.890560039792537e-05
2670.033323 2.3591518136749128e-05
2671.384554 2.5231546091960907e-05
2672.735786 2.5195081910994984e-05
2674.087017 2.6521430807533594e-05
2675.438249 3.116531585710839e-05
2676.78948 3.552941146838202e-05
2678.140711 3.847248399010508e-05
2679.491943 4.0754514093253356e-05
2680.843174 3.933591576037469e-05
2682.194406 4.382629766510385e-05
2683.545637 4.863946207698646e-05
2684.896869 5.393657582005892e-05
2686.2481 5.59942010281595e-05
2687.599332 6.315491605131045e-05
2688.950563 6.520887652256951e-05
2690.301794 6.766731432037053e-05
2691.653026 7.239634795388401e-05
2693.004257 7.985104350623139e-05
2694.355489 8.214837949483523e-05
2695.70672 8.511605476693547e-05
2697.057952 8.96662532278044e-05
2698.409183 9.402838252653073e-05
2699.760414 0.00010087554443015531
2701.111646 0.0001055375313880763
2702.462877 0.00010906907580179577
2703.814109 0.00011465207509598309
2705.16534 0.0001199629265777606
2706.516572 0.00012717113042863703
2707.867803 0.00013205243349497008
2709.219035 0.00013777176404230443
2710.570266 0.0001434463333582868
2711.921497 0.00015383017732062998
2713.272729 0.00016226483248155287
2714.62396 0.00016763553018659216
2715.975192 0.0001752259252772675
2717.326423 0.00018557179762632842
2718.677655 0.00019711353461729125
2720.028886 0.00020676584821011838
2721.380117 0.0002196800965844486
2722.731349 0.00023310109686773076
2724.08258 0.0002478701722938428
2725.433812 0.00026289378097099506
2726.785043 0.0002757126366012071
2728.136275 0.00029460962388736195
2729.487506 0.00031715166760450456
2730.838738 0.00034053770761140206
2732.189969 0.00036539196889593566
2733.5412 0.00039164556123144167
2734.892432 0.00042168322684104677
2736.243663 0.0004597425838039003
2737.594895 0.0004936085763970864
2738.946126 0.000535007422191775
2740.297358 0.0005829944545626302
2741.648589 0.000638416233826503
2742.999821 0.0006967575083237248
2744.351052 0.0007605292340503976
2745.702283 0.0008336120365973487
2747.053515 0.0009152642317111874
2748.404746 0.0010054147090458555
2749.755978 0.0011011111178567158
2751.107209 0.0012091346714804248
2752.458441 0.0013251225621245546
2753.809672 0.0014508532952246407
2755.160903 0.0015948394651918254
2756.512135 0.0017504120916355236
2757.863366 0.0019179750138758546
2759.214598 0.0020980376538184487
2760.565829 0.002298038655011406
2761.917061 0.0025164514403565527
2763.268292 0.00274818459524895
2764.619524 0.0030027725966519604
2765.970755 0.003279565930659906
2767.321986 0.0035778156225557
2768.673218 0.0038942901796061875
2770.024449 0.004234350598959592
2771.375681 0.004600753924677721
2772.726912 0.004988696570342911
2774.078144 0.005401235565271872
2775.429375 0.005842694143208713
2776.780606 0.0063251191071465734
2778.131838 0.00683782748598625
2779.483069 0.007383542422322348
2780.834301 0.007974161443242901
2782.185532 0.008611195168022582
2783.536764 0.009296091600716243
2784.887995 0.010038425570754338
2786.239227 0.010851102649464147
2787.590458 0.011735363871040157
2788.941689 0.012697901350346427
2790.292921 0.013756539392570034
2791.644152 0.01492251421720732
2792.995384 0.0162064870218274
2794.346615 0.017629423979432977
2795.697847 0.01920316974987581
2797.049078 0.020959911290250884
2798.400309 0.022911329207213525
2799.751541 0.025092951854761934
2801.102772 0.027535249585606707
2802.454004 0.030268264928780597
2803.805235 0.03332748310769408
2805.156467 0.036758185719309326
2806.507698 0.040610365055950386
2807.85893 0.04493825948901448
2809.210161 0.04980495072208276
2810.561392 0.055255968270249145
2811.912624 0.061360982850510434
2813.263855 0.06818487421355221
2814.615087 0.07580729889713426
2815.966318 0.08427261286472798
2817.31755 0.09362199622543343
2818.668781 0.10393571876669888
2820.020013 0.11520088025772347
2821.371244 0.1274324467335504
2822.722475 0.14062993928549627
2824.073707 0.1547001484472696
2825.424938 0.16957582822795542
2826.77617 0.18508695681212034
2828.127401 0.2010319205338622
2829.478633 0.21728914853074094
2830.829864 0.23363146879947264
2832.181095 0.24972567324312472
2833.532327 0.26547475562412776
2834.883558 0.2806693527887139
2836.23479 0.295094953098229
2837.586021 0.3086484347540659
2838.937253 0.3212483534752658
2840.288484 0.33278185954740347
2841.639716 0.34341885387035154
2842.990947 0.3530027673377184
2844.342178 0.361574059695875
2845.69341 0.36937962721854944
2847.044641 0.3762850487980614
2848.395873 0.3824620993957849
2849.747104 0.3879890004933352
2851.098336 0.39282694109850314
2852.449567 0.3971946639426376
2853.800798 0.40107583553879106
2855.15203 0.4044532952198403
2856.503261 0.4074845741733626
2857.854493 0.4101142483644452
2859.205724 0.4124086666833366
2860.556956 0.4144531726457569
2861.908187 0.4162137419843368
2863.259419 0.41773549176586766
2864.61065 0.4190339078859008
2865.961881 0.4201438728442174
2867.313113 0.42109950196395246
2868.664344 0.42188704060811555
2870.015576 0.4226011732931546
2871.366807 0.4231533031925782
2872.718039 0.4236178390475376
2874.06927 0.42405463258109005
2875.420501 0.424366933922251
2876.771733 0.42465380447973555
2878.122964 0.424968123037944
2879.474196 0.4252081012833423
2880.825427 0.4254260687851978
2882.176659 0.42571279785517874
2883.52789 0.42592255680923385
2884.879122 0.4261281247152954
2886.230353 0.42642704935336434
2887.581584 0.42666676188754243
2888.932816 0.426913574120115
2890.284047 0.4272125301174391
2891.635279 0.4274567299480171
2892.98651 0.4277104253326478
2894.337742 0.42799357764922547
2895.688973 0.42825525190870484
2897.040205 0.42850964924484863
2898.391436 0.42874070023380195
2899.742667 0.42896259596489617
2901.093899 0.4291407016632527
2902.44513 0.4293214655695354
2903.796362 0.42947871307367064
2905.147593 0.42957342516060393
2906.498825 0.4297002745921119
2907.850056 0.42979639266927594
2909.201287 0.42977551259437374
2910.552519 0.42983210860291515
2911.90375 0.42989283076345874
2913.254982 0.42979513404196124
2914.606213 0.4298324438281569
2915.957445 0.42985841377691614
2917.308676 0.42969760364978016
2918.659908 0.429709297582487
2920.011139 0.4295316005373242
2921.36237 0.4295630314548563
2922.713602 0.42959539605152713
2924.064833 0.4294161822772451
2925.416065 0.42944484973297636
2926.767296 0.4294801698902525
2928.118528 0.42930710338467415
2929.469759 0.42936297797683914
2930.82099 0.42943592233930494
2932.172222 0.42927049321567445
2933.523453 0.42934303455453715
2934.874685 0.4294106227848137
2936.225916 0.42924981968228954
2937.577148 0.429318149481216
2938.928379 0.4293806686677004
2940.279611 0.429241556091548
2941.630842 0.4293270313927896
2942.982073 0.4294063531768624
2944.333305 0.42932444708606876
2945.684536 0.4293851751736849
2947.035768 0.42931799181496044
2948.386999 0.4293652040992619
2949.738231 0.42939831662772476
2951.089462 0.429333727532533
2952.440694 0.4293671911489553
2953.791925 0.4293869094030034
2955.143156 0.42937096529273827
2956.494388 0.42940145174442346
2957.845619 0.4294400164088924
2959.196851 0.42949091626613767
2960.548082 0.4295545547692274
2961.899314 0.4296356957173688
2963.250545 0.42977710877395914
2964.601776 0.42990957175693634
2965.953008 0.43006763344383947
2967.304239 0.43035775716624847
2968.655471 0.4305767075082393
2970.006702 0.4309478027739253
2971.357934 0.43123025925762604
2972.709165 0.43155598500822545
2974.060397 0.43208844254441947
2975.411628 0.4324915450481355
2976.762859 0.4329353988055785
2978.114091 0.4335938903799154
2979.465322 0.4340958977207128
2980.816554 0.43461615798612957
2982.167785 0.4353825360683615
2983.519017 0.4359524719225901
2984.870248 0.43654293464482274
2986.221479 0.4373818229680468
2987.572711 0.437986151809203
2988.923942 0.43860358450520887
2990.275174 0.43946028124376474
2991.626405 0.44006345661609103
2992.977637 0.44065518048412056
2994.328868 0.4414986138340442
2995.6801 0.4420580660080579
2997.031331 0.4428543786101405
2998.382562 0.4433762774149109
2999.733794 0.44387282255772154
3001.085025 0.44439042432782283
3002.436257 0.4448841641442133
3003.787488 0.44536013577021594
3005.13872 0.44602294327996844
3006.489951 0.44643470933962626
3007.841182 0.44681337905645246
3009.192414 0.44737710611699777
3010.543645 0.4477107242727685
3011.894877 0.44803997182170524
3013.246108 0.4485112923948632
3014.59734 0.44879257495216146
3015.948571 0.4490569886519866
3017.299803 0.4494497936533036
3018.651034 0.4496968465310017
3020.002265 0.4500283393882768
3021.353497 0.45025348443644786
3022.704728 0.45047658618535324
3024.05596 0.45075225763560267
3025.407191 0.4509540830090208
3026.758423 0.4511534522749173
3028.109654 0.4513608079030611
3029.460886 0.45155062082095765
3030.812117 0.45173524382185637
3032.163348 0.4519000281287835
3033.51458 0.45205448951106586
3034.865811 0.45220588352230806
3036.217043 0.45229506638495875
3037.568274 0.4524156203559836
3038.919506 0.45251941876354984
3040.270737 0.4525413473142157
3041.621968 0.4526075826102567
3042.9732 0.45265609569166554
3044.324431 0.45260169303838893
3045.675663 0.45261024671244565
3047.026894 0.4525101858902302
3048.378126 0.45248598374881743
3049.729357 0.45245307304522964
3051.080589 0.45230907682915955
3052.43182 0.4522552871130784
3053.783051 0.4521881072121482
3055.134283 0.4520331396325361
3056.485514 0.45197143796473493
3057.836746 0.4519197686061709
3059.187977 0.451793454379521
3060.539209 0.4517685111941784
3061.89044 0.4517581028506915
3063.241671 0.45171728705736436
3064.592903 0.4517626193365652
3065.944134 0.4518428447608573
3067.295366 0.45191617471694023
3068.646597 0.45206467298037867
3069.997829 0.45224488896427556
3071.34906 0.45244967241555867
3072.700292 0.4526965138527094
3074.051523 0.4529868775749274
3075.402754 0.4533100463423851
3076.753986 0.4536566861884111
3078.105217 0.45406302194353737
3079.456449 0.45446297965744364
3080.80768 0.45487451077832475
3082.158912 0.45535196061893657
3083.510143 0.4557657598465361
3084.861374 0.45617253940997754
3086.212606 0.4566659029935062
3087.563837 0.4570511724228959
3088.915069 0.4574123619529158
3090.2663 0.4578506656204089
3091.617532 0.45815238155134597
3092.968763 0.45840275583828144
3094.319995 0.4587605608642564
3095.671226 0.4589298009358971
3097.022457 0.45921526389601286
3098.373689 0.45929907112846724
3099.72492 0.45935470350527885
3101.076152 0.45954183567392076
3102.427383 0.45954136592215733
3103.778615 0.45952720541155045
3105.129846 0.4596878033757404
3106.481078 0.4596685534088984
3107.832309 0.45967265151401526
3109.18354 0.45987528738327355
3110.534772 0.45992903266213075
3111.886003 0.460015153907144
3113.237235 0.4603432948756788
3114.588466 0.4605225468462011
3115.939698 0.46074442400014975
3117.290929 0.46118994815890835
3118.64216 0.4614598763874748
3119.993392 0.4617093274075173
3121.344623 0.4621034261042928
3122.695855 0.46221683243919315
3124.047086 0.46237960173021053
3125.398318 0.46213955260559236
3126.749549 0.46162358122233826
3128.100781 0.4608722759463575
3129.452012 0.4594598560176302
3130.803243 0.4574873388890941
3132.154475 0.4548550918946188
3133.505706 0.45129465549100584
3134.856938 0.446692470239617
3136.208169 0.4411678355135653
3137.559401 0.4343360269284461
3138.910632 0.4261893311424386
3140.261863 0.4169488157931553
3141.613095 0.4060942538713145
3142.964326 0.39408828322913847
3144.315558 0.38085053264015484
3145.666789 0.3664407946691554
3147.018021 0.3511558188044076
3148.369252 0.33489737695913835
3149.720484 0.3181539951863823
3151.071715 0.30093500358952574
3152.422946 0.283549234221999
3153.774178 0.26620172314487467
3155.125409 0.24907673196480012
3156.476641 0.23237961692633397
3157.827872 0.2161570551391569
3159.179104 0.20065727998044364
3160.530335 0.18589111848466017
3161.881566 0.1719466566788436
3163.232798 0.15888703677091065
3164.584029 0.146672674224743
3165.935261 0.1353380126872304
3167.286492 0.12486075054425667
3168.637724 0.11519542336718021
3169.988955 0.10630321868978758
3171.340187 0.09815649199925564
3172.691418 0.09068815559480888
3174.042649 0.0838619569299853
3175.393881 0.07762617310759717
3176.745112 0.07192660992695983
3178.096344 0.06673242191039126
3179.447575 0.06198696694031926
3180.798807 0.057650714344879894
3182.150038 0.05369419981081745
3183.50127 0.050073351703290414
3184.852501 0.046767781897036835
3186.203732 0.04373996532546417
3187.554964 0.04096317620574002
3188.906195 0.038421257615640955
3190.257427 0.036083245079906345
3191.608658 0.03393448154360685
3192.95989 0.03195942316475509
3194.311121 0.030135910177835006
3195.662352 0.028456706376550574
3197.013584 0.026906680025557857
3198.364815 0.02546648851410499
3199.716047 0.02413149174650958
3201.067278 0.022893077231124027
3202.41851 0.021742385589180038
3203.769741 0.020673337021447608
3205.120973 0.019675088085584522
3206.472204 0.018739495411824982
3207.823435 0.017862020509538754
3209.174667 0.017037539553445783
3210.525898 0.016267446899573334
3211.87713 0.015543352527014545
3213.228361 0.014855997383030704
3214.579593 0.014209008249197385
3215.930824 0.013596024850714865
3217.282055 0.013012631531271187
3218.633287 0.012460101442054075
3219.984518 0.011934993985190948
3221.33575 0.011431615930477661
3222.686981 0.010947198392341108
3224.038213 0.010481515888362852
3225.389444 0.010035293570899786
3226.740676 0.009607939207747128
3228.091907 0.00919595201226694
3229.443138 0.00880185263952941
3230.79437 0.008420950895361906
3232.145601 0.00805458759939724
3233.496833 0.007704565471311765
3234.848064 0.007364363514984028
3236.199296 0.007033493178894594
3237.550527 0.006708851934194632
3238.901759 0.006391297739451731
3240.25299 0.006085303556309898
3241.604221 0.005790980414417215
3242.955453 0.005506351176140612
3244.306684 0.0052285956939960195
3245.657916 0.004959003521644238
3247.009147 0.00470005528590014
3248.360379 0.004449569194613229
3249.71161 0.004205448379377344
3251.062841 0.003969570074696782
3252.414073 0.0037441934561822897
3253.765304 0.003529999363801989
3255.116536 0.0033263102101202258
3256.467767 0.0031274359793501735
3257.818999 0.002933303203120902
3259.17023 0.0027494917581535327
3260.521462 0.002575591811621968
3261.872693 0.002413359570020824
3263.223924 0.002260163802116039
3264.575156 0.00211004431177817
3265.926387 0.001964390310320022
3267.277619 0.001828690796119105
3268.62885 0.0017016835350993306
3269.980082 0.0015819476114424195
3271.331313 0.0014708936648506624
3272.682544 0.0013689502206482873
3274.033776 0.00127139206040809
3275.385007 0.0011784526297448457
3276.736239 0.0010942264813148925
3278.08747 0.0010160389911393762
3279.438702 0.0009406114441766101
3280.789933 0.0008711983478095247
3282.141165 0.0008085044887874502
3283.492396 0.0007470726227092723
3284.843627 0.0006902440332800035
3286.194859 0.000639560095188592
3287.54609 0.0005918661798761317
3288.897322 0.0005465072505432501
3290.248553 0.0005051328878645583
3291.599785 0.0004670091176585678
3292.951016 0.00043069862046615163
3294.302247 0.0003979699302757405
3295.653479 0.00036790610524515014
3297.00471 0.00033858071045053933
3298.355942 0.0003123283177543896
3299.707173 0.0002908757816726229
3301.058405 0.0002689538422467212
3302.409636 0.0002488656734326496
3303.760868 0.0002315623468030355
3305.112099 0.00021297049819999261
3306.46333 0.00019482328260187
3307.814562 0.00017877350828080792
3309.165793 0.00016604482266463185
3310.517025 0.00015423593193910072
3311.868256 0.0001417485349127854
3313.219488 0.00013022458084161647
3314.570719 0.0001215210170660849
3315.921951 0.00011335608005060225
3317.273182 0.00010325507358164974
3318.624413 9.539211320893344e-05
3319.975645 9.067205460754706e-05
3321.326876 8.738699418509191e-05
3322.678108 8.153841347771816e-05
3324.029339 7.740074540472408e-05
3325.380571 7.387696444489669e-05
3326.731802 6.97114466327025e-05
3328.083033 6.763412056642301e-05
3329.434265 6.498659518352317e-05
3330.785496 6.145522500281368e-05
3332.136728 5.733591512610646e-05
3333.487959 5.2764338539557714e-05
3334.839191 5.00080199899884e-05
3336.190422 5.067649061751275e-05
3337.541654 4.927387783902389e-05
3338.892885 4.5421805146688075e-05
3340.244116 4.215850893526746e-05
3341.595348 3.912831272693637e-05
3342.946579 3.809678399215401e-05
3344.297811 3.810954145276961e-05
3345.649042 3.98563351024357e-05
3347.000274 4.104259746425359e-05
3348.351505 4.166778322508495e-05
3349.702736 4.2521429962480084e-05
3351.053968 0.0
3352.4051999999997 0.0
