# source: https://jwst-docs.stsci.edu/jwst-near-infrared-camera/nircam-instrumentation/nircam-filters 
# Wavelength(nm) Transmission(0-1)
548.1500244140625 0.0
549.1500244140625 0.0
550.1500244140625 1.081398928572681e-09
551.1500244140625 1.5960004599657738e-09
552.1500244140625 2.105128271996527e-09
553.1500244140625 2.762253996772213e-09
554.1500244140625 2.9452376830684307e-09
555.1500244140625 3.3116319422063715e-09
556.1500244140625 3.5220254875081085e-09
557.1500244140625 3.830845889350546e-09
558.1500244140625 3.1488072713468945e-09
559.1500244140625 1.880172330908026e-09
560.1500244140625 1.8334044856565849e-09
561.1500244140625 2.197265209058654e-09
562.1500244140625 2.1341362923685904e-09
563.1500244140625 2.226145586153438e-09
564.1500244140625 2.693316046838885e-09
565.1500244140625 3.6703825950760654e-09
566.1500244140625 5.223023689062754e-09
567.1500244140625 6.113208059395695e-09
568.1500244140625 8.03824411594165e-09
569.1500244140625 7.967209340498566e-09
570.1500244140625 9.678437091315822e-09
571.1500244140625 9.867799118172905e-09
572.1500244140625 1.1455847452538606e-08
573.1500244140625 1.0099250357000714e-08
574.1500244140625 9.430334357887155e-09
575.1500244140625 8.906223414042645e-09
576.1500244140625 1.0169507401405709e-08
577.1500244140625 1.1177047121439383e-08
578.1500244140625 1.126065984894609e-08
579.1500244140625 1.1698854670407671e-08
580.1500244140625 1.3676898661484565e-08
581.1500244140625 1.689504910180089e-08
582.1500244140625 1.9565242961811323e-08
583.1500244140625 2.2211587727895882e-08
584.1500244140625 2.3055585155126565e-08
585.1500244140625 2.3916951137951104e-08
586.1500244140625 2.458376004774401e-08
587.1500244140625 3.159672021344499e-08
588.1500244140625 3.783060800422253e-08
589.1500244140625 4.2776549900134506e-08
590.1500244140625 4.861966330206244e-08
591.1500244140625 5.32592007378282e-08
592.1500244140625 6.23156963350263e-08
593.1500244140625 6.757068148925421e-08
594.1500244140625 8.483614722736099e-08
595.1500244140625 9.707191359596042e-08
596.1500244140625 1.1518271302178742e-07
597.1500244140625 1.7659880738641507e-07
598.1500244140625 4.0521037265652834e-07
599.1500244140625 1.4055402155844066e-06
600.1500244140625 4.854666126417971e-06
601.1500244140625 1.8214577800116853e-05
602.1500244140625 8.83284101631451e-05
603.1500244140625 0.00037755123537055714
604.1500244140625 0.0015049815642955654
605.1500244140625 0.004971047765689447
606.1500244140625 0.012512793954448318
607.1500244140625 0.02495539226548405
608.1500244140625 0.0413201682716545
609.1500244140625 0.05895910632190664
610.1500244140625 0.07508953764438975
611.1500244140625 0.08798185273324208
612.1500244140625 0.09753977551166
613.1500244140625 0.10445818464014488
614.1500244140625 0.10994795876577404
615.1500244140625 0.11483963518041168
616.1500244140625 0.11978515260671817
617.1500244140625 0.12495629839970172
618.1500244140625 0.13012406254626285
619.1500244140625 0.13516720753267544
620.1500244140625 0.1400571876071194
621.1500244140625 0.1439953215669975
622.1500244140625 0.14700777617519553
623.1500244140625 0.14893744401346384
624.1500244140625 0.15126600645906577
625.1500244140625 0.1534609123248789
626.1500244140625 0.15497098816461582
627.1500244140625 0.1560740176008764
628.1500244140625 0.15681985783627345
629.1500244140625 0.15731442417926156
630.1500244140625 0.1574419663091059
631.1500244140625 0.15747127537939423
632.1500244140625 0.15791587402551593
633.1500244140625 0.15932077595412808
634.1500244140625 0.16173923948239993
635.1500244140625 0.16479851999118775
636.1500244140625 0.16795602206494917
637.1500244140625 0.17082894174846971
638.1500244140625 0.17310971452980983
639.1500244140625 0.174975296542567
640.1500244140625 0.1766549857270997
641.1500244140625 0.17848667309907987
642.1500244140625 0.1803116750387868
643.1500244140625 0.1820359698831399
644.1500244140625 0.18342442420348642
645.1500244140625 0.1843889745662916
646.1500244140625 0.18509722969458897
647.1500244140625 0.18593284756903913
648.1500244140625 0.18720554916115298
649.1500244140625 0.1888516952150038
650.1500244140625 0.1905199390409323
651.1500244140625 0.19205205143277965
652.1500244140625 0.19320259155303976
653.1500244140625 0.1937280991139539
654.1500244140625 0.1938384826268871
655.1500244140625 0.1936760331290286
656.1500244140625 0.1933758879451623
657.1500244140625 0.1929345846409926
658.1500244140625 0.19267474530103812
659.1500244140625 0.19288118619578917
660.1500244140625 0.19357105450187692
661.1500244140625 0.1948574547387513
662.1500244140625 0.1968549170786937
663.1500244140625 0.19948600685361706
664.1500244140625 0.20239739017986713
665.1500244140625 0.20524573747710256
666.1500244140625 0.20748712974126857
667.1500244140625 0.20873078276956067
668.1500244140625 0.20908939552294012
669.1500244140625 0.20908827414807843
670.1500244140625 0.20897197411311721
671.1500244140625 0.20866985702336915
672.1500244140625 0.2082156772337527
673.1500244140625 0.2079287449568936
674.1500244140625 0.2078429880742227
675.1500244140625 0.20796496208218973
676.1500244140625 0.2083962855357404
677.1500244140625 0.2091739667645444
678.1500244140625 0.21056381461400087
679.1500244140625 0.21248824606195654
680.1500244140625 0.2148642094680938
681.1500244140625 0.21732220457195234
682.1500244140625 0.2193540766827286
683.1500244140625 0.2208590817904114
684.1500244140625 0.22218810700843056
685.1500244140625 0.22341908489984866
686.1500244140625 0.22466731851656158
687.1500244140625 0.22592369483420685
688.1500244140625 0.22743717698154906
689.1500244140625 0.22917413263732006
690.1500244140625 0.23062691289896786
691.1500244140625 0.23110988464674045
692.1500244140625 0.23037953727491603
693.1500244140625 0.22820883885308277
694.1500244140625 0.22496032501450783
695.1500244140625 0.22159196609261855
696.1500244140625 0.21898042380811517
697.1500244140625 0.2181021458920499
698.1500244140625 0.21914957128708407
699.1500244140625 0.22212153862524525
700.1500244140625 0.22634959950244166
701.1500244140625 0.23108557371116473
702.1500244140625 0.23529586090974572
703.1500244140625 0.23849661219929535
704.1500244140625 0.24044648628372273
705.1500244140625 0.2416131698350857
706.1500244140625 0.2424930326945977
707.1500244140625 0.24359677210500474
708.1500244140625 0.24502361982047807
709.1500244140625 0.24664434534135532
710.1500244140625 0.24744900077111184
711.1500244140625 0.24692125045523505
712.1500244140625 0.24497344115751257
713.1500244140625 0.24241694415199241
714.1500244140625 0.24072297611712248
715.1500244140625 0.24027429449268894
716.1500244140625 0.241069587524471
717.1500244140625 0.2415843758443712
718.1500244140625 0.2408622661952578
719.1500244140625 0.23873613091077864
720.1500244140625 0.236075079586104
721.1500244140625 0.2344886377738776
722.1500244140625 0.23545866145846797
723.1500244140625 0.2394627603968545
724.1500244140625 0.24569404036898085
725.1500244140625 0.25279378518277806
726.1500244140625 0.2597051897057808
727.1500244140625 0.26533656250566173
728.1500244140625 0.26945544247937225
729.1500244140625 0.2719998341473514
730.1500244140625 0.27340567480597755
731.1500244140625 0.27336888630158757
732.1500244140625 0.2721836602870097
733.1500244140625 0.27008556300814884
734.1500244140625 0.26726441613039215
735.1500244140625 0.2641000606331659
736.1500244140625 0.26148890806885755
737.1500244140625 0.2600327353718683
738.1500244140625 0.259946748264441
739.1500244140625 0.26074832572845563
740.1500244140625 0.2618956997107551
741.1500244140625 0.26298379960124907
742.1500244140625 0.2641035980475571
743.1500244140625 0.26601494737568354
744.1500244140625 0.269134575597936
745.1500244140625 0.2736220535920342
746.1500244140625 0.27853596819095516
747.1500244140625 0.28340961900194045
748.1500244140625 0.2871278649778052
749.1500244140625 0.2899279774822194
750.1500244140625 0.29156849440710897
751.1500244140625 0.292498809728827
752.1500244140625 0.29244461993282944
753.1500244140625 0.29086014779398783
754.1500244140625 0.2875985589014378
755.1500244140625 0.28286187099930826
756.1500244140625 0.2778211740821003
757.1500244140625 0.27378482717068187
758.1500244140625 0.27157233875225467
759.1500244140625 0.27112214507294885
760.1500244140625 0.27172715698929967
761.1500244140625 0.27292354275781966
762.1500244140625 0.2745842544244051
763.1500244140625 0.2772695060896625
764.1500244140625 0.2814741447997622
765.1500244140625 0.287345975372973
766.1500244140625 0.2934451301653671
767.1500244140625 0.29872357753075507
768.1500244140625 0.30148380549943965
769.1500244140625 0.30200552863890884
770.1500244140625 0.30024973461306403
771.1500244140625 0.2976043805691315
772.1500244140625 0.2941305603990684
773.1500244140625 0.2898818549553561
774.1500244140625 0.2845301002431871
775.1500244140625 0.27816329990764405
776.1500244140625 0.270561161392928
777.1500244140625 0.2595432024650138
778.1500244140625 0.2432451389406595
779.1500244140625 0.22000003984328206
780.1500244140625 0.1911584325900351
781.1500244140625 0.15882280077114502
782.1500244140625 0.12632110172915942
783.1500244140625 0.09618196887600908
784.1500244140625 0.07035899305919575
785.1500244140625 0.0495963025354332
786.1500244140625 0.033848389650790026
787.1500244140625 0.02261014735897465
788.1500244140625 0.015027816915454215
789.1500244140625 0.010107762785356637
790.1500244140625 0.0069809934631213395
791.1500244140625 0.0048946406242272675
792.1500244140625 0.0035155335332837253
793.1500244140625 0.0025008613549894103
794.1500244140625 0.0017952540415747719
795.1500244140625 0.0013055422284093158
796.1500244140625 0.0009581027125398497
797.1500244140625 0.0007084499411735966
798.1500244140625 0.0005260239685615924
799.1500244140625 0.00039438098775852986
800.1500244140625 0.00029873381504313913
801.1500244140625 0.0002275631357325066
802.1500244140625 0.00017397850513450696
803.1500244140625 0.00013415261150036365
804.1500244140625 0.00010468504796583296
805.1500244140625 8.296191924367472e-05
806.1500244140625 6.658213419664175e-05
807.1500244140625 5.407559599563781e-05
808.1500244140625 4.4319597376009696e-05
809.1500244140625 3.667467489531473e-05
810.1500244140625 3.066074864598863e-05
811.1500244140625 2.57247312597207e-05
812.1500244140625 2.1916697341005383e-05
813.1500244140625 1.8832923063638205e-05
814.1500244140625 1.6497754881075802e-05
815.1500244140625 1.4658905116758006e-05
816.1500244140625 1.33344605706176e-05
817.1500244140625 1.216399500318315e-05
818.1500244140625 1.1167898585198246e-05
819.1500244140625 1.0206908019059931e-05
820.1500244140625 9.497208739976082e-06
821.1500244140625 8.902510549345824e-06
822.1500244140625 8.476482992929797e-06
823.1500244140625 8.047349944900271e-06
824.1500244140625 7.704882079921498e-06
825.1500244140625 7.32616737940513e-06
826.1500244140625 7.0701791775138185e-06
827.1500244140625 6.878110853352556e-06
828.1500244140625 6.7863753870655e-06
829.1500244140625 6.636329542343842e-06
830.1500244140625 6.3708514590869205e-06
831.1500244140625 6.095020784790441e-06
832.1500244140625 5.951504869465202e-06
833.1500244140625 6.0045989675283896e-06
834.1500244140625 6.070805176117233e-06
835.1500244140625 5.927839682328835e-06
836.1500244140625 5.509089159785483e-06
837.1500244140625 4.974180206689346e-06
838.1500244140625 4.480854741554035e-06
839.1500244140625 4.277622134657882e-06
840.1500244140625 4.383607050453117e-06
841.1500244140625 4.726648414909189e-06
842.1500244140625 5.041938130255554e-06
843.1500244140625 5.093675760119404e-06
844.1500244140625 4.992152558873201e-06
845.1500244140625 4.6145130638424785e-06
846.1500244140625 4.249446613788194e-06
847.1500244140625 3.756731485805932e-06
848.1500244140625 3.3902238501291764e-06
849.1500244140625 3.121093269688726e-06
850.1500244140625 0.0
851.1500244140625 0.0
