# source: https://jwst-docs.stsci.edu/jwst-near-infrared-camera/nircam-instrumentation/nircam-filters 
# Wavelength(nm) Transmission(0-1)
398.0 0.0
399.0 0.0
400.0 0.0
401.0 0.0
402.0 0.0
403.0 0.0
404.0 0.0
405.0 0.0
406.0 0.0
407.0 0.0
408.0 0.0
409.0 0.0
410.0 0.0
411.0 0.0
412.0 0.0
413.0 0.0
414.0 0.0
415.0 0.0
416.0 0.0
417.0 0.0
418.0 0.0
419.0 0.0
420.0 0.0
421.0 0.0
422.0 0.0
423.0 0.0
424.0 0.0
425.0 0.0
426.0 0.0
427.0 0.0
428.0 0.0
429.0 0.0
430.0 0.0
431.0 0.0
432.0 0.0
433.0 0.0
434.0 0.0
435.0 0.0
436.0 0.0
437.0 0.0
438.0 0.0
439.0 0.0
440.0 0.0
441.0 0.0
442.0 0.0
443.0 0.0
444.0 0.0
445.0 0.0
446.0 0.0
447.0 0.0
448.0 0.0
449.0 0.0
450.0 0.0
451.0 0.0
452.0 0.0
453.0 0.0
454.0 0.0
455.0 0.0
456.0 0.0
457.0 0.0
458.0 0.0
459.0 0.0
460.0 0.0
461.0 0.0
462.0 0.0
463.0 0.0
464.0 0.0
465.0 0.0
466.0 0.0
467.0 0.0
468.0 0.0
469.0 0.0
470.0 0.0
471.0 0.0
472.0 0.0
473.0 0.0
474.0 0.0
475.0 0.0
476.0 0.0
477.0 0.0
478.0 0.0
479.0 0.0
480.0 0.0
481.0 0.0
482.0 0.0
483.0 0.0
484.0 0.0
485.0 0.0
486.0 0.0
487.0 0.0
488.0 0.0
489.0 0.0
490.0 0.0
491.0 0.0
492.0 0.0
493.0 0.0
494.0 0.0
495.0 0.0
496.0 0.0
497.0 0.0
498.0 0.0
499.0 0.0
500.0 0.0
501.0 0.0
502.0 0.0
503.0 0.0
504.0 0.0
505.0 0.0
506.0 0.0
507.0 0.0
508.0 0.0
509.0 0.0
510.0 0.0
511.0 0.0
512.0 0.0
513.0 0.0
514.0 0.0
515.0 0.0
516.0 0.0
517.0 0.0
518.0 0.0
519.0 0.0
520.0 0.0
521.0 0.0
522.0 0.0
523.0 0.0
524.0 0.0
525.0 2.273534906888186e-07
526.0 9.620616157369649e-07
527.0 1.6695460236593665e-06
528.0 2.113036058433121e-06
529.0 2.171560613134219e-06
530.0 2.002709313724062e-06
531.0 1.8683913192542955e-06
532.0 1.8286863237831461e-06
533.0 1.874231605400034e-06
534.0 1.9572258368512145e-06
535.0 2.2442091256614828e-06
536.0 2.765236732521132e-06
537.0 3.6631393267545135e-06
538.0 5.052698261853732e-06
539.0 7.681147152713918e-06
540.0 1.195878178364657e-05
541.0 1.6993339136197445e-05
542.0 1.980621478758372e-05
543.0 1.8906004792980918e-05
544.0 1.5070771277145655e-05
545.0 1.093291628572055e-05
546.0 7.73932908867601e-06
547.0 5.913063366117716e-06
548.0 4.924325243480207e-06
549.0 4.430814063184384e-06
550.0 4.3814617540940455e-06
551.0 4.717629501613458e-06
552.0 5.20290551579943e-06
553.0 5.852037771664714e-06
554.0 6.612020492659031e-06
555.0 7.330044468217875e-06
556.0 7.548518496020081e-06
557.0 7.635956816282308e-06
558.0 6.516345275614278e-06
559.0 4.5837394588037255e-06
560.0 4.535932703189123e-06
561.0 5.133740087405591e-06
562.0 4.8850415899312736e-06
563.0 4.540300930085688e-06
564.0 5.019356787748142e-06
565.0 5.709706268456039e-06
566.0 6.308348271319808e-06
567.0 6.39527981874075e-06
568.0 6.704120035906265e-06
569.0 7.031561444116965e-06
570.0 6.92154119654835e-06
571.0 7.2997065572997325e-06
572.0 8.633148454945596e-06
573.0 1.026149095137217e-05
574.0 1.1145619663360272e-05
575.0 1.2424217275315925e-05
576.0 1.4955405265552677e-05
577.0 1.713896003317167e-05
578.0 1.8016202109545152e-05
579.0 1.8847971097070952e-05
580.0 2.089328620864352e-05
581.0 2.5690896020753595e-05
582.0 3.462123838001216e-05
583.0 5.1971766735204333e-05
584.0 9.263947198292395e-05
585.0 0.0001903906318844252
586.0 0.0003530409983112119
587.0 0.0004754759005302129
588.0 0.00044659254334131676
589.0 0.00029342685417045535
590.0 0.00015563826392791247
591.0 8.778107208524288e-05
592.0 6.119181999488955e-05
593.0 4.696492199911556e-05
594.0 3.913853721770103e-05
595.0 3.828682054808737e-05
596.0 3.585849304747321e-05
597.0 3.683839594289635e-05
598.0 3.9998354993709476e-05
599.0 4.158454450904109e-05
600.0 4.5133345281829634e-05
601.0 5.037022572291626e-05
602.0 5.848132877836911e-05
603.0 7.136617496420664e-05
604.0 8.696519049792647e-05
605.0 0.00010091070529889971
606.0 0.00011614488469739065
607.0 0.00012972076353961941
608.0 0.0001334395687275538
609.0 0.00012899740383121199
610.0 0.00011895317176888096
611.0 0.00010531769435302051
612.0 8.922224887073815e-05
613.0 7.592305899762437e-05
614.0 6.50138731610478e-05
615.0 5.84834514896043e-05
616.0 5.298219191984048e-05
617.0 4.99794972684698e-05
618.0 4.941035934584893e-05
619.0 4.606830102988535e-05
620.0 4.287236975226839e-05
621.0 4.0915919715570274e-05
622.0 4.578246585311292e-05
623.0 4.924200192017623e-05
624.0 5.484513575808012e-05
625.0 6.528253632415729e-05
626.0 8.073193417572547e-05
627.0 0.00010547195908842106
628.0 0.000147912137909321
629.0 0.00021788563696224339
630.0 0.00032514290536856695
631.0 0.0004591673853260475
632.0 0.0005591590851689514
633.0 0.0005650538407140841
634.0 0.000480922326867353
635.0 0.00037411856320565225
636.0 0.0002904450483676638
637.0 0.00024235271622000262
638.0 0.00021840619963153017
639.0 0.00021118691060850479
640.0 0.00022323956637068366
641.0 0.0002467686955328844
642.0 0.0002804438512607951
643.0 0.0003159021429066945
644.0 0.00034469485822051515
645.0 0.0003489346055796567
646.0 0.00031824925047851173
647.0 0.00026544265096192283
648.0 0.00020793831343147678
649.0 0.00016535957905228582
650.0 0.00013421555394696794
651.0 0.00011063973540847421
652.0 9.571393986701388e-05
653.0 9.21867065773434e-05
654.0 9.11821961783693e-05
655.0 9.400033509729283e-05
656.0 0.00010158722131761754
657.0 0.0001194236248499713
658.0 0.00014088053343495768
659.0 0.0001697620020870324
660.0 0.0002044409625546109
661.0 0.00024046142069194962
662.0 0.0002540176781204135
663.0 0.00024232604711969853
664.0 0.0002169233873570712
665.0 0.00019082126949282138
666.0 0.00016431442673198518
667.0 0.0001418598285234507
668.0 0.0001312897146880414
669.0 0.00012556783936819172
670.0 0.00012433944996785668
671.0 0.00012540581780261012
672.0 0.00013909673230578942
673.0 0.000161142915421561
674.0 0.0001913813649633047
675.0 0.00022008523401885612
676.0 0.0002477375897120337
677.0 0.00026447519447200915
678.0 0.0002710839409644062
679.0 0.00025930128369967213
680.0 0.00023144096638216756
681.0 0.00019234753061122905
682.0 0.0001624878690745313
683.0 0.00015191711891856334
684.0 0.0001467662266934067
685.0 0.0001409904083948872
686.0 0.0001365360984770401
687.0 0.00014067041577852754
688.0 0.00014837017141601354
689.0 0.00015396267285755437
690.0 0.0001655409410323175
691.0 0.00017668045419815548
692.0 0.00017801946723335584
693.0 0.00016959665282688987
694.0 0.00015716592969085643
695.0 0.00014157566777369177
696.0 0.00012138178634388353
697.0 0.00010731324243956583
698.0 9.81210756771536e-05
699.0 9.109413054928222e-05
700.0 8.456613984120242e-05
701.0 7.68034843839063e-05
702.0 7.300573408902233e-05
703.0 7.704393932649437e-05
704.0 8.908145208663933e-05
705.0 0.0001041524679750679
706.0 0.0001229545077977786
707.0 0.00014461225185347838
708.0 0.00017198443113692778
709.0 0.00021724870187949185
710.0 0.00030251383903276343
711.0 0.00044326053007442696
712.0 0.0006556670070319168
713.0 0.0009448748434772149
714.0 0.001335537735398264
715.0 0.0017348020108591418
716.0 0.001974339153099491
717.0 0.0018621541764100632
718.0 0.001498310627245124
719.0 0.0010904276789976209
720.0 0.000769088446482913
721.0 0.0005311551883032305
722.0 0.0003668400926596948
723.0 0.0002720874479895211
724.0 0.0001990641170964194
725.0 0.00015142857398840753
726.0 0.00012107152803603682
727.0 0.00010195049839735283
728.0 8.233903108074858e-05
729.0 6.365319608692215e-05
730.0 5.820007174767091e-05
731.0 5.54580093651613e-05
732.0 5.240528880989707e-05
733.0 4.7890488191262105e-05
734.0 5.272726343681403e-05
735.0 5.4791016818958353e-05
736.0 4.943848574832713e-05
737.0 5.198377286794733e-05
738.0 6.376890196376217e-05
739.0 8.031643033896965e-05
740.0 8.831978502322376e-05
741.0 0.00011028090125852942
742.0 0.00014550316293342674
743.0 0.00020971183129321966
744.0 0.00031272210762935376
745.0 0.00047495563625115793
746.0 0.0007102181731321546
747.0 0.0010183428576672061
748.0 0.0013381778044488932
749.0 0.0015689110725814167
750.0 0.0016660428886325425
751.0 0.0017304619445525932
752.0 0.0020261525862730876
753.0 0.0027407122405391482
754.0 0.003532372914351772
755.0 0.003527389508945268
756.0 0.0025006535299489296
757.0 0.0012333188198956752
758.0 0.0005060265150646828
759.0 0.0002489209329506579
760.0 0.00014184922611544938
761.0 8.014193530824411e-05
762.0 4.801683674778466e-05
763.0 3.8951907010918764e-05
764.0 2.7040700566060362e-05
765.0 1.5244253590042186e-05
766.0 1.4668709376102846e-05
767.0 1.566517672616405e-05
768.0 1.5372355269396748e-05
769.0 1.0544910502186273e-05
770.0 1.0943963503248001e-05
771.0 9.149339174160308e-06
772.0 1.153353569403316e-05
773.0 1.1159857383683752e-05
774.0 5.0202685509880306e-06
775.0 6.568597147738697e-06
776.0 9.50633067407776e-06
777.0 1.731605724521816e-05
778.0 6.7372168837417e-06
779.0 7.822137139623409e-06
780.0 1.094341535599557e-05
781.0 1.616256957891994e-05
782.0 9.207912225710858e-06
783.0 1.7802125506434784e-05
784.0 1.782846725668256e-05
785.0 1.37618208214853e-05
786.0 1.1872313116939719e-05
787.0 1.850885948825025e-05
788.0 2.8778551974561084e-05
789.0 5.3312151525766334e-05
790.0 0.0001045507145187363
791.0 0.00015924678629921943
792.0 0.00018486747548359257
793.0 0.00015207407540063396
794.0 0.00010104886474085863
795.0 6.767221622542115e-05
796.0 4.977660233907654e-05
797.0 -8.562228180158444e-05
798.0 0.00035256555744958546
799.0 0.0010252603634233514
800.0 0.002174740729938954
801.0 0.0016004557939529622
802.0 0.002375067733525061
803.0 0.002126206843847471
804.0 0.0021670408364740687
805.0 0.0004551952186769315
806.0 0.00017532297932285488
807.0 0.000796192678239657
808.0 0.0018215377132090415
809.0 0.0020234167341948448
810.0 0.0009854418030009427
811.0 0.0012509388253868568
812.0 0.0011669597339122018
813.0 0.001697971560644922
814.0 0.0016177999808600527
815.0 0.0018077918677927712
816.0 0.0012659529654311084
817.0 0.0014214734650127825
818.0 0.0013213462979379158
819.0 0.0010646526702310772
820.0 0.0014754420756163894
821.0 0.0023945918548620828
822.0 0.0020033603451843716
823.0 0.0005979037155416155
824.0 -0.00037624569375188134
825.0 0.0002529296193154543
826.0 0.0015882173897679428
827.0 0.0019619510647893605
828.0 0.0008751347741432182
829.0 5.4478114244471204e-06
830.0 0.0005686445486704818
831.0 0.001093389655852577
832.0 0.0014072366910697224
833.0 0.0012362006182020666
834.0 0.0012057385421091762
835.0 0.001097234393632295
836.0 0.001167539752621358
837.0 0.0010858687032341274
838.0 0.0013581358333599036
839.0 0.0014023745432763953
840.0 0.0011305014843013001
841.0 0.0009218120273082467
842.0 0.0011067099451295703
843.0 0.0009699487683883477
844.0 0.0008356417706390402
845.0 0.0007545178587804852
846.0 0.0009414863968663278
847.0 0.001299726992187695
848.0 0.0014355489925621525
849.0 0.001061687294536428
850.0 0.0009244727685545649
851.0 0.0011874107050023936
852.0 0.0013756257900515588
853.0 0.001401209370311699
854.0 0.0016293051230376473
855.0 0.001091278494587669
856.0 0.0006128712611719909
857.0 0.000381701861691264
858.0 0.0009856549602999922
859.0 0.0012343940027777695
860.0 0.0016621244336193785
861.0 0.001093047946500425
862.0 0.0008730849990942723
863.0 0.000610769073198215
864.0 0.001123138259010946
865.0 0.0011893714097677389
866.0 0.0013255792850466724
867.0 0.0007548128703928269
868.0 0.0009223050129676032
869.0 0.001239192415700988
870.0 0.0014858209557269304
871.0 0.0011731017486963373
872.0 0.0013233348338991674
873.0 0.0013280759983421157
874.0 0.0011512894372310346
875.0 0.001137393843986807
876.0 0.00126603360271086
877.0 0.00129643161509287
878.0 0.0012165062076339545
879.0 0.001166226775599531
880.0 0.0010564757118650431
881.0 0.0009141130707885551
882.0 0.000886127900560581
883.0 0.000936105252970487
884.0 0.0008366097452705467
885.0 0.0006853515997578265
886.0 0.0007659720405458916
887.0 0.0009565725954980973
888.0 0.0008309781186287833
889.0 0.0006844617651032287
890.0 0.0008764735433789421
891.0 0.0010147011268340253
892.0 0.0009886827849443375
893.0 0.0010372829490949654
894.0 0.001153001949079432
895.0 0.001184715109150691
896.0 0.0011735801783266336
897.0 0.0011098670842658023
898.0 0.001086262587604002
899.0 0.0010888567062500778
900.0 0.0011539061334172502
901.0 0.0012772063402348352
902.0 0.0013188520477740303
903.0 0.0012778837986546037
904.0 0.0012210790018459194
905.0 0.0012120930639621388
906.0 0.001073456287736285
907.0 0.0009290508804317701
908.0 0.0009567017547603498
909.0 0.0010218070081018326
910.0 0.0009380210771295171
911.0 0.0007919162412909073
912.0 0.0008216266110096006
913.0 0.0009755936634791121
914.0 0.000936301427251405
915.0 0.0008166254976100244
916.0 0.0006551969105627039
917.0 0.0005209657596977163
918.0 0.0005388889001034594
919.0 0.0006870804770879691
920.0 0.0007781777181273653
921.0 0.0007327546731182175
922.0 0.0006943683815516012
923.0 0.0007874752201578113
924.0 0.0009333230669932652
925.0 0.0010414825854156797
926.0 0.0010530356885641548
927.0 0.001208356033423534
928.0 0.001373955049637292
929.0 0.0015166611933090817
930.0 0.0015528537978993983
931.0 0.0016588943221315926
932.0 0.0018694809121564257
933.0 0.0020708522043684187
934.0 0.0021700214546332133
935.0 0.0022244603198126587
936.0 0.0023433249119211574
937.0 0.002494499908805313
938.0 0.0026148189226198677
939.0 0.002710030212144904
940.0 0.0027408347045373054
941.0 0.0027366677262915425
942.0 0.002736111098489664
943.0 0.002785661643239284
944.0 0.0027469210621630133
945.0 0.0026991478121993337
946.0 0.002637231795610257
947.0 0.002561654095242527
948.0 0.0024529993072053753
949.0 0.0023613262472706627
950.0 0.002256156191862438
951.0 0.0021433490740254296
952.0 0.00208029810132715
953.0 0.001999282051265961
954.0 0.0018768055565718663
955.0 0.0018000021448708323
956.0 0.0017513960241467904
957.0 0.0016914240495426252
958.0 0.0016316794743319056
959.0 0.0016203641967333106
960.0 0.001615165542226289
961.0 0.0016592688958425676
962.0 0.0017666393587871707
963.0 0.0018988957563361693
964.0 0.0019773783094828054
965.0 0.002119271109417306
966.0 0.0023322447014067914
967.0 0.002587472462868034
968.0 0.0028585945505687988
969.0 0.003221490990257252
970.0 0.003730212827805935
971.0 0.00430440609362599
972.0 0.004983084242050272
973.0 0.005827960804794422
974.0 0.006875005336018663
975.0 0.00805863337157682
976.0 0.00957691464570351
977.0 0.01138437986203867
978.0 0.013523344070096017
979.0 0.01599087728886405
980.0 0.01911543480622596
981.0 0.022544787501596893
982.0 0.026605704821971984
983.0 0.03118630149998501
984.0 0.03639391205111431
985.0 0.04258970643470237
986.0 0.049095691017246944
987.0 0.05614705022283191
988.0 0.06364536964965357
989.0 0.07256477105325394
990.0 0.08187442711450925
991.0 0.09147481286461817
992.0 0.10285824114214343
993.0 0.11385935521568159
994.0 0.12487533154148892
995.0 0.13594664779929977
996.0 0.1492344537570996
997.0 0.16234715874311978
998.0 0.17560795018067904
999.0 0.1886544665192818
1000.0 0.2007097563511084
1000.9999999999999 0.21245420256588157
1002.0 0.22432503097655887
1002.9999999999999 0.23634457581401655
1004.0 0.24838761384675997
1004.9999999999999 0.2591546178513727
1006.0 0.2691036242346442
1006.9999999999999 0.27742215883076665
1008.0 0.28607510910579886
1008.9999999999999 0.29393472113822167
1010.0 0.30145423214857925
1010.9999999999999 0.3091971584443315
1012.0 0.31584289421308603
1012.9999999999999 0.3220578935703062
1014.0 0.32743665785497966
1014.9999999999999 0.33265427797416924
1016.0 0.33605666851911786
1016.9999999999999 0.3395576477825175
1018.0 0.34373255117552176
1018.9999999999999 0.34756702329086314
1020.0 0.3514703944174654
1020.9999999999999 0.35503826996171406
1022.0 0.3579853618583645
1022.9999999999999 0.35941109763635104
1024.0 0.36085824445147213
1025.0 0.3617362349103516
1026.0 0.36239555721330163
1027.0 0.3636798483616174
1028.0 0.36573175084602105
1029.0 0.36757621739813523
1030.0 0.36891940212399377
1031.0 0.37035173361500134
1032.0 0.37135915662601954
1033.0 0.3717924350801765
1034.0 0.37314404812790736
1035.0 0.3742671598459226
1036.0 0.3755922289600283
1037.0 0.37697876882695236
1038.0 0.37789328688986107
1039.0 0.3777575566013953
1040.0 0.37721982568061446
1041.0 0.37740357806240227
1042.0 0.3778323909979268
1043.0 0.3795438252639516
1044.0 0.381168447387937
1045.0 0.3815303002095635
1046.0 0.3816704566276502
1047.0 0.38205598976773236
1048.0 0.3830988896723752
1049.0 0.3831670915619988
1050.0 0.38291215261690903
1051.0 0.38284712828183515
1052.0 0.3837511716326285
1053.0 0.38519532725120625
1054.0 0.38547714384889564
1055.0 0.38491857881482294
1056.0 0.3837369728862357
1057.0 0.38334797220633376
1058.0 0.38348456938229103
1059.0 0.3837804082138448
1060.0 0.3844702835804087
1061.0 0.3847592481147621
1062.0 0.3851345157341414
1063.0 0.38531132814139035
1064.0 0.38522555869129405
1065.0 0.38486496100455264
1066.0 0.3850075835641788
1067.0 0.3860115691557841
1068.0 0.3867569043428755
1069.0 0.38739187022625826
1070.0 0.38666615097920637
1071.0 0.38619280997931665
1072.0 0.3858220248709971
1073.0 0.3864524323510297
1074.0 0.3874266664402058
1075.0 0.38897163355126574
1076.0 0.3910005827240331
1077.0 0.39262798404288146
1078.0 0.39403583103939566
1079.0 0.3949053134388011
1080.0 0.396413456810985
1081.0 0.39774740326066543
1082.0 0.3985670718396432
1083.0 0.39901361159171345
1084.0 0.3998165487571465
1085.0 0.4012587811484639
1086.0 0.4026904700070025
1087.0 0.404119476595167
1088.0 0.4045640459423244
1089.0 0.40420471672699837
1090.0 0.403831975399952
1091.0 0.4051721066541687
1092.0 0.4075758947997492
1093.0 0.4090303053412764
1094.0 0.40952699514666724
1095.0 0.40913149802492577
1096.0 0.4091524626810188
1097.0 0.4092047145643836
1098.0 0.4099638863900256
1099.0 0.4108884549171402
1100.0 0.41162772315024104
1101.0 0.4124816985093118
1102.0 0.4130219005728965
1103.0 0.4132101506948377
1104.0 0.413145648152858
1105.0 0.4130701518514486
1106.0 0.4133055722694604
1107.0 0.41390793262181
1108.0 0.41524496540386047
1109.0 0.4153274181728992
1110.0 0.4152511254282881
1111.0 0.4151923335673903
1112.0 0.41542999561192356
1113.0 0.4152629792162887
1114.0 0.4153765558859141
1115.0 0.4162182453547051
1116.0 0.4165130803669429
1117.0 0.4168969309398764
1118.0 0.41723971578329844
1119.0 0.41726287672360896
1120.0 0.4162564423599753
1121.0 0.4152742096853691
1122.0 0.41505007350544176
1123.0 0.4145364705866964
1124.0 0.4145250568827334
1125.0 0.4154038596345328
1126.0 0.41611022969092337
1127.0 0.41557116559343066
1128.0 0.4146238084106211
1129.0 0.4141563801976378
1130.0 0.41464743772189133
1131.0 0.4160787796786653
1132.0 0.41676963018994495
1133.0 0.41649109852673283
1134.0 0.4161237258442895
1135.0 0.4160628799419935
1136.0 0.41663508315279524
1137.0 0.417289406527103
1138.0 0.41800075251112323
1139.0 0.41822561714267414
1140.0 0.419435560142257
1141.0 0.4213658289761392
1142.0 0.42338675394836767
1143.0 0.42466873507480357
1144.0 0.42473264340377337
1145.0 0.42481819194834625
1146.0 0.42565057750507135
1147.0 0.4271380548939836
1148.0 0.42901669212944316
1149.0 0.429471125017025
1150.0 0.4298908850141741
1151.0 0.43036008418567495
1152.0 0.43153241829008393
1153.0 0.4321075860822982
1154.0 0.4325903978944023
1155.0 0.4333605490172909
1156.0 0.4339174484377004
1157.0 0.43519117829668963
1158.0 0.43639430151627157
1159.0 0.4374747549171446
1160.0 0.4370749016078028
1161.0 0.43679967738687403
1162.0 0.4371236864871997
1163.0 0.43834619882209
1164.0 0.43924060682914434
1165.0 0.4399466897011166
1166.0 0.44015261078742685
1167.0 0.4400728646876219
1168.0 0.4395789164552235
1169.0 0.4397867844577702
1170.0 0.4395906121798796
1171.0 0.4393040654504466
1172.0 0.4385800986180443
1173.0 0.4387949428772326
1174.0 0.43836183853870886
1175.0 0.4372739927641157
1176.0 0.4350980462253973
1177.0 0.4325119125653954
1178.0 0.43014517582687195
1179.0 0.42708859889428497
1180.0 0.4235830177773921
1181.0 0.41951258792240964
1182.0 0.4140776707538734
1183.0 0.4068425443181545
1184.0 0.39746379043814517
1185.0 0.388276028026693
1186.0 0.37784775329698306
1187.0 0.36616635974975537
1188.0 0.353029695453028
1189.0 0.3406217308783207
1190.0 0.3287146320128943
1191.0 0.3154513132850163
1192.0 0.30227714553823865
1193.0 0.2896770819205392
1194.0 0.2784861188625812
1195.0 0.26887338298380264
1196.0 0.2610391547450021
1197.0 0.2553899708894189
1198.0 0.2533942612048588
1199.0 0.2541676691219701
1200.0 0.2559297387952343
1201.0 0.2588868529550832
1202.0 0.2644548344135155
1203.0 0.2726617710294685
1204.0 0.28233458386270577
1205.0 0.2929087972277788
1206.0 0.3051856119849012
1207.0 0.31785071817507954
1208.0 0.3306608664682211
1209.0 0.3439096869579189
1210.0 0.3587499123066471
1211.0 0.37246107177754134
1212.0 0.38466152444409857
1213.0 0.39669420331183697
1214.0 0.4073749873272607
1215.0 0.4164047085101529
1216.0 0.42395565323614964
1217.0 0.43129583210460604
1218.0 0.4381411454302163
1219.0 0.44341921674978274
1220.0 0.4466887868315301
1221.0 0.4485319285991343
1222.0 0.45030703170409253
1223.0 0.4522346190873441
1224.0 0.4527354847642288
1225.0 0.4531536428174039
1226.0 0.4535056707582283
1227.0 0.4545419750868636
1228.0 0.4549653270694165
1229.0 0.4549110561007698
1230.0 0.45426268612127596
1231.0 0.4535426681705176
1232.0 0.4539575328347257
1233.0 0.45482430301838267
1234.0 0.455461199734005
1235.0 0.455425783421058
1236.0 0.4553356912625909
1237.0 0.45567959489921656
1238.0 0.4555946698799096
1239.0 0.4554004880265004
1240.0 0.455374106132441
1241.0 0.4560992270689959
1242.0 0.4570300390770262
1243.0 0.45749678348839695
1244.0 0.4577405612170085
1245.0 0.4570876895589848
1246.0 0.45714354814642905
1247.0 0.4568929448145764
1248.0 0.4571330813205319
1249.0 0.45768903473099076
1250.0 0.4584802799255304
1251.0 0.4587887615090308
1252.0 0.4588588011186891
1253.0 0.4592004242276903
1254.0 0.45881665585264086
1255.0 0.458802654304531
1256.0 0.4586819161092146
1257.0 0.4587329601172666
1258.0 0.4589581672669425
1259.0 0.4596420840203826
1260.0 0.46031500274001735
1261.0 0.4605789962692221
1262.0 0.46059069532735347
1263.0 0.46035416819781044
1264.0 0.4604686941986287
1265.0 0.4612083449614421
1266.0 0.46190898212355497
1267.0 0.46254511527273867
1268.0 0.46230064540614557
1269.0 0.4617447812310976
1270.0 0.461221171160969
1271.0 0.4615250775952441
1272.0 0.4616959572987648
1273.0 0.4617150945642764
1274.0 0.4618113724550645
1275.0 0.4620134415114936
1276.0 0.4621945944238648
1277.0 0.4625717037377907
1278.0 0.46252545707334636
1279.0 0.4617707237827406
1280.0 0.4610993297590548
1281.0 0.46159110140205456
1282.0 0.46217606248422166
1283.0 0.46281467444074437
1284.0 0.46301661403141803
1285.0 0.4632680539658671
1286.0 0.46277542897632085
1287.0 0.4621478833677117
1288.0 0.4618098706061417
1289.0 0.46173158411247067
1290.0 0.4614381393321166
1291.0 0.46116149146459967
1292.0 0.46154488506017827
1293.0 0.46180704012990376
1294.0 0.46146496747105437
1295.0 0.4602066076409253
1296.0 0.459155736915671
1297.0 0.4600857059610148
1298.0 0.46223458935398204
1299.0 0.46446041400556876
1300.0 0.46477220891821613
1301.0 0.4643901258115355
1302.0 0.46307204919204237
1303.0 0.4625966374212048
1304.0 0.46232649982916046
1305.0 0.4628608352060115
1306.0 0.4630060142641143
1307.0 0.4632868817828177
1308.0 0.4632713118016739
1309.0 0.46395715277576866
1310.0 0.4642465885580491
1311.0 0.46511204314708515
1312.0 0.46563823868927445
1313.0 0.46614284645564424
1314.0 0.4666787624698995
1315.0 0.4682209411093878
1316.0 0.4693713012122991
1317.0 0.46946780909718133
1318.0 0.4690699616895515
1319.0 0.4698392757423282
1320.0 0.47075009950661123
1321.0 0.4710645074070062
1322.0 0.4703501370711764
1323.0 0.4708565231374279
1324.0 0.4720716774403527
1325.0 0.47318446555312016
1326.0 0.4730903190089171
1327.0 0.4725306959002442
1328.0 0.47198094974876226
1329.0 0.47175568532121365
1330.0 0.47269027167381406
1331.0 0.4739157035623172
1332.0 0.47484968491536445
1333.0 0.4746351746067359
1334.0 0.47391883167134297
1335.0 0.473088536475505
1336.0 0.4733616681241165
1337.0 0.4745425774795665
1338.0 0.47533262653912156
1339.0 0.4755284041787355
1340.0 0.4758306501108239
1341.0 0.4764834013809251
1342.0 0.47721884974678963
1343.0 0.4775252644985055
1344.0 0.47745669638901317
1345.0 0.47724800145829466
1346.0 0.4773806984247206
1347.0 0.47798587238939605
1348.0 0.47945153567447596
1349.0 0.4804719406560645
1350.0 0.47995498704907535
1351.0 0.4789009979415865
1352.0 0.47845549451945263
1353.0 0.4788401987352915
1354.0 0.48046338967413277
1355.0 0.4814707574814854
1356.0 0.4813044183139819
1357.0 0.48111537884076117
1358.0 0.4817979735492465
1359.0 0.48145165187259087
1360.0 0.4802946651326784
1361.0 0.47964539769967995
1362.0 0.48045564669712887
1363.0 0.48161074923295993
1364.0 0.48245965739023555
1365.0 0.4820658514867915
1366.0 0.4810243133173564
1367.0 0.47894895470015053
1368.0 0.4776393419409671
1369.0 0.477385706477672
1370.0 0.478184609217261
1371.0 0.47834232482532746
1372.0 0.47731774304148156
1373.0 0.475205968972493
1374.0 0.47290330497907046
1375.0 0.47163703622428393
1376.0 0.47113516980865744
1377.0 0.4703866046343916
1378.0 0.46881110549196214
1379.0 0.46738922410477035
1380.0 0.4666046887793499
1381.0 0.4655040671311691
1382.0 0.4642780103261569
1383.0 0.4628767920040246
1384.0 0.4615141059229214
1385.0 0.46114529428790374
1386.0 0.4618592204443831
1387.0 0.46241239201321405
1388.0 0.4618425410209446
1389.0 0.46144987539421967
1390.0 0.46151263034766987
1391.0 0.4621425120256134
1392.0 0.4621835743553323
1393.0 0.46318273511188135
1394.0 0.4646323023111966
1395.0 0.4661189235757332
1396.0 0.46607817411288366
1397.0 0.46631979861593054
1398.0 0.467151062323693
1399.0 0.46810327901637916
1400.0 0.4688950838407342
1401.0 0.4699582117124035
1402.0 0.47087890346102257
1403.0 0.47141226814663384
1404.0 0.4721518760444906
1405.0 0.4726747151424128
1406.0 0.4723514276174671
1407.0 0.47260612600838325
1408.0 0.47373835035237644
1409.0 0.4751305213139258
1410.0 0.47595251020820406
1411.0 0.47725688375397124
1412.0 0.47878900207098885
1413.0 0.479810964419763
1414.0 0.48028554690668596
1415.0 0.4800346646185327
1416.0 0.48070113178914603
1417.0 0.48226894752667004
1418.0 0.48359838052739
1419.0 0.4837585496192085
1420.0 0.4827350093296469
1421.0 0.4820798770339239
1422.0 0.48074762047300473
1423.0 0.47963857911975444
1424.0 0.47757951523590025
1425.0 0.4756075160610589
1426.0 0.4734038829697985
1427.0 0.4706915372427636
1428.0 0.4667629589275536
1429.0 0.46215715738670915
1430.0 0.457787608475387
1431.0 0.45233079244261626
1432.0 0.4461302321534035
1433.0 0.4399993112461881
1434.0 0.43363827845303027
1435.0 0.42652952758560114
1436.0 0.41824269545179643
1437.0 0.4114086172890587
1438.0 0.40308755713218014
1439.0 0.39361857367351843
1440.0 0.3828255170355747
1441.0 0.3738084675416621
1442.0 0.36517059624410575
1443.0 0.3554854353198927
1444.0 0.3451849524152179
1445.0 0.3351781515181849
1446.0 0.32535956911642094
1447.0 0.3167170747532458
1448.0 0.3089484199271858
1449.0 0.30258654340256047
1450.0 0.29617145634987546
1451.0 0.29097268360952533
1452.0 0.2863073317527761
1453.0 0.28221737576233413
1454.0 0.2798331133828
1455.0 0.27938564670972854
1456.0 0.2806110935997508
1457.0 0.2823974154311625
1458.0 0.2859114260298165
1459.0 0.2912794013373792
1460.0 0.2982710477690061
1461.0 0.3059058618287527
1462.0 0.3140999960422434
1463.0 0.3238231159352302
1464.0 0.33484221464172936
1465.0 0.34849705014548643
1466.0 0.3619906412999928
1467.0 0.3757751437866777
1468.0 0.38693848535784137
1469.0 0.3990035376161969
1470.0 0.4110148090548265
1471.0 0.42377135556892953
1472.0 0.4368303132748537
1473.0 0.4486182699214689
1474.0 0.4600860750373349
1475.0 0.4686524483252263
1476.0 0.47736275953122587
1477.0 0.4835664973399342
1478.0 0.4892601730122772
1479.0 0.49374328183530625
1480.0 0.4987218032491937
1481.0 0.5024166605222897
1482.0 0.5054466050638692
1483.0 0.5081204594119686
1484.0 0.5103866065520396
1485.0 0.5106217679379624
1486.0 0.5105780490511946
1487.0 0.5098360637141166
1488.0 0.510490102448879
1489.0 0.5113258815283874
1490.0 0.5130007173286308
1491.0 0.513782651162826
1492.0 0.5139422159391267
1493.0 0.5133850213683405
1494.0 0.512074093140154
1495.0 0.5112784443495914
1496.0 0.5108504223325793
1497.0 0.5121850368151377
1498.0 0.5128788835044568
1499.0 0.5136494085947282
1500.0 0.5131453417851016
1501.0 0.5131804015610353
1502.0 0.5130986177729817
1503.0 0.5128625221227817
1504.0 0.5129228196381801
1505.0 0.5141284783710712
1506.0 0.5157662820923871
1507.0 0.5159772339027542
1508.0 0.5165334344606552
1509.0 0.5170858652492731
1510.0 0.5170917486917217
1511.0 0.5172384047804625
1512.0 0.5175652912678906
1513.0 0.5183825197356926
1514.0 0.519170578336354
1515.0 0.5199564859247755
1516.0 0.5207619640066814
1517.0 0.5212225285153338
1518.0 0.5210994504413033
1519.0 0.5196316910397726
1520.0 0.518882005235553
1521.0 0.5186848969448009
1522.0 0.5193193159949165
1523.0 0.521132621783079
1524.0 0.5224405784958319
1525.0 0.5221532360987162
1526.0 0.5220013059055445
1527.0 0.5220929817954675
1528.0 0.5234779410947489
1529.0 0.523762822398184
1530.0 0.524627714430745
1531.0 0.5246307270850948
1532.0 0.5255224093573331
1533.0 0.5255934776157556
1534.0 0.5250746945400228
1535.0 0.5247767863622377
1536.0 0.5246393228379647
1537.0 0.5252066109096106
1538.0 0.5262579810783385
1539.0 0.5272561547989801
1540.0 0.5273585632442727
1541.0 0.5269964400744815
1542.0 0.5264843399830763
1543.0 0.5248881843919843
1544.0 0.5239807199067278
1545.0 0.5237361389522551
1546.0 0.5253766967565399
1547.0 0.5257537046020186
1548.0 0.526423482293066
1549.0 0.5262257166965744
1550.0 0.5259307423369287
1551.0 0.5251037133568921
1552.0 0.5251982675209724
1553.0 0.5260627545858809
1554.0 0.5264636173036776
1555.0 0.5276336679898529
1556.0 0.5286112057537121
1557.0 0.5283706476602024
1558.0 0.526851278053675
1559.0 0.5255831186505977
1560.0 0.5257183855354656
1561.0 0.5264426875689476
1562.0 0.5271849575485914
1563.0 0.5279704984316989
1564.0 0.5291814352978459
1565.0 0.5291440921222723
1566.0 0.5271771968168917
1567.0 0.5258153315690535
1568.0 0.525377340492054
1569.0 0.5256912796563227
1570.0 0.5259241321532205
1571.0 0.5263447442864966
1572.0 0.5272102654945214
1573.0 0.5272845825463908
1574.0 0.5267356633870977
1575.0 0.52565354683736
1576.0 0.5254898144156043
1577.0 0.5257097494347807
1578.0 0.5262725072597167
1579.0 0.5272691461848132
1580.0 0.5282418574789097
1581.0 0.5288830402513116
1582.0 0.5267066593079079
1583.0 0.5251932140855157
1584.0 0.525385416561127
1585.0 0.5267599652956025
1586.0 0.5258704621970983
1587.0 0.5251044980149017
1588.0 0.525222477846004
1589.0 0.5246572671733802
1590.0 0.5241016954496048
1591.0 0.5229238478211822
1592.0 0.523130626588868
1593.0 0.5234081378348259
1594.0 0.5238193806898085
1595.0 0.5238605188826699
1596.0 0.5239920867092817
1597.0 0.5249868966437645
1598.0 0.5242881107986043
1599.0 0.5237410934749921
1600.0 0.5232912071973816
1601.0 0.5237937648598189
1602.0 0.5252352452577108
1603.0 0.5274167012127251
1604.0 0.5295952750562704
1605.0 0.5286985615349368
1606.0 0.5275776104972199
1607.0 0.5264119632816578
1608.0 0.5261606268224113
1609.0 0.5264818146782828
1610.0 0.5275276246026197
1611.0 0.5282441661792546
1612.0 0.527287834638181
1613.0 0.5276715094316335
1614.0 0.5286802282097626
1615.0 0.5287402420434595
1616.0 0.5271956153610068
1617.0 0.5266131555348056
1618.0 0.5275880514364335
1619.0 0.5293180628078547
1620.0 0.5304366146144052
1621.0 0.5306304826947119
1622.0 0.5294880359896958
1623.0 0.5285731357410774
1624.0 0.5278451206978
1625.0 0.5294733980262445
1626.0 0.5317548226788233
1627.0 0.5336859393756044
1628.0 0.5335851683632122
1629.0 0.5347729801451553
1630.0 0.5346587504389916
1631.0 0.5321896667706373
1632.0 0.5303763198553304
1633.0 0.5306906535470329
1634.0 0.5323037470304306
1635.0 0.5332986648149871
1636.0 0.5351137812652269
1637.0 0.5347844902230134
1638.0 0.5340681160504487
1639.0 0.5326694264094421
1640.0 0.5328427670587005
1641.0 0.5337231148993454
1642.0 0.5346257157082287
1643.0 0.534023196574654
1644.0 0.5339031055854094
1645.0 0.5335389815498197
1646.0 0.5335104138952336
1647.0 0.532937406608714
1648.0 0.5330505385573154
1649.0 0.5320118634323119
1650.0 0.532443077015777
1651.0 0.5337451867376248
1652.0 0.5353150937249548
1653.0 0.5350837569555771
1654.0 0.5336619647975539
1655.0 0.5329132512530953
1656.0 0.5324171138024005
1657.0 0.5321736461285999
1658.0 0.5319906997150246
1659.0 0.5329192496036187
1660.0 0.5334742920267359
1661.0 0.532804626878122
1662.0 0.5318394544177005
1663.0 0.5313693392668997
1664.0 0.5298642723903232
1665.0 0.5288953557413242
1666.0 0.5285440384169332
1667.0 0.529186172230332
1668.0 0.5284628668829103
1669.0 0.5277474332988494
1670.0 0.5255662359966312
1671.0 0.5234016934441941
1672.0 0.5210127452577054
1673.0 0.5212859649863762
1674.0 0.5234681160181252
1675.0 0.5256143217469141
1676.0 0.5271225655333591
1677.0 0.5275276887895376
1678.0 0.5277278237012717
1679.0 0.5284147320663253
1680.0 0.530678201374927
1681.0 0.5310788671483081
1682.0 0.5305214477804069
1683.0 0.5316970481512368
1684.0 0.5336450478041173
1685.0 0.5359057418012517
1686.0 0.5362172411683741
1687.0 0.5355450278356328
1688.0 0.5347237821624875
1689.0 0.5357792678988225
1690.0 0.5355947848859466
1691.0 0.5363057593519376
1692.0 0.5370740943706973
1693.0 0.5385297719273504
1694.0 0.5379675291828617
1695.0 0.5375845456112585
1696.0 0.5357196956036412
1697.0 0.5357663415046369
1698.0 0.5354196926535175
1699.0 0.5358121753446171
1700.0 0.5362310918432973
1701.0 0.537624231925665
1702.0 0.5373122634589867
1703.0 0.5354198288067886
1704.0 0.5333018056845977
1705.0 0.5320788051800663
1706.0 0.5322519632663997
1707.0 0.532482362218723
1708.0 0.5324910074583855
1709.0 0.5323576741323116
1710.0 0.531412831961544
1711.0 0.5307282225085399
1712.0 0.5294996753361054
1713.0 0.528124773126244
1714.0 0.5272731988203397
1715.0 0.527686662553458
1716.0 0.5286226595084965
1717.0 0.5289530926585586
1718.0 0.5305703964832701
1719.0 0.5306797881682319
1720.0 0.5303796262793369
1721.0 0.5290362313652932
1722.0 0.5302646224865911
1723.0 0.5313927344966656
1724.0 0.5323733481094755
1725.0 0.5338493402324338
1726.0 0.5359114629984448
1727.0 0.5374366005778273
1728.0 0.5357478893903361
1729.0 0.5342434776452715
1730.0 0.5328784913675205
1731.0 0.533595146867258
1732.0 0.5342852693806016
1733.0 0.5351031727911377
1734.0 0.5352506542446964
1735.0 0.5346840753727695
1736.0 0.5343471727752463
1737.0 0.5343709940206675
1738.0 0.5351629834269322
1739.0 0.535777653897139
1740.0 0.5364659002018912
1741.0 0.5366497990319141
1742.0 0.5371754647866909
1743.0 0.5383626128776474
1744.0 0.5381392424677146
1745.0 0.5373856591176749
1746.0 0.5366770177753538
1747.0 0.5367341161521737
1748.0 0.5369197492528829
1749.0 0.5382244468643673
1750.0 0.5404272623109112
1751.0 0.5408425051956146
1752.0 0.5394882505031782
1753.0 0.5384885210046082
1754.0 0.5378396193894093
1755.0 0.5383914665446125
1756.0 0.5388161960405006
1757.0 0.5398920963267285
1758.0 0.5392491000497134
1759.0 0.5395026168054656
1760.0 0.5393362030754814
1761.0 0.5383200122595293
1762.0 0.5367046475663282
1763.0 0.5364529685849004
1764.0 0.53740257134294
1765.0 0.5385870477662568
1766.0 0.5393798859982042
1767.0 0.5396125474218899
1768.0 0.5379951975510516
1769.0 0.5367785745367266
1770.0 0.5354891676403105
1771.0 0.5360956225774154
1772.0 0.5362181497705315
1773.0 0.535601139919888
1774.0 0.5361707228821644
1775.0 0.5388003913084751
1776.0 0.5441565112260317
1777.0 0.5420342095729526
1778.0 0.5377832328094364
1779.0 0.5342709269332954
1780.0 0.5368711407095239
1781.0 0.5383186173527705
1782.0 0.5399921098518061
1783.0 0.5414093741012292
1784.0 0.541527994643386
1785.0 0.5402767033789997
1786.0 0.5395755992246325
1787.0 0.5400841891876866
1788.0 0.541073202515846
1789.0 0.5421558850287751
1790.0 0.5428332104364153
1791.0 0.5429936400011939
1792.0 0.5423132282927074
1793.0 0.540926334908464
1794.0 0.5401399677469699
1795.0 0.5401053102450435
1796.0 0.5394096398121538
1797.0 0.5394432624792591
1798.0 0.540609305436805
1799.0 0.5426154469359246
1800.0 0.5427012668297013
1801.0 0.5425516321746678
1802.0 0.5422458101623531
1803.0 0.5418925684861913
1804.0 0.5418656723789217
1805.0 0.5422765926230945
1806.0 0.5437101075601917
1807.0 0.5440657836910611
1808.0 0.5443897906598402
1809.0 0.5439665428986166
1810.0 0.543791233744976
1811.0 0.5434974095439655
1812.0 0.5435980654715739
1813.0 0.5446525101040696
1814.0 0.5462990809504936
1815.0 0.547362968987609
1816.0 0.5471393021455601
1817.0 0.5465877581616467
1818.0 0.545312485734275
1819.0 0.5434658489611328
1820.0 0.5422158202986427
1821.0 0.542205231975017
1822.0 0.5431543870590784
1823.0 0.543596822220515
1824.0 0.543891290948505
1825.0 0.5434578437576488
1826.0 0.5427253156304511
1827.0 0.5417025342802334
1828.0 0.5414733897012081
1829.0 0.5413196705085849
1830.0 0.5418736693202766
1831.0 0.5429000610349884
1832.0 0.5443673975093536
1833.0 0.5440912534411662
1834.0 0.5430934001545871
1835.0 0.5426526259683304
1836.0 0.5427182152545204
1837.0 0.5428775764296793
1838.0 0.5436275935836257
1839.0 0.5459442838593553
1840.0 0.5463108410480301
1841.0 0.5451694620420793
1842.0 0.5430951587241297
1843.0 0.541964048333111
1844.0 0.5417583411482587
1845.0 0.5428550462758274
1846.0 0.5443669269775521
1847.0 0.5449169716751889
1848.0 0.5450829822141856
1849.0 0.5441184446033152
1850.0 0.5431127158990161
1851.0 0.5419116833930573
1852.0 0.5415136545796474
1853.0 0.5418681606292889
1854.0 0.5428693992110144
1855.0 0.543889659563016
1856.0 0.5435648784350375
1857.0 0.542500977086987
1858.0 0.5411248128503828
1859.0 0.5407781369622644
1860.0 0.5407091032143128
1861.0 0.5404704364839163
1862.0 0.5414624457947896
1863.0 0.5428073224416898
1864.0 0.5444362960635313
1865.0 0.5442657972355323
1866.0 0.5429582328291703
1867.0 0.5411899575773482
1868.0 0.5410213282968863
1869.0 0.5430039139978531
1870.0 0.5438643931186958
1871.0 0.5443026075931895
1872.0 0.5440073889594098
1873.0 0.5453249266522991
1874.0 0.5456797976347676
1875.0 0.5456458625503161
1876.0 0.5449709188708145
1877.0 0.5454104438933431
1878.0 0.5461031547200617
1879.0 0.5470206981025814
1880.0 0.5476508993449501
1881.0 0.5466355852129223
1882.0 0.544340837103414
1883.0 0.5425471198112809
1884.0 0.5419574204162214
1885.0 0.5427272046840265
1886.0 0.5436444106789047
1887.0 0.5445266382608962
1888.0 0.5442144201113811
1889.0 0.5438200829132922
1890.0 0.5427210663524227
1891.0 0.5414994138059688
1892.0 0.541168364594076
1893.0 0.540999083404192
1894.0 0.5410689187285108
1895.0 0.5415878229044977
1896.0 0.5428368148051756
1897.0 0.5436974391556028
1898.0 0.5427126608324713
1899.0 0.5414343991474013
1900.0 0.5405420329355792
1901.0 0.5415944595445152
1902.0 0.5420836016072637
1903.0 0.5421806775682716
1904.0 0.5423564865826307
1905.0 0.5423764049431634
1906.0 0.541382948365562
1907.0 0.5398951641623256
1908.0 0.5398687937292019
1909.0 0.5409462921580039
1910.0 0.5423659066658981
1911.0 0.5436047841699938
1912.0 0.5436880968115815
1913.0 0.5439112089514635
1914.0 0.5430608317004155
1915.0 0.5419363378911414
1916.0 0.5402575023287556
1917.0 0.5399556009795616
1918.0 0.5413116602544245
1919.0 0.5420304833759817
1920.0 0.5424107701664614
1921.0 0.5415786477236918
1922.0 0.5414211087891205
1923.0 0.5404939386048532
1924.0 0.5395178880701655
1925.0 0.5384048273963488
1926.0 0.538055710516373
1927.0 0.5386217604519611
1928.0 0.5389901896029141
1929.0 0.5389914355555939
1930.0 0.5383471675187351
1931.0 0.5372687941951491
1932.0 0.5356164464830326
1933.0 0.5339531895026551
1934.0 0.5344801139944755
1935.0 0.5357342698649832
1936.0 0.5370397204024855
1937.0 0.5367891556957938
1938.0 0.5370222333917699
1939.0 0.536455084536351
1940.0 0.5361377586635925
1941.0 0.5359365313507382
1942.0 0.5367067204888122
1943.0 0.5383695850347945
1944.0 0.539807957869507
1945.0 0.540985668434114
1946.0 0.5413007816635846
1947.0 0.5408341829011301
1948.0 0.5394416171056775
1949.0 0.5383137830484709
1950.0 0.5387743434272381
1951.0 0.5402044888024821
1952.0 0.5413291986711626
1953.0 0.5413213888731503
1954.0 0.5412106355175327
1955.0 0.5409586478420525
1956.0 0.5405524098335555
1957.0 0.54027446824869
1958.0 0.5402757011529251
1959.0 0.5403070392780809
1960.0 0.540704364109757
1961.0 0.5407853128680296
1962.0 0.5411576418503015
1963.0 0.5408721823025235
1964.0 0.540625684880512
1965.0 0.5397077799280201
1966.0 0.5401929828927584
1967.0 0.5414238814469926
1968.0 0.541642018400736
1969.0 0.54107938828795
1970.0 0.5399309955258293
1971.0 0.5400481554702803
1972.0 0.5395992607255498
1973.0 0.5398102419844645
1974.0 0.5393813808920366
1975.0 0.5397533120092509
1976.0 0.5402013559603087
1977.0 0.5406563337570089
1978.0 0.5414074604739496
1979.0 0.5416467962707592
1980.0 0.5415143771090097
1981.0 0.5406365315426954
1982.0 0.5404741263983893
1983.0 0.5408694342430724
1984.0 0.5412347064840848
1985.0 0.5420435072644193
1986.0 0.5425922664811157
1987.0 0.5434522627159609
1988.0 0.5430091339681686
1989.0 0.5426882703119065
1990.0 0.5421206325072012
1991.0 0.5423537888311155
1992.0 0.5424312183496773
1993.0 0.5415836115003869
1994.0 0.5400124237116718
1995.0 0.5371046110747433
1996.0 0.5339443136946392
1997.0 0.5309979803442137
1998.0 0.5329345075343678
1999.0 0.5356198183292409
2000.0 0.537405885748688
2001.0 0.5374054088744602
2001.9999999999998 0.5374376825852117
2003.0 0.5371425759854093
2004.0 0.5364899868778601
2005.0 0.5371073576789006
2005.9999999999998 0.537419279458329
2007.0000000000002 0.538749508816459
2008.0 0.5390594447626389
2009.0 0.5388456148226168
2009.9999999999998 0.5381546485307577
2011.0000000000002 0.5371688070233379
2012.0 0.5368600179732921
2013.0 0.5371367676877775
2013.9999999999998 0.5379452187549173
2015.0000000000002 0.5374513299524747
2016.0 0.5370194010071896
2017.0 0.5372644315530186
2017.9999999999998 0.5374207445515639
2019.0000000000002 0.5367066475605682
2020.0 0.5352770720462935
2021.0 0.5354331272038254
2021.9999999999998 0.5372228062837581
2023.0000000000002 0.538270228284161
2024.0 0.5374168564730802
2025.0 0.5358494571493123
2025.9999999999998 0.5357026642496204
2027.0000000000002 0.5352416762518388
2028.0 0.5348706616184944
2029.0 0.5341667531226575
2029.9999999999998 0.5352166725933488
2031.0000000000002 0.5366511118349536
2032.0 0.5371774787377289
2033.0 0.5362435368833248
2033.9999999999998 0.5353478677624305
2035.0000000000002 0.5354363102648357
2036.0 0.5353614568827599
2037.0 0.5350477165460836
2037.9999999999998 0.5350538222779582
2039.0000000000002 0.5346696296852002
2040.0 0.533584469782941
2041.0 0.532196200584221
2041.9999999999998 0.5316054536387353
2043.0000000000002 0.5316885986127611
2044.0 0.5315494798071294
2045.0 0.531327896115406
2045.9999999999998 0.5306553300379869
2047.0000000000002 0.5308845551483665
2048.0 0.5307273427784903
2049.0 0.5304247525292125
2050.0 0.5300293559799196
2051.0 0.5293089450820383
2052.0 0.5284679456064879
2053.0 0.5272631109566314
2054.0 0.5280871608821662
2055.0 0.5286282036252411
2056.0 0.5297140916002164
2057.0 0.5300721451863853
2058.0 0.5312757666750808
2059.0 0.5317413227067481
2060.0 0.5310082442992864
2061.0 0.5304856331452331
2062.0 0.5304734534114474
2063.0 0.5321090240464337
2064.0 0.5323485883029125
2065.0 0.5320849837614245
2066.0 0.531553734430813
2067.0 0.5307626965484844
2068.0 0.5307979740836829
2069.0 0.530503169270254
2070.0 0.5317333212930441
2071.0 0.5327507495992989
2072.0 0.5347438512722956
2073.0 0.5353372735736243
2074.0 0.535649380976368
2075.0 0.5367233655639819
2076.0 0.5368195767572783
2077.0 0.5356955288023277
2078.0 0.5338938061409542
2079.0 0.5346716783458751
2080.0 0.5364881951888923
2081.0 0.5376285852046565
2082.0 0.5379979875019738
2083.0 0.5379812524377184
2084.0 0.5387307911677867
2085.0 0.5378261192188325
2086.0 0.5383861201402065
2087.0 0.5385380339819972
2088.0 0.5398189960474588
2089.0 0.5383178417008827
2090.0 0.5364238843375929
2091.0 0.5351612103704063
2092.0 0.5358386938765642
2093.0 0.5369873638110239
2094.0 0.5362309791286779
2095.0 0.5349318130147962
2096.0 0.5344778346813862
2097.0 0.5358833738333338
2098.0 0.5371411168239482
2099.0 0.5370110299271539
2100.0 0.5361080581420729
2101.0 0.5356540246715376
2102.0 0.5353873578574357
2103.0 0.5347954440624947
2104.0 0.534291516803524
2105.0 0.5352013060086687
2106.0 0.5358016719318712
2107.0 0.535787164439211
2108.0 0.5354571050723972
2109.0 0.5360001426697475
2110.0 0.5366799341572172
2111.0 0.535719425935162
2112.0 0.5345192907146786
2113.0 0.5347755786784913
2114.0 0.5359635684885754
2115.0 0.5356063953869926
2116.0 0.535103313947072
2117.0 0.5351210696118175
2118.0 0.5356646236333151
2119.0 0.5363853502930094
2120.0 0.5372164727034394
2121.0 0.537948011543657
2122.0 0.5377337763248198
2123.0 0.5367802172270039
2124.0 0.5363636607220484
2125.0 0.5374547673476365
2126.0 0.5388566385824765
2127.0 0.5379820808468516
2128.0 0.5365600957592495
2129.0 0.5357692578188732
2130.0 0.5369055203697052
2131.0 0.5378733146518281
2132.0 0.5375230551087351
2133.0 0.5364652555290881
2134.0 0.5349047946078427
2135.0 0.5347524684238971
2136.0 0.5342147154160741
2137.0 0.5336361814205656
2138.0 0.5322250993498256
2139.0 0.5308426725164236
2140.0 0.5292984114481595
2141.0 0.5282289028861605
2142.0 0.528622977600855
2143.0 0.5284036138137161
2144.0 0.5280033586771913
2145.0 0.526796226611843
2146.0 0.5266689263532409
2147.0 0.5267936339526536
2148.0 0.527111013909666
2149.0 0.5272658893154893
2150.0 0.5267331102124793
2151.0 0.5257041995240709
2152.0 0.5240336359128925
2153.0 0.5230983592374623
2154.0 0.5227376936608186
2155.0 0.5229042192814637
2156.0 0.5234502405897814
2157.0 0.522361724338169
2158.0 0.5214050679402781
2159.0 0.5217041563160459
2160.0 0.5225149222292136
2161.0 0.5219821566591137
2162.0 0.5207626853502842
2163.0 0.520619451808753
2164.0 0.5194202569425815
2165.0 0.5176956705538618
2166.0 0.5160281050694916
2167.0 0.5161090926666277
2168.0 0.5163891452472315
2169.0 0.5153139589216253
2170.0 0.514231253509104
2171.0 0.5135381276955366
2172.0 0.5136734435036401
2173.0 0.5133542857039106
2174.0 0.5132493099261743
2175.0 0.5122489702695266
2176.0 0.5098712372894677
2177.0 0.5070729200465225
2178.0 0.5042708650587274
2179.0 0.5023503772056483
2180.0 0.5002406857271792
2181.0 0.4986633604145739
2182.0 0.49759413173649614
2183.0 0.49620253876394566
2184.0 0.4935188758307946
2185.0 0.4897453512892594
2186.0 0.4868315803008894
2187.0 0.4834314373868361
2188.0 0.48187119775284437
2189.0 0.47879086157404227
2190.0 0.4771971893381449
2191.0 0.4734615354434587
2192.0 0.4712734462894043
2193.0 0.4676180048195425
2194.0 0.4649787004735832
2195.0 0.46117406109235176
2196.0 0.4584035302326181
2197.0 0.45515199385159766
2198.0 0.4513138083299197
2199.0 0.44712641413597254
2200.0 0.44423336639784544
2201.0 0.44046555634949114
2202.0 0.43609848056662887
2203.0 0.43120613775785643
2204.0 0.42758400588043416
2205.0 0.4248840463699586
2206.0 0.42303611941145813
2207.0 0.42085325251898725
2208.0 0.4180903500422715
2209.0 0.41497669155352135
2210.0 0.4122836562449487
2211.0 0.4109720665508554
2212.0 0.4109597687103779
2213.0 0.41107475425521106
2214.0 0.41056821925185444
2215.0 0.4095655191860764
2216.0 0.40972650456694415
2217.0 0.4108459005849817
2218.0 0.4121972307531061
2219.0 0.4129199405834706
2220.0 0.4139523805529069
2221.0 0.4153637165023543
2222.0 0.41628918721834374
2223.0 0.418058891530549
2224.0 0.41987720217046315
2225.0 0.421155652558508
2226.0 0.42120722368521063
2227.0 0.42158525772278393
2228.0 0.4222772917354436
2229.0 0.4235687886385776
2230.0 0.42505659526538664
2231.0 0.42575745581590385
2232.0 0.4261170703529371
2233.0 0.42702237379039487
2234.0 0.4281371105720513
2235.0 0.4289572254718228
2236.0 0.42964998309773245
2237.0 0.4300123148778879
2238.0 0.4302347621825405
2239.0 0.4313702490004137
2240.0 0.43269338414535646
2241.0 0.432307867500742
2242.0 0.43088138206652904
2243.0 0.4302497351462631
2244.0 0.4315360382835441
2245.0 0.4333053086950984
2246.0 0.4346508343965262
2247.0 0.4348170540650707
2248.0 0.43359913650764426
2249.0 0.43323728100101166
2250.0 0.4336276532749942
2251.0 0.4348997559207013
2252.0 0.4347261169370364
2253.0 0.43413648598368854
2254.0 0.4337610506726493
2255.0 0.43434831760280657
2256.0 0.43537382379535994
2257.0 0.4352492247742269
2258.0 0.4351359063134422
2259.0 0.4350151835627152
2260.0 0.43539799764980525
2261.0 0.4355054459420574
2262.0 0.4363869486993265
2263.0 0.4365096631356745
2264.0 0.4358811001967331
2265.0 0.43521711407906716
2266.0 0.4360946486180152
2267.0 0.43704362300274824
2268.0 0.4379129504684127
2269.0 0.4393365842321899
2270.0 0.4418822260680654
2271.0 0.444688032822001
2272.0 0.4477160427573921
2273.0 0.4496844840615374
2274.0 0.4511281870104746
2275.0 0.4525952090809545
2276.0 0.45469087057194185
2277.0 0.45683994083909235
2278.0 0.4584120074803707
2279.0 0.45980606445323036
2280.0 0.4605165693323112
2281.0 0.461536770833174
2282.0 0.46342608937409857
2283.0 0.466374812994271
2284.0 0.4688527135320994
2285.0 0.46947717153304946
2286.0 0.47004449164673995
2287.0 0.4711386557129145
2288.0 0.4730825784876137
2289.0 0.4745765802318092
2290.0 0.4757465761558851
2291.0 0.4761020977348419
2292.0 0.4762633745900773
2293.0 0.4774512785414126
2294.0 0.4797087224873938
2295.0 0.4819088930001346
2296.0 0.48245144347124475
2297.0 0.48264974254334403
2298.0 0.48315034355589903
2299.0 0.48513339293395946
2300.0 0.48717606942482866
2301.0 0.48789468919461376
2302.0 0.488173275875687
2303.0 0.48937022057138124
2304.0 0.4924315671510003
2305.0 0.4955082147305426
2306.0 0.4979670503226159
2307.0 0.49925177292287004
2308.0 0.5013750831110939
2309.0 0.5046629175881835
2310.0 0.5073742248148841
2311.0 0.5094255427504417
2312.0 0.5110969901809238
2313.0 0.5114338953501384
2314.0 0.511072037976906
2315.0 0.5109573262295534
2316.0 0.513181193053235
2317.0 0.5151671985464533
2318.0 0.5163909961788299
2319.0 0.5164373177647513
2320.0 0.5167642486036144
2321.0 0.5176583061696207
2322.0 0.5196873778674339
2323.0 0.5212398947801347
2324.0 0.520860871587707
2325.0 0.520228720214505
2326.0 0.5203806926985769
2327.0 0.520523387981571
2328.0 0.521829255215128
2329.0 0.522426559820501
2330.0 0.5228961408414304
2331.0 0.5218031448570282
2332.0 0.523473741377081
2333.0 0.5259208263178644
2334.0 0.5272609699687022
2335.0 0.5264827054286835
2336.0 0.5258395673533521
2337.0 0.5259136855961145
2338.0 0.5262147001244806
2339.0 0.5267639175848584
2340.0 0.5265951163291753
2341.0 0.5263554459021696
2342.0 0.5263111848455931
2343.0 0.5260172373308424
2344.0 0.5265510875019356
2345.0 0.5261026028477988
2346.0 0.5262448634546452
2347.0 0.5262794782107245
2348.0 0.5280043459948834
2349.0 0.5298384129088904
2350.0 0.5306596581783196
2351.0 0.5313369056854695
2352.0 0.5311758226993136
2353.0 0.5322552353791875
2354.0 0.5331230952368586
2355.0 0.5346853011134785
2356.0 0.5357333290721701
2357.0 0.53612193413461
2358.0 0.536918422596076
2359.0 0.5378432597941258
2360.0 0.5397737208039136
2361.0 0.5396920367003515
2362.0 0.5392814164204236
2363.0 0.5377478972922047
2364.0 0.5376409487653196
2365.0 0.5387500057230437
2366.0 0.5399522008800629
2367.0 0.5409148047275951
2368.0 0.540664018890909
2369.0 0.5401213556575362
2370.0 0.5399891995613696
2371.0 0.5406641572587696
2372.0 0.5413681111379178
2373.0 0.5404896342486062
2374.0 0.5397967832310758
2375.0 0.5399084477277858
2376.0 0.5410266293119951
2377.0 0.5408811258809042
2378.0 0.5406831549570381
2379.0 0.539829157580562
2380.0 0.5385042127436622
2381.0 0.0
2381.9999999999995 0.0
