# source: https://jwst-docs.stsci.edu/jwst-near-infrared-camera/nircam-instrumentation/nircam-filters 
# Wavelength(nm) Transmission(0-1)
1598.5000000000002 0.0
1599.5000000000002 0.0
1600.5 5.748864555424689e-07
1601.5 8.373044706765949e-07
1602.5 4.970186493065969e-07
1603.5 1.0846930267085565e-06
1604.5 2.140981894770083e-06
1605.5 4.140257115050583e-08
1606.5 1.0069043487105304e-06
1607.5 1.4642728628832634e-06
1608.5 3.218197609429665e-07
1609.5 1.445747289867894e-06
1610.5 1.4191245532907495e-06
1611.5 1.14138291859285e-06
1612.5 3.079569119557848e-06
1613.5 1.316628687418243e-06
1614.5 2.336287687567213e-06
1615.5 1.3450975061486944e-06
1616.5 2.6973659695071406e-06
1617.5 2.7051878464937704e-06
1618.5 2.738515411909048e-06
1619.5 1.2109732929127975e-06
1620.5 3.114883128105014e-06
1621.5 1.5125420695590688e-06
1622.5 3.4059034941625893e-06
1623.5 4.2585497172672844e-06
1624.5 4.014921919027173e-06
1625.5 5.7960032843747025e-06
1626.5 5.695408540572125e-06
1627.5 4.42244479908922e-06
1628.5 6.864377540234546e-06
1629.5 8.50698569324213e-06
1630.5 8.673472043146551e-06
1631.5 9.409576839171326e-06
1632.5 8.16707917048158e-06
1633.5 1.0652935503374262e-05
1634.5 9.769660635418573e-06
1635.5 1.2397232614895968e-05
1636.5 1.2788313691446185e-05
1637.5 1.3862211015928969e-05
1638.5 1.5821333305580364e-05
1639.5 1.6918927947016885e-05
1640.5 1.4973063852706746e-05
1641.5 1.9065045587361625e-05
1642.5 1.887735766794707e-05
1643.5 2.1704686802430575e-05
1644.5 2.2834440901160317e-05
1645.5 2.5593274566585665e-05
1646.5 2.6790333772638803e-05
1647.5 2.7714431630935898e-05
1648.5 2.7789091413373064e-05
1649.5 3.0395070436534612e-05
1650.5 3.14425835146456e-05
1651.5 3.435675474789341e-05
1652.5 3.7018969704467945e-05
1653.5 4.228909936658266e-05
1654.5 4.5899642779470725e-05
1655.5 4.507836775042635e-05
1656.5 4.9941194906766957e-05
1657.5 5.843488259963568e-05
1658.5 6.304184475047519e-05
1659.5 6.933969179835417e-05
1660.5 7.899043549661719e-05
1661.5 8.801526721061533e-05
1662.5 9.974341270622489e-05
1663.5 0.00011407481262448296
1664.5 0.000129660228247099
1665.5 0.0001504957249224908
1666.5 0.0001710395154489047
1667.5 0.0002029169223729025
1668.5 0.00023272058761922895
1669.5 0.0002676999583164471
1670.5 0.0003096751788447701
1671.5 0.0003539349476681097
1672.5 0.00040465007761556404
1673.5 0.00045983829122890136
1674.5 0.0005297274793951997
1675.5 0.0006083132078751729
1676.5 0.0006903531638093945
1677.5 0.0007769037815101591
1678.5 0.0008538153772877122
1679.5 0.000973511877807871
1680.5 0.0010920296847506319
1681.5 0.0012243119144764846
1682.5 0.001366916018872015
1683.5 0.0015107717677897998
1684.5 0.001680868908879001
1685.5 0.0018424941159809142
1686.5 0.0020620017985472075
1687.5 0.002264363406757532
1688.5 0.0024996546063558367
1689.5 0.0028384831999626555
1690.5 0.0031183281563010165
1691.5 0.0035210070758080283
1692.5 0.003924747504324085
1693.5 0.004465340255908007
1694.5 0.005133346714573504
1695.5 0.005756636220860524
1696.5 0.006714867601357994
1697.5 0.008034759754676157
1698.5 0.009502372865528378
1699.5 0.011521915652909614
1700.5 0.013445833751161193
1701.5 0.01633797121754295
1702.5 0.019876298841652706
1703.5 0.023604094027731986
1704.5 0.026575423835728716
1705.5 0.029192280946357705
1706.5 0.032496309178937144
1707.5 0.03573051599891234
1708.5 0.0402870869489185
1709.5 0.046204269799259116
1710.5 0.04974217614289693
1711.5 0.05847329824346176
1712.5 0.06530518776256783
1713.5 0.07716842955142011
1714.5 0.08724418517778641
1715.5 0.10538467979049868
1716.5 0.12374178703729427
1717.5 0.14685525392303903
1718.5 0.17597515678455178
1719.5 0.19669903281255657
1720.5 0.2303383645951336
1721.5 0.26272440708636413
1722.5 0.2975520675282773
1723.5 0.3251275671285871
1724.5 0.34373742974467175
1725.5 0.37073191261959765
1726.5 0.37993084344934974
1727.5 0.38621445842714086
1728.5 0.3963347201885194
1729.5 0.4027178271838654
1730.5 0.4023247147029064
1731.5 0.41904467610681984
1732.5 0.42222235191449675
1733.5 0.42889163754961807
1734.5 0.4373050577760123
1735.5 0.44556980307114374
1736.5 0.4548646516311364
1737.5 0.46900459081484625
1738.5 0.46941491313054695
1739.5 0.4777337471113623
1740.5 0.4865830897711145
1741.5 0.4863007571973126
1742.5 0.49887525653506964
1743.5 0.5034704506401557
1744.5 0.49574741152924345
1745.5 0.5061205658297705
1746.5 0.5039544296118832
1747.5 0.5016325637622133
1748.5 0.5012606902398682
1749.5 0.49390044293417235
1750.5 0.5156256383341986
1751.5 0.503022797761173
1752.5 0.5051293375578342
1753.5 0.5028842365739508
1754.5 0.5045392181584494
1755.5 0.5044085824687974
1756.5 0.5137140634378209
1757.5 0.5104226328064356
1758.5 0.5123593272184691
1759.5 0.5081967782499425
1760.5 0.5119556987091647
1761.5 0.516646176967242
1762.5 0.5155446296045186
1763.5 0.5145443138453952
1764.5 0.5063862558682967
1765.5 0.512336733466618
1766.5 0.5199661162089446
1767.5 0.5171662235130808
1768.5 0.5160781326050293
1769.5 0.5077944344880013
1770.5 0.5121456397835664
1771.5 0.5182716620588713
1772.5 0.5109134502357301
1773.5 0.5037799925100811
1774.5 0.5086627763206171
1775.5 0.5073372964663861
1776.5 0.5011970266769709
1777.5 0.5139202736710654
1778.5 0.4976356799125947
1779.5 0.5083971506852066
1780.5 0.5067649660125682
1781.5 0.5020767932805719
1782.5 0.4986942743684287
1783.5 0.5035987788438034
1784.5 0.5059124733111814
1785.5 0.5014691833532992
1786.5 0.49409669670803086
1787.5 0.4960689628342975
1788.5 0.5028891343126636
1789.5 0.4929912736549045
1790.5 0.4933181292788563
1791.5 0.49178760551775996
1792.5 0.49391873407480386
1793.5 0.49403579526304414
1794.5 0.48423405227624494
1795.5 0.49528849249954665
1796.5 0.4920495477501514
1797.5 0.4872972861422412
1798.5 0.4859811158831202
1799.5 0.4928751195409254
1800.5 0.4928539138202199
1801.5 0.4922881276427443
1802.5 0.4989889799474553
1803.5 0.49539246814003624
1804.5 0.4869585910605578
1805.5 0.4929303337348042
1806.5 0.5012103855020331
1807.5 0.5114073076422052
1808.5 0.503217626136915
1809.5 0.5064124956305925
1810.5 0.5099158954710905
1811.5 0.5111917394620314
1812.5 0.5055365545604749
1813.5 0.5156407146647879
1814.5 0.5062338090662726
1815.5 0.5151615321963506
1816.5 0.5173248388476828
1817.5 0.518973939244752
1818.5 0.5143681878514779
1819.5 0.5283457592705902
1820.5 0.5193555220507757
1821.5 0.5191272810572647
1822.5 0.5207805215329919
1823.5 0.5236217967183958
1824.5 0.5207969988846181
1825.5 0.5203421174702376
1826.5 0.5272342012957234
1827.5 0.5202919215934665
1828.5 0.5203560558047687
1829.5 0.5184549918610538
1830.5 0.5171257097630215
1831.5 0.5341753750088987
1832.5 0.5187010787772464
1833.5 0.5155895852584021
1834.5 0.5255516362653658
1835.5 0.5155056985069407
1836.5 0.520437513096049
1837.5 0.5194253899280477
1838.5 0.5127545336208479
1839.5 0.5154100971035531
1840.5 0.5174249331243046
1841.5 0.5111539283640468
1842.5 0.5121502701470584
1843.5 0.5179659213093358
1844.5 0.5074100585712473
1845.5 0.5124852433607086
1846.5 0.5004379192253309
1847.5 0.5120168855490874
1848.5 0.5037182984658709
1849.5 0.5052419629554588
1850.5 0.5039543974394045
1851.5 0.5015677089220218
1852.5 0.4990340522068959
1853.5 0.5002745837310433
1854.5 0.49454090686536684
1855.5 0.49589400989196736
1856.5 0.5004400799937396
1857.5 0.49828672328104234
1858.5 0.5003647946049288
1859.5 0.5020504299273458
1860.5 0.49891501176568176
1861.5 0.4991856482795386
1862.5 0.4996256934569127
1863.5 0.49894321284067483
1864.5 0.5046384843735314
1865.5 0.5043650380079577
1866.5 0.5091270857182961
1867.5 0.5103071243256018
1868.5 0.5126161991584939
1869.5 0.5159005650366751
1870.5 0.5182725030633897
1871.5 0.5131295940562386
1872.5 0.5200115872016248
1873.5 0.5225384519247335
1874.5 0.5287954541732495
1875.5 0.5308884206010944
1876.5 0.5197386267218429
1877.5 0.533817392764706
1878.5 0.526041354999672
1879.5 0.5305143461820091
1880.5 0.5273292057141387
1881.5 0.5304682094230904
1882.5 0.529792327700041
1883.5 0.5291134598742259
1884.5 0.5321894916746543
1885.5 0.5278104116604495
1886.5 0.5276489530844009
1887.5 0.5343139107859841
1888.5 0.5264719209809468
1889.5 0.5293748135332613
1890.5 0.5251980856091361
1891.5 0.5241032208305244
1892.5 0.5318900128890034
1893.5 0.521292047985414
1894.5 0.5217531343392081
1895.5 0.5230923893596444
1896.5 0.5200678483117478
1897.5 0.5247669149662575
1898.5 0.518779357336453
1899.5 0.5135083086674512
1900.5 0.5170595887158665
1901.5 0.5177736555611628
1902.5 0.5136002393444616
1903.5 0.5054627911197835
1904.5 0.515493763543069
1905.5 0.5064686034164732
1906.5 0.5095918258480899
1907.5 0.5026253790412099
1908.5 0.5125510446427439
1909.5 0.5105585555610966
1910.5 0.5041070575650798
1911.5 0.5104884602008863
1912.5 0.5028176560778348
1913.5 0.5042063764016042
1914.5 0.5025098343512947
1915.5 0.5074312689105206
1916.5 0.5108894806324924
1917.5 0.5072918046483609
1918.5 0.505307106697362
1919.5 0.5109121584046732
1920.5 0.5041381079918722
1921.5 0.5168681450388093
1922.5 0.5110849517269397
1923.5 0.5122640681032388
1924.5 0.5125479228896677
1925.5 0.5185201747756099
1926.5 0.5155010093876405
1927.5 0.5197425608779876
1928.5 0.5210231926523277
1929.5 0.5266795040187199
1930.5 0.5195629978609473
1931.5 0.5284329826542415
1932.5 0.5133150081705385
1933.5 0.5295414871140489
1934.5 0.5306377517855829
1935.5 0.519126739965093
1936.5 0.5268452457268533
1937.5 0.5193455072370707
1938.5 0.5299227079651043
1939.5 0.5266627328688163
1940.5 0.5223166132365951
1941.5 0.5261976748903718
1942.5 0.5188212661925322
1943.5 0.5318690428748495
1944.5 0.5272564183863414
1945.5 0.5335984304753891
1946.5 0.5288160627546663
1947.5 0.5251300393913645
1948.5 0.5307705569507012
1949.5 0.5278708755022244
1950.5 0.5231095774442343
1951.5 0.5335464092849993
1952.5 0.526267562464134
1953.5 0.5156959933323907
1954.5 0.5222610513884545
1955.5 0.5099303614605368
1956.5 0.5029525633463462
1957.5 0.48879380282128293
1958.5 0.4693623477837101
1959.5 0.45882362505335345
1960.5 0.43427926114655935
1961.5 0.41794159307030715
1962.5 0.4003030884592952
1963.5 0.372644940501464
1964.5 0.3455783116154373
1965.5 0.3194945587272161
1966.5 0.2974664078357505
1967.5 0.2677337260677894
1968.5 0.24759113480268502
1969.5 0.2219630071190711
1970.5 0.20056710802105315
1971.5 0.18094274972961094
1972.5 0.16266990290956135
1973.5 0.14818347603868381
1974.5 0.13164033535546207
1975.5 0.1185956172914312
1976.5 0.11111618890505927
1977.5 0.09755078507604535
1978.5 0.09047638012207272
1979.5 0.08156924065345543
1980.5 0.07380937585710569
1981.5 0.06635263928527284
1982.5 0.05979919009081108
1983.5 0.052235224870149546
1984.5 0.04753602619039379
1985.5 0.04171796290282241
1986.5 0.03622132923101926
1987.5 0.030938574992708
1988.5 0.02819121115828672
1989.5 0.023787139680852578
1990.5 0.02157723114294004
1991.5 0.018507174185168666
1992.5 0.016214213914062345
1993.5 0.01409130441901394
1994.5 0.012243177385474611
1995.5 0.010725614511385578
1996.5 0.009067479951957816
1997.5 0.008329909349793658
1998.5 0.007002432555691982
1999.5 0.006289002731268384
2000.5000000000002 0.005531369994559202
2001.5 0.004976220078382119
2002.5 0.004293226716073208
2003.4999999999998 0.0038219133616845774
2004.5000000000002 0.0034175667279898983
2005.5 0.0030285775447598685
2006.5 0.0026665064874754206
2007.4999999999998 0.0023891385111950215
2008.5000000000002 0.0021036407907699625
2009.5 0.0019338442251898395
2010.5 0.0016999050168781545
2011.4999999999998 0.001551619999952665
2012.5000000000002 0.00139575219774667
2013.5 0.0012466131346032467
2014.5 0.0011314266907715875
2015.4999999999998 0.0010000071759199945
2016.5000000000002 0.0009480760818098687
2017.5 0.0008629239305156394
2018.5 0.0007698482905659892
2019.4999999999998 0.000693762926424005
2020.5000000000002 0.0006498309792460724
2021.5 0.0005855816154996015
2022.5 0.0005421542781142009
2023.4999999999998 0.0004995244965527637
2024.5000000000002 0.0004612391816574095
2025.5 0.00041301759219922006
2026.5 0.00038970304961232036
2027.4999999999998 0.00035688936337938116
2028.5000000000002 0.00033555479981803315
2029.5 0.00031275073216403305
2030.5 0.00029360910928822275
2031.4999999999998 0.00026579947959216074
2032.5000000000002 0.0002589169827504104
2033.5 0.0002355658319631776
2034.5 0.00022100716338476704
2035.4999999999998 0.00020217756837843172
2036.5000000000002 0.000195626576834064
2037.5 0.0001773566051984595
2038.5 0.00016458122222556747
2039.4999999999998 0.00015574694653819785
2040.5000000000002 0.00015369501558855434
2041.5 0.0001456578869389046
2042.5 0.00013466961078828932
2043.4999999999998 0.00012615188662754525
2044.5000000000002 0.00012179170410734781
2045.5 0.00010678434871896638
2046.5 9.92554554336875e-05
2047.4999999999998 9.343186874958103e-05
2048.5 9.280876422639921e-05
2049.5 7.866205283532318e-05
2050.5 7.960070312581255e-05
2051.5 7.652262748452534e-05
2052.5 6.607637056734033e-05
2053.5 6.068400416056996e-05
2054.5 6.523309994980762e-05
2055.5 5.2805729245158936e-05
2056.5 5.7407238765251576e-05
2057.5 5.578327004952914e-05
2058.5 3.662675997309865e-05
2059.5 4.1480728406419345e-05
2060.5 4.444844165135846e-05
2061.5 3.9927382824623976e-05
2062.5 4.22964041342351e-05
2063.5 3.99563340069148e-05
2064.5 1.814962301877913e-05
2065.5 3.4553385877482466e-05
2066.5 3.226622947535866e-05
2067.5 2.6759602021749678e-05
2068.5 1.9580347453421038e-05
2069.5 2.401260938858253e-05
2070.5 2.4633729387954368e-05
2071.5 2.3337800650610288e-05
2072.5 1.2484335518838445e-05
2073.5 1.5954649778287027e-05
2074.5 1.1403612668079485e-05
2075.5 1.3566206841241912e-05
2076.5 3.990064485933814e-06
2077.5 1.8208438531467513e-05
2078.5 1.9999790947242214e-05
2079.5 1.3695868767747194e-05
2080.5 3.7131036418610645e-06
2081.5 1.152185052724293e-05
2082.5 1.092187794195905e-05
2083.5 1.2358316373999445e-05
2084.5 8.997969641628585e-06
2085.5 9.759138671743988e-06
2086.5 9.731627304779765e-06
2087.5 1.921316810096921e-06
2088.5 4.415349080547658e-06
2089.5 1.61088714388126e-05
2090.5 6.163463279536918e-06
2091.5 7.017714539788822e-06
2092.5 2.0490552216386794e-06
2093.5 1.0535453012130058e-05
2094.5 3.8288013183431834e-06
2095.5 3.069421950678548e-06
2096.5 6.824323007340724e-06
2097.5 6.406581170310209e-06
2098.5 5.565339387926051e-11
2099.5 1.0471796199209252e-05
2100.5 2.5575403090301244e-06
2101.4999999999995 0.0
2102.4999999999995 0.0
