# source: https://jwst-docs.stsci.edu/jwst-near-infrared-camera/nircam-instrumentation/nircam-filters 
# Wavelength(nm) Transmission(0-1)
1548.4000244140627 0.0
1549.4000244140627 0.0
1550.4000244140625 3.3526375737208783e-07
1551.4000244140625 4.7046963533544337e-07
1552.4000244140625 1.5401538905763127e-06
1553.4000244140625 7.201986648223029e-08
1554.4000244140625 3.2631245497390675e-07
1555.4000244140625 1.0565885869703561e-06
1556.4000244140625 7.616212686817339e-07
1557.4000244140625 8.945193149441858e-08
1558.4000244140625 1.2713941515617862e-06
1559.4000244140625 7.729898089485637e-07
1560.4000244140625 5.735821559210048e-07
1561.4000244140625 1.8632475257412063e-06
1562.4000244140625 9.503750468609528e-07
1563.4000244140625 1.0906728083389822e-06
1564.4000244140625 4.738930877189997e-11
1565.4000244140625 5.439710861838592e-07
1566.4000244140625 3.6788789355202815e-06
1567.4000244140625 3.129769816364128e-07
1568.4000244140625 4.254196288079448e-07
1569.4000244140625 1.3594354196549052e-06
1570.4000244140625 1.3523221685572864e-06
1571.4000244140625 1.1083032072978055e-06
1572.4000244140625 1.4002955664404654e-06
1573.4000244140625 5.031840243529858e-07
1574.4000244140625 4.4429880288798934e-07
1575.4000244140625 1.3941900469174057e-06
1576.4000244140625 1.7279679215472394e-06
1577.4000244140625 1.1703261529444826e-06
1578.4000244140625 6.391575532411407e-07
1579.4000244140625 1.6460394938115613e-06
1580.4000244140625 6.219633800422941e-07
1581.4000244140625 1.8781898267486715e-06
1582.4000244140625 1.148599109045353e-06
1583.4000244140625 4.728468958528679e-11
1584.4000244140625 1.6910006514847912e-06
1585.4000244140625 3.4313016960789554e-07
1586.4000244140625 4.7172614186964855e-07
1587.4000244140625 1.545396573761961e-06
1588.4000244140625 1.9878758687477808e-06
1589.4000244140625 1.461286688783453e-06
1590.4000244140625 1.705030437176976e-06
1591.4000244140625 2.422119610882187e-06
1592.4000244140625 2.642177209324964e-06
1593.4000244140625 2.891713441407268e-06
1594.4000244140625 3.933780616453425e-06
1595.4000244140625 7.252624556547557e-06
1596.4000244140625 7.511809346375272e-06
1597.4000244140625 9.445929523647282e-06
1598.4000244140625 1.1114534298899531e-05
1599.4000244140625 1.542879187873468e-05
1600.4000244140625 1.76915575281121e-05
1601.4000244140625 1.9740405363063426e-05
1602.4000244140625 2.586804917029562e-05
1603.4000244140625 3.2560309787594706e-05
1604.4000244140625 3.884521878753056e-05
1605.4000244140625 4.832078714078401e-05
1606.4000244140625 6.117625506499105e-05
1607.4000244140625 7.990909932983827e-05
1608.4000244140625 0.00010344702394816175
1609.4000244140625 0.00014157317841254102
1610.4000244140625 0.00019351218518722364
1611.4000244140625 0.00030284801647494493
1612.4000244140625 0.00041946048878035384
1613.4000244140625 0.0006788706497913586
1614.4000244140625 0.0011088045258060876
1615.4000244140625 0.0019484456840312856
1616.4000244140625 0.0031992369848095796
1617.4000244140625 0.005248917647922653
1618.4000244140625 0.008799611632230411
1619.4000244140625 0.011556332200106286
1620.4000244140625 0.014066608219347045
1621.4000244140625 0.016441119241435622
1622.4000244140625 0.020180272631259343
1623.4000244140625 0.022670204224456585
1624.4000244140625 0.02206161643141012
1625.4000244140625 0.02700955175354635
1626.4000244140625 0.03100923078956733
1627.4000244140625 0.03845601605050191
1628.4000244140625 0.04039724370801959
1629.4000244140625 0.051616968561786235
1630.4000244140625 0.06548117502232065
1631.4000244140625 0.07814739234748037
1632.4000244140625 0.10077576884177017
1633.4000244140625 0.13124018006433658
1634.4000244140625 0.17604454768229263
1635.4000244140625 0.23332084077793727
1636.4000244140625 0.2973573605727594
1637.4000244140625 0.36726386467098965
1638.4000244140625 0.4045644145801745
1639.4000244140625 0.4340574960026344
1640.4000244140625 0.4588862636920206
1641.4000244140625 0.45716333809286164
1642.4000244140625 0.4557807811813126
1643.4000244140625 0.4531799937410754
1644.4000244140625 0.4577012926204882
1645.4000244140625 0.46758243971065394
1646.4000244140625 0.46029007858801807
1647.4000244140625 0.4524476117367713
1648.4000244140625 0.45304901661440367
1649.4000244140625 0.4156328059463269
1650.4000244140625 0.39285370336135683
1651.4000244140625 0.3436945302642116
1652.4000244140625 0.29225072181390394
1653.4000244140625 0.22710997945277622
1654.4000244140625 0.1802975187307837
1655.4000244140625 0.14373274700566468
1656.4000244140625 0.10933419231061722
1657.4000244140625 0.08930433071546541
1658.4000244140625 0.0720718440415951
1659.4000244140625 0.06115362415110425
1660.4000244140625 0.054424638790585345
1661.4000244140625 0.04688075184967357
1662.4000244140625 0.03754379516335026
1663.4000244140625 0.031873737773187805
1664.4000244140625 0.031956084278018895
1665.4000244140625 0.026825602372419793
1666.4000244140625 0.02336008437378521
1667.4000244140625 0.019353916737296945
1668.4000244140625 0.014162354893675134
1669.4000244140625 0.011333877905341147
1670.4000244140625 0.007603630128998466
1671.4000244140625 0.005360787152662593
1672.4000244140625 0.003203004718161733
1673.4000244140625 0.0019755452367142103
1674.4000244140625 0.0012002716690408743
1675.4000244140625 0.0006788343195668656
1676.4000244140625 0.0004653223659388257
1677.4000244140625 0.0003042671948840888
1678.4000244140625 0.00023135867020644663
1679.4000244140625 0.000160858199236655
1680.4000244140625 0.00012380387854942537
1681.4000244140625 9.4996835609186e-05
1682.4000244140625 7.570687427202835e-05
1683.4000244140625 6.163531277065988e-05
1684.4000244140625 4.650797294765195e-05
1685.4000244140625 3.948654150233464e-05
1686.4000244140625 3.099061063604063e-05
1687.4000244140625 2.493329424997544e-05
1688.4000244140625 2.1024022786242603e-05
1689.4000244140625 1.675755210820554e-05
1690.4000244140625 1.0334686113477542e-05
1691.4000244140625 9.206493928847663e-06
1692.4000244140625 1.0364600019703745e-05
1693.4000244140625 5.56443942580464e-06
1694.4000244140625 5.981683388986055e-06
1695.4000244140625 3.910800269232875e-06
1696.4000244140625 4.931096101915688e-06
1697.4000244140625 3.8102757335171127e-07
1698.4000244140625 2.8290963316048367e-06
1699.4000244140625 1.6224307732121037e-06
1700.4000244140625 3.136313604552725e-06
1701.4000244140625 1.202050902586106e-06
1702.4000244140625 1.6487618202040314e-06
1703.4000244140625 2.2262853824327524e-06
1704.4000244140625 4.009432187587079e-06
1705.4000244140625 2.175148002553949e-06
1706.4000244140625 5.400222336516768e-07
1707.4000244140625 2.0672450303170427e-06
1708.4000244140625 1.0571084357687173e-06
1709.4000244140625 8.787324070011895e-07
1710.4000244140625 1.3785911860391158e-06
1711.4000244140625 8.241186073224225e-07
1712.4000244140625 2.837310612979927e-06
1713.4000244140625 2.0307574323025795e-06
1714.4000244140625 1.9086191521917473e-06
1715.4000244140625 1.4200109203735195e-06
1716.4000244140625 3.0804627516403447e-06
1717.4000244140625 7.832110238099005e-07
1718.4000244140625 2.8791510831816153e-06
1719.4000244140625 8.597726972333886e-07
1720.4000244140625 1.1710894202469946e-06
1721.4000244140625 4.392694437418258e-07
1722.4000244140625 1.3605950120152039e-06
1723.4000244140625 7.126913684468841e-07
1724.4000244140625 3.041785604413441e-06
1725.4000244140625 1.1458669402915183e-06
1726.4000244140625 8.034845756702166e-07
1727.4000244140625 1.1932546027398045e-07
1728.4000244140625 1.4672168049169355e-06
1729.4000244140625 1.6354596648497782e-06
1730.4000244140625 1.1184126378447222e-06
1731.4000244140625 5.075679205264409e-07
1732.4000244140625 2.022593563068161e-06
1733.4000244140625 6.779398867050475e-07
1734.4000244140625 2.582878354914142e-06
1735.4000244140625 2.335950674257376e-06
1736.4000244140625 7.240533105556285e-07
1737.4000244140625 1.1519528624352492e-06
1738.4000244140625 1.2768689321359218e-07
1739.4000244140625 9.522090265118063e-07
1740.4000244140625 6.972910178823613e-08
1741.4000244140625 2.5442286137916404e-06
1742.4000244140625 3.868575442662514e-08
1743.4000244140625 1.3687561141427561e-06
1744.4000244140625 1.8114579230107284e-06
1745.4000244140625 1.414022852802001e-06
1746.4000244140625 3.072063502727595e-06
1747.4000244140625 1.8761903636735147e-07
1748.4000244140625 1.2065935006382693e-06
1749.4000244140625 9.24045034260114e-07
1750.4000244140625 1.484187572671916e-06
1751.4000244140625 0.0
1752.4000244140623 0.0
